examples/night_lizards/data/train-rasters-2.5m/bclim18.asc
NCOLS 322 
NROWS 151 
XLLCORNER -122.75 
YLLCORNER 31.9166666666667 
CELLSIZE 0.0416666666666677 
NODATA_value -3.4e+38 
[rows 0 to 41 of 151, columns 188 to 281 of 322]
73 65 63 65 70 77 74 71 69 69 72 77 82 91 85 79 77 76 79 86 91 80 78 83 92 107 92 85 80 76 78 80 84 80 75 74 78 64 62 61 60 60 60 60 61 63 64 68 77 81 84 81 81 86 84 87 89 97 113 152 155 105 82 71 71 77 81 84 81 79 76 93 118 120 113 114 114 116 114 114 132 180 174 141 120 105 95 91 82 71 67 59 54 56
66 63 61 64 67 70 71 69 68 68 70 73 78 89 93 84 77 74 74 83 93 84 79 81 89 103 97 86 83 79 77 79 83 84 73 69 72 62 61 61 61 62 64 66 67 68 69 77 83 90 97 94 92 92 89 85 89 95 110 139 106 93 81 74 77 93 111 114 92 79 81 92 115 120 119 118 120 126 128 124 146 185 185 180 178 137 102 86 80 77 74 62 55 57
66 61 61 61 63 66 73 75 68 68 69 70 73 79 86 86 78 73 73 81 92 87 81 79 82 89 94 91 85 78 76 80 78 78 76 69 64 62 62 62 62 68 74 74 77 85 83 83 89 94 100 105 93 84 82 88 92 95 104 105 102 91 88 84 88 103 127 115 96 84 81 87 99 116 125 126 132 136 136 131 178 185 183 183 148 129 105 91 85 78 73 64 57 60
66 62 60 59 61 67 72 88 73 67 67 69 71 74 78 83 80 74 75 83 95 89 84 79 80 84 91 92 87 78 74 77 73 76 76 65 63 62 62 63 63 72 74 74 82 85 83 83 84 91 93 91 79 78 85 92 97 106 103 98 94 86 97 100 107 130 130 114 102 91 84 91 114 123 131 136 139 139 143 145 181 181 142 144 177 141 118 94 84 79 73 61 58 59
65 63 59 58 59 63 71 92 79 69 67 67 69 70 74 76 79 76 80 85 94 94 85 81 80 84 86 80 80 78 75 69 69 68 68 62 62 63 64 63 64 66 69 75 83 80 80 79 85 88 83 78 75 79 98 95 103 98 100 97 88 84 99 119 156 161 126 117 103 95 88 98 123 136 131 135 137 136 134 142 170 138 119 120 126 126 111 93 87 84 80 65 60 63
70 62 58 58 58 62 69 84 82 72 69 66 66 69 71 72 71 75 80 90 99 94 86 83 86 92 85 76 72 73 69 67 67 64 64 63 63 63 64 65 65 65 69 75 75 75 75 77 85 86 76 74 76 85 96 105 102 97 94 90 83 86 99 119 156 131 124 114 106 98 93 104 129 166 140 139 138 129 116 119 117 116 104 98 101 97 90 84 76 73 74 73 61 67
65 62 58 58 58 65 71 84 86 76 75 71 66 66 68 69 69 73 79 87 93 98 88 83 83 78 73 68 67 66 65 65 64 64 64 64 63 63 65 65 65 68 68 70 72 72 72 78 81 76 73 75 82 93 107 105 111 104 93 87 84 88 100 111 124 129 119 113 100 94 94 114 140 170 135 135 137 114 102 101 98 92 93 88 81 81 78 78 71 70 74 76 64 65
64 60 57 57 57 64 70 86 95 76 69 71 70 68 66 67 70 73 80 84 87 88 85 80 76 70 67 66 66 65 65 65 64 64 64 64 65 65 66 66 67 68 68 68 69 70 74 77 74 75 76 78 92 99 104 116 107 98 91 86 86 89 102 115 128 123 122 109 99 94 97 116 163 170 123 108 115 99 92 91 85 82 82 80 77 71 72 73 66 69 74 76 67 57
62 59 57 57 58 62 67 78 83 70 66 66 66 67 66 68 72 75 82 82 80 81 85 79 71 68 67 66 66 65 65 65 65 65 64 66 65 65 67 67 68 71 70 69 69 72 79 75 75 78 80 91 107 114 117 122 110 100 94 88 88 91 98 113 124 117 115 105 97 95 101 112 129 133 115 96 94 92 85 91 78 78 74 73 72 67 67 72 62 66 73 76 69 57
63 58 57 57 59 61 66 70 70 66 63 63 61 66 68 70 77 82 87 85 78 77 77 72 70 69 67 67 66 66 66 65 65 65 66 66 68 68 69 69 71 74 71 69 69 71 75 77 82 93 93 106 120 155 128 121 119 103 96 91 90 91 103 107 119 115 107 100 96 97 106 114 129 109 97 92 87 81 78 77 80 74 71 67 67 65 63 67 63 63 68 73 75 64
64 59 57 57 59 64 66 69 70 66 62 61 61 63 68 72 77 84 84 79 77 74 72 73 70 69 68 68 67 67 67 67 66 67 69 75 74 72 71 70 71 76 71 71 71 74 83 96 100 110 106 115 154 157 127 117 109 109 105 98 95 91 100 107 111 107 103 101 97 101 107 121 142 122 100 91 85 79 75 71 75 72 68 65 63 62 59 61 63 64 65 68 70 67
63 59 58 58 61 68 68 71 78 70 63 61 63 65 70 74 80 82 79 77 74 73 74 72 70 68 68 68 68 67 67 67 68 68 79 86 81 77 73 73 75 73 73 72 74 87 111 139 115 148 153 161 156 128 119 117 118 113 107 100 95 93 103 104 106 103 100 100 103 104 109 118 139 122 98 92 87 85 80 74 69 69 69 68 67 65 59 58 60 65 60 64 64 68
63 60 58 59 63 70 70 70 75 70 61 61 65 67 72 76 79 79 78 77 77 79 80 79 77 72 72 71 69 67 67 69 69 72 82 89 86 81 77 79 79 73 73 74 78 91 111 147 152 167 181 173 160 126 121 115 110 107 106 98 93 97 111 110 104 103 101 97 91 90 99 106 123 106 96 93 95 85 81 78 68 65 64 64 64 66 62 58 57 58 63 62 58 64
62 60 59 61 66 75 72 70 65 63 63 63 65 72 79 82 81 80 79 79 80 80 79 80 80 80 74 72 70 68 68 69 75 75 76 80 88 87 85 81 75 74 75 80 90 106 100 111 116 154 174 169 160 127 117 111 114 110 100 95 97 107 116 110 108 108 102 90 83 83 87 96 94 97 107 103 96 89 81 83 75 69 64 61 61 59 58 58 58 54 57 60 55 59
60 60 63 68 73 77 74 70 65 61 65 65 65 71 76 79 80 79 77 79 81 80 79 79 76 77 77 76 72 68 70 76 86 79 81 82 87 91 92 87 79 77 80 85 107 148 146 119 146 165 174 167 161 129 119 111 106 104 99 96 104 118 122 115 114 110 100 86 80 83 82 85 90 99 112 108 98 90 89 89 87 83 71 64 62 59 59 64 61 54 53 55 55 58
59 62 66 74 81 79 74 67 63 67 72 71 69 71 75 76 74 75 76 79 79 81 83 81 80 75 79 73 71 73 78 80 88 85 89 88 92 98 104 99 82 80 86 109 148 154 145 152 148 160 167 162 157 129 122 114 107 101 97 101 112 127 121 116 113 99 90 84 78 77 79 83 90 96 95 93 94 92 84 85 80 76 71 64 60 59 57 57 56 54 53 53 53 57
59 61 66 77 87 81 74 63 67 76 77 75 75 74 74 74 73 74 76 74 74 78 85 86 79 79 89 80 78 81 84 81 88 88 91 103 105 92 88 87 81 82 99 136 154 148 143 116 112 120 157 157 131 126 119 112 107 102 102 108 122 127 118 118 105 95 90 83 76 75 77 77 81 85 87 81 86 91 85 80 78 76 76 72 71 62 59 60 60 56 56 52 50 51
59 60 66 74 85 81 74 67 63 77 83 81 76 76 76 76 75 76 76 80 72 74 82 88 85 81 79 82 86 86 80 86 96 96 98 107 115 97 82 79 78 88 106 101 139 148 136 112 106 115 112 112 124 124 116 111 107 102 107 110 117 126 123 123 112 96 87 82 77 73 73 77 80 81 80 76 82 83 80 79 82 76 74 78 79 78 64 56 53 52 52 52 51 48
57 59 63 73 76 81 74 70 62 88 95 77 76 77 78 78 80 77 77 78 69 66 72 82 81 76 77 74 74 74 76 79 90 98 98 109 144 115 90 78 79 89 97 95 136 109 110 94 101 110 100 100 114 121 114 105 100 98 97 104 121 126 124 116 101 94 89 87 79 76 81 77 80 77 75 72 73 76 73 73 75 76 74 75 73 73 78 69 55 52 48 49 49 48
57 59 63 73 81 80 73 68 59 66 87 73 68 75 82 82 82 75 69 69 66 62 63 67 69 76 80 72 65 66 71 78 90 94 100 144 153 98 86 79 80 81 89 106 136 103 94 89 96 93 94 101 105 107 105 95 96 100 93 98 114 110 108 100 94 89 92 92 82 73 82 76 79 76 69 70 70 71 72 69 68 69 69 73 70 67 72 80 72 55 52 48 49 49
57 60 66 74 102 94 71 63 55 54 66 66 63 70 78 86 103 75 64 67 63 59 57 61 76 74 69 63 60 63 68 83 103 140 142 149 136 86 78 72 80 81 89 95 104 100 91 87 89 89 98 103 97 96 96 89 94 96 91 93 95 93 94 93 89 88 86 85 80 72 74 73 75 73 71 69 73 74 74 73 66 60 64 66 71 71 63 77 87 79 63 51 46 46
58 62 68 93 93 88 80 60 59 60 54 55 58 68 77 73 70 65 60 61 59 55 53 57 63 63 61 57 58 64 70 81 91 128 139 93 86 78 68 71 76 85 80 86 90 92 95 85 89 96 107 100 94 88 89 85 90 89 89 92 90 86 87 86 85 90 85 83 75 74 71 71 70 75 74 68 74 74 73 71 65 61 59 60 65 65 60 68 73 82 88 65 49 45
68 66 85 92 78 71 55 55 63 57 47 52 59 70 72 65 62 60 55 55 52 52 50 54 55 57 55 54 62 67 68 70 83 82 81 75 72 64 60 63 72 83 74 78 84 90 92 87 93 96 97 91 86 82 81 91 90 87 90 88 85 84 86 90 90 81 79 80 80 76 68 70 68 70 71 63 67 71 68 61 60 64 60 55 60 59 51 58 51 57 79 88 71 52
78 78 83 75 64 49 51 72 56 51 43 49 56 64 64 59 57 56 57 52 49 49 47 54 62 60 54 55 65 67 56 66 71 69 68 62 55 55 55 57 69 69 71 77 80 86 83 87 88 88 86 84 83 80 84 96 86 86 90 89 86 84 87 93 93 83 81 80 82 70 66 65 69 66 67 64 62 64 64 59 57 60 62 57 53 56 47 48 55 45 61 82 83 78
78 73 74 62 46 46 56 54 49 47 41 46 54 56 54 52 54 54 52 49 48 46 49 58 77 76 58 49 47 52 50 55 56 53 55 52 48 48 53 60 62 63 67 71 73 79 81 82 82 81 81 80 80 81 86 87 82 80 82 82 80 82 87 91 86 86 81 75 73 70 68 65 68 63 62 62 58 60 60 58 57 56 57 61 52 47 46 47 51 44 50 58 69 80
75 69 64 45 43 51 49 48 46 43 39 43 48 48 48 48 50 53 53 49 46 43 49 62 103 82 63 53 48 44 43 47 48 46 46 45 46 53 57 67 71 77 77 73 73 76 77 83 87 85 82 84 86 85 86 85 80 80 82 80 80 82 81 80 87 82 75 72 72 74 68 62 62 61 58 57 57 54 60 61 58 51 49 53 55 51 47 45 50 44 45 48 50 54
61 61 44 41 49 68 47 47 41 41 41 45 48 45 46 46 50 50 53 48 43 41 48 58 73 72 73 63 52 46 43 43 43 41 45 47 50 52 60 71 75 79 81 82 82 87 84 94 89 89 88 91 93 90 88 86 81 80 83 84 78 78 81 84 84 79 74 74 74 76 68 60 58 60 58 58 56 53 54 58 58 53 48 49 51 47 46 44 48 44 44 42 42 42
46 43 41 48 50 45 43 41 39 41 48 53 52 48 43 47 48 48 47 43 41 40 43 48 53 63 80 67 53 44 42 41 42 42 46 54 62 58 62 78 89 85 82 81 85 95 99 91 91 91 89 92 95 95 90 86 82 78 82 86 79 76 79 80 77 77 79 81 81 71 68 66 61 60 62 63 62 57 52 51 49 49 48 46 48 46 43 43 41 45 48 47 44 50
38 40 52 52 43 41 37 37 43 52 65 69 60 53 43 42 43 43 42 42 40 38 39 41 44 57 67 64 57 44 40 41 42 42 46 49 52 54 57 73 79 77 79 79 79 83 90 89 91 87 84 86 87 98 85 80 77 73 74 75 72 73 74 75 74 75 83 87 85 69 68 64 63 61 65 64 64 66 55 51 49 48 47 45 45 46 43 43 43 44 48 54 50 56
36 43 56 47 41 37 34 39 50 85 96 90 57 50 45 42 40 40 40 40 37 37 36 37 37 47 49 47 47 47 44 44 44 46 47 49 54 52 64 72 72 75 79 80 79 80 83 86 86 84 91 91 85 85 75 73 71 70 72 75 72 71 72 73 75 81 88 90 82 73 72 70 69 66 64 60 69 69 60 55 51 50 46 45 45 46 46 46 44 44 45 48 56 61
34 43 50 45 39 35 33 38 47 76 93 93 63 51 52 42 38 37 37 37 37 37 37 35 35 43 42 49 61 55 51 52 49 53 56 60 60 62 74 74 74 77 81 83 82 79 79 79 82 84 94 89 84 75 73 70 70 71 70 70 70 71 73 75 80 90 92 92 80 77 80 77 77 75 72 71 67 62 58 55 51 50 48 48 48 49 46 47 48 46 46 47 50 58
34 45 45 45 40 33 33 37 44 51 60 63 53 51 51 42 37 36 35 37 36 37 36 35 35 53 59 70 75 60 68 70 59 71 66 66 70 73 79 77 76 77 78 80 80 80 79 79 81 83 90 83 75 72 71 69 69 69 70 71 73 75 78 80 87 96 96 97 85 82 82 84 82 82 79 80 80 79 60 53 53 49 50 49 49 51 51 47 46 48 49 49 51 51
32 41 44 42 38 33 33 35 39 44 54 55 45 43 42 38 36 34 36 34 34 35 34 35 43 73 75 86 90 76 72 79 73 82 79 72 70 68 81 80 77 78 79 80 80 80 80 79 78 76 76 73 72 71 69 69 69 71 73 75 78 80 82 89 97 104 102 104 90 87 87 89 89 87 84 86 84 79 56 48 50 53 53 53 52 53 56 53 46 45 47 46 47 48
31 35 36 37 36 33 30 33 36 39 43 39 38 38 38 36 36 32 35 32 32 33 34 40 55 110 104 118 113 78 85 92 84 90 82 74 72 69 76 83 81 79 79 80 80 81 81 81 80 78 73 72 71 71 69 69 71 74 77 79 82 86 90 103 110 112 112 104 87 96 94 94 92 90 90 93 80 59 49 52 55 56 57 59 58 55 58 56 50 50 53 56 54 52
32 31 31 33 32 30 30 30 34 36 38 35 34 35 36 36 33 31 32 33 34 35 36 51 97 118 121 105 110 81 103 108 84 82 80 76 73 71 71 85 83 82 80 80 81 82 84 86 84 80 75 73 71 71 71 71 75 78 80 82 86 90 99 117 121 120 116 100 81 91 97 99 94 93 97 79 60 51 50 57 64 64 64 63 60 59 58 59 55 51 52 57 58 59
36 35 32 33 30 29 30 29 31 34 34 34 34 33 33 31 31 33 36 38 40 40 45 61 98 103 96 91 95 98 101 81 80 84 82 79 76 74 72 82 87 85 82 81 82 82 83 86 81 78 75 74 74 74 73 73 78 80 82 87 90 97 112 125 129 127 121 103 85 74 72 69 79 94 86 58 53 53 53 67 68 65 66 66 64 61 60 61 59 55 53 56 58 59
43 44 37 35 32 28 29 28 29 31 33 33 33 32 30 29 36 41 46 51 54 54 66 69 86 91 87 71 70 97 98 98 81 84 84 84 79 76 76 76 88 89 85 83 83 82 82 82 80 79 76 76 76 77 73 78 79 85 90 92 96 103 125 130 135 136 129 102 95 75 69 67 66 66 61 57 55 57 61 74 72 68 67 67 68 66 61 61 61 58 56 57 58 60
46 44 37 35 30 29 29 29 29 29 29 31 33 32 29 33 41 49 60 97 102 93 86 63 66 85 91 66 71 91 99 100 103 103 103 85 82 80 78 78 107 107 87 85 84 84 84 84 82 81 81 79 76 79 75 72 83 88 93 98 104 114 130 137 139 141 132 109 102 83 71 66 63 61 60 57 60 61 63 76 76 72 68 67 68 68 64 60 61 59 56 58 60 62
44 41 35 32 30 30 30 33 33 30 29 30 32 31 29 35 42 50 90 116 107 84 63 58 65 83 82 68 92 94 101 104 105 105 104 102 101 82 81 84 113 111 111 109 87 86 86 86 85 84 82 83 81 76 76 74 88 91 97 104 113 122 133 139 141 144 134 120 108 96 73 68 65 63 63 60 63 63 68 79 79 76 72 68 69 68 66 62 62 59 58 61 60 65
38 37 33 32 30 30 31 37 34 32 29 29 32 30 32 39 39 44 62 93 101 62 60 59 57 60 75 62 96 102 106 108 107 107 107 105 104 103 108 118 116 112 112 111 92 90 89 90 89 86 84 78 75 72 65 79 84 91 98 106 117 125 133 140 143 147 142 133 112 94 74 70 68 68 61 64 67 68 66 76 83 81 74 66 68 68 70 68 67 65 63 65 65 73
32 31 32 31 31 31 33 39 34 32 30 29 30 30 32 34 39 42 49 57 85 59 57 55 54 54 55 62 82 94 106 112 111 111 108 107 107 104 117 122 120 117 114 114 113 113 111 94 92 89 89 87 88 82 65 77 70 88 101 108 119 128 134 162 165 149 147 141 120 100 77 72 69 61 63 68 69 73 73 68 83 81 74 66 66 68 70 68 66 66 66 67 67 72
29 30 32 31 32 33 35 39 34 33 32 30 28 29 30 32 38 41 43 49 74 53 52 50 50 50 52 84 105 107 108 114 114 112 110 111 106 105 117 122 122 124 127 123 118 117 116 113 94 92 92 92 92 86 66 67 72 99 105 112 119 128 135 160 168 172 150 146 128 100 80 75 68 60 69 69 72 74 74 73 71 81 73 62 61 66 64 60 61 62 64 66 69 73
