examples/night_lizards/data/train-rasters-2.5m/bclim9.asc
NCOLS 322 
NROWS 151 
XLLCORNER -122.75 
YLLCORNER 31.9166666666667 
CELLSIZE 0.0416666666666677 
NODATA_value -3.4e+38 
[rows 84 to 104 of 151, columns 94 to 140 of 322]
22.3753337860107 22.4479999542236 22.0659999847412 22.1813335418701 21.3486671447754 20.6199989318848 20.1946659088135 20.7893333435059 21.6506671905518 22.8653335571289 23.7353324890137 24.9546661376953 25.8846664428711 26.1166667938232 26.0746669769287 23.5006675720215 23.5226669311523 23.558666229248 23.4379997253418 23.0699996948242 23.1573333740234 23.1833343505859 23.3139991760254 23.4873332977295 23.1733341217041 23.0460014343262 22.9759998321533 22.7473316192627 22.6966667175293 22.6306667327881 22.449333190918 22.6286659240723 23.21266746521 23.5793323516846 23.6493339538574 23.7700004577637 23.6206665039062 23.1146659851074 23.3113327026367 23.17799949646 22.9173336029053 22.6006660461426 22.3546676635742 23.0200004577637 23.3326663970947 22.6166667938232 22.4426670074463
21.0353336334229 22.2466659545898 22.457332611084 22.9346675872803 22.4986667633057 22.3819999694824 21.8653335571289 22.3280010223389 22.1673336029053 22.1299991607666 22.4099998474121 23.3099994659424 24.5740013122559 25.3413333892822 25.6646671295166 23.21266746521 23.4179992675781 23.5499992370605 23.3126659393311 22.7980003356934 23.07200050354 23.2646675109863 23.2906665802002 23.3400001525879 23.2800006866455 23.1000003814697 22.8946666717529 22.6193332672119 22.5580005645752 22.5986671447754 22.6933326721191 22.6946678161621 23.1173324584961 23.3693332672119 23.4406661987305 23.5346660614014 23.076000213623 22.4673328399658 22.9546661376953 23.0639991760254 22.8379993438721 22.5406665802002 22.3593330383301 23.3466663360596 23.3253326416016 22.2553329467773 21.4726657867432
21.8839988708496 22.9020004272461 22.7533340454102 22.9540004730225 23.3400001525879 22.7506656646729 22.9853343963623 22.7386665344238 22.6006660461426 23.1266670227051 22.9106674194336 22.6019992828369 23.279333114624 24.3619995117188 24.9300003051758 25.4073333740234 23.042667388916 23.3199996948242 23.2953338623047 22.8493328094482 22.970666885376 23.1753330230713 23.1506671905518 22.9246673583984 22.9433326721191 22.8680000305176 22.6226673126221 22.4166660308838 22.4473342895508 22.525333404541 22.681999206543 22.9126663208008 23.0639991760254 23.0606670379639 23.1246662139893 23.1479988098145 22.6126670837402 22.5393333435059 22.966667175293 23.1106662750244 22.8186664581299 22.6539993286133 21.7233333587646 22.2613334655762 23.6186676025391 23.3479995727539 23.0286674499512
22.5986671447754 23.1420001983643 22.7006664276123 23.0913333892822 23.6560001373291 23.5319995880127 23.449333190918 23.4846668243408 23.6146659851074 23.5193328857422 23.1520004272461 22.6326675415039 22.8500003814697 22.9699993133545 23.4580001831055 24.6933326721191 25.1733341217041 22.7439994812012 22.7940006256104 22.6626663208008 22.6446666717529 22.7726669311523 22.8413333892822 22.6300010681152 22.5653343200684 22.554666519165 22.2773323059082 22.0900001525879 22.318000793457 22.5026664733887 22.5786666870117 22.7059993743896 22.7133331298828 22.7093334197998 22.7959995269775 22.843334197998 22.8746662139893 22.6793346405029 22.7820014953613 23.0746669769287 22.5779991149902 22.6653347015381 22.4046669006348 21.8913326263428 23.2393341064453 24.058666229248 23.8640003204346
21.8593330383301 22.8453330993652 23.0920009613037 23.3040008544922 23.8600006103516 23.8740005493164 23.6686668395996 23.910665512085 23.7719993591309 23.9253330230713 23.9733333587646 24.068000793457 24.2200012207031 24.1213321685791 23.9186668395996 24.0060005187988 24.1420001983643 24.6760005950928 24.779333114624 22.2180004119873 22.2573337554932 22.3513336181641 22.4393329620361 22.283332824707 22.220666885376 22.1359996795654 21.9626655578613 21.8920001983643 22.0400009155273 22.2240009307861 22.2859992980957 22.3026657104492 22.3379993438721 22.4073333740234 22.4573345184326 22.5653343200684 22.6086673736572 22.5439987182617 22.5406665802002 22.8446674346924 22.9166660308838 22.2639999389648 21.9086685180664 22.0453338623047 23.3246669769287 23.7566661834717 23.8139991760254
22.1173324584961 22.7520008087158 22.9913330078125 23.4033336639404 23.8806667327881 24.0926666259766 24.0746650695801 24.2080001831055 24.3080005645752 24.3093338012695 24.3199996948242 24.3646659851074 24.4346675872803 24.3420009613037 24.2986679077148 24.5399990081787 24.2973346710205 23.941333770752 23.5606670379639 24.0353336334229 23.9419994354248 24.1806678771973 24.2199993133545 24.1266670227051 24.046667098999 23.9866676330566 23.9193325042725 23.9020004272461 24.0153331756592 24.220666885376 24.2953338623047 21.7366676330566 21.8339996337891 21.9559993743896 22.0446662902832 22.1206665039062 22.2660007476807 22.343334197998 22.4340000152588 22.6506671905518 22.8013343811035 22.5406665802002 21.9619998931885 22.8913326263428 23.3973331451416 23.5386657714844 23.507999420166
22.4273338317871 22.7853336334229 23.0326671600342 23.3899993896484 23.8000011444092 24.046667098999 24.257999420166 24.2959995269775 24.32200050354 24.3666667938232 24.3746681213379 24.0939998626709 23.7626667022705 23.9213333129883 24.0166664123535 23.9953327178955 23.6366672515869 23.2353324890137 22.7406673431396 23.1493339538574 23.0659999847412 22.7933330535889 23.2433319091797 23.2779998779297 23.0120010375977 22.7639999389648 22.7320003509521 22.9993343353271 23.224666595459 23.4546661376953 23.6493339538574 23.673999786377 23.7806663513184 23.9273338317871 24.1026668548584 24.2566680908203 21.8999996185303 22.1246681213379 22.3813323974609 22.3973331451416 22.3793334960938 22.550666809082 22.7679996490479 23.1299991607666 23.2413330078125 23.3339996337891 23.3479995727539
22.2299995422363 22.4553337097168 22.7026672363281 23.058666229248 23.3400001525879 23.6059989929199 23.9513339996338 24.0193328857422 23.9780006408691 23.941333770752 23.7193336486816 22.7779998779297 22.1566677093506 22.1593322753906 22.3446655273438 21.7586669921875 21.7153339385986 21.8126678466797 21.2986660003662 21.2133331298828 21.7973327636719 21.242000579834 20.4406661987305 20.7566680908203 21.0033340454102 20.4853324890137 19.9326667785645 20.0020008087158 21.257999420166 22.2846660614014 22.6226654052734 22.9213333129883 23.003999710083 23.2146663665771 23.5286674499512 23.8273334503174 21.4886665344238 21.7626667022705 21.9826679229736 23.8920001983643 23.9446659088135 23.6813335418701 23.3686676025391 24.2573337554932 22.1866664886475 22.4099998474121 22.5513324737549
22.0799999237061 22.1706657409668 22.5286674499512 22.7233333587646 22.6646671295166 22.6846675872803 23.2046661376953 23.2953338623047 23.0606670379639 22.7693328857422 22.7220001220703 22.4500007629395 21.9799995422363 21.6813335418701 21.3280010223389 21.0406665802002 21.5559997558594 21.8526668548584 21.32200050354 20.8826656341553 20.5573329925537 19.1306667327881 19.5160007476807 19.0426654815674 14.5220003128052 14.275333404541 19.4860000610352 15.2786664962769 15.7073335647583 20.3400001525879 21.4813327789307 22.2266674041748 22.3159999847412 22.5673332214355 23.046667098999 23.4986667633057 23.8013324737549 24.1093330383301 24.0580005645752 23.4186668395996 22.9219989776611 21.9593334197998 21.0393333435059 17.5986671447754 21.4300003051758 22.1493320465088 19.6486663818359
22.2506675720215 22.4479999542236 22.7180004119873 22.8646659851074 22.6786670684814 22.5493335723877 22.6399993896484 22.9053344726562 23.1520004272461 23.2853336334229 23.1733322143555 22.7746658325195 22.32200050354 22.4120006561279 22.003999710083 22.0033340454102 22.0906677246094 22.033332824707 21.8613338470459 21.1019992828369 20.9953327178955 19.8306674957275 20.6499996185303 20.3973331451416 19.1406669616699 19.8479995727539 20.4300003051758 18.6060009002686 13.2119998931885 18.8873329162598 20.6800003051758 21.6246662139893 22.1866664886475 22.2080001831055 22.4506664276123 22.9526672363281 23.2693328857422 23.300666809082 22.4853324890137 22.5386657714844 22.550666809082 21.2853336334229 20.1626663208008 16.3566665649414 15.7573328018188 15.28600025177 14.9353332519531
21.9039993286133 22.0699996948242 22.3913345336914 22.7726669311523 22.8899993896484 23.1973323822021 23.4139995574951 23.4386672973633 23.576000213623 23.7766666412354 23.7433338165283 23.181999206543 22.6613330841064 22.4306659698486 22.1753330230713 22.1793327331543 21.6000003814697 21.2000007629395 21.2306671142578 21.0839996337891 21.2186660766602 21.1306667327881 21.4419994354248 21.439998626709 21.318000793457 21.2893333435059 20.6760005950928 19.2666664123535 13.8719997406006 14.4273338317871 19.6113338470459 20.945333480835 21.6513328552246 21.8479995727539 21.6926670074463 21.8113327026367 21.6726665496826 21.4419994354248 20.681999206543 20.5226669311523 20.6606674194336 20.1093330383301 18.9873332977295 15.279333114624 14.2813339233398 14.3639993667603 14.3140001296997
21.6119995117188 21.8199996948242 22.1506671905518 22.5533332824707 23.0559997558594 23.5919990539551 23.8640003204346 23.7393321990967 23.5533332824707 23.5879993438721 23.6393337249756 23.3613338470459 22.9540004730225 22.7193336486816 22.67799949646 22.4293327331543 22.0939998626709 21.3866672515869 21.1019992828369 21.1940002441406 21.0726661682129 21.1706676483154 21.3673324584961 21.8400001525879 21.8133335113525 21.7173328399658 21.3360004425049 20.8153324127197 19.6340007781982 18.0620002746582 18.8886661529541 20.5120010375977 21.2633323669434 22.1333332061768 22.8126678466797 22.4659996032715 21.8333339691162 21.3213329315186 20.4286670684814 20.0480003356934 19.3233337402344 18.4139995574951 14.6346664428711 14.9933338165283 14.0573329925537 13.9013338088989 14.0193328857422
21.6833324432373 21.9373340606689 22.2080001831055 22.521333694458 22.8380012512207 23.1506652832031 23.1886672973633 22.9873332977295 22.7993335723877 22.8286666870117 22.8946666717529 22.8533325195312 22.8080005645752 22.7786674499512 22.8773345947266 22.9086666107178 23.1040000915527 22.9353332519531 22.4026660919189 22.242000579834 21.8079986572266 21.7026672363281 21.949333190918 22.0286674499512 21.7759990692139 21.7626667022705 21.4479999542236 21.5246658325195 21.4753341674805 21.4506664276123 21.6053333282471 21.8773345947266 22.1726665496826 23.1299991607666 23.8080005645752 24.267333984375 24.2299995422363 23.8613338470459 23.0733337402344 22.3413333892822 21.2240009307861 20.1246662139893 19.2959995269775 19.554666519165 18.6533336639404 18.0620002746582 15.2153329849243
21.3753337860107 21.6286659240723 21.763334274292 21.9680004119873 22.0753326416016 21.996000289917 21.8753337860107 21.8073329925537 21.8519992828369 21.8533325195312 21.8353328704834 22.0626659393311 22.4893341064453 22.7099990844727 23.029333114624 23.021333694458 23.1966667175293 23.3939990997314 23.5599994659424 23.5613327026367 23.4360008239746 23.2686672210693 23.3120002746582 23.1613330841064 22.7133331298828 22.5240001678467 22.5259990692139 22.7953338623047 23.0386657714844 23.2553329467773 23.4293327331543 23.6633338928223 23.9519996643066 24.1313323974609 24.3453330993652 24.5886669158936 24.8839988708496 25.0740013122559 24.6619987487793 23.8333339691162 22.9613342285156 22.2706661224365 21.9580001831055 20.8233337402344 18.7266674041748 13.5679998397827 11.9373331069946
20.5440006256104 20.656665802002 20.7153339385986 20.9113330841064 21.1286659240723 20.949333190918 20.8446655273438 20.8680000305176 21.007999420166 21 21.1986656188965 21.7253341674805 22.4013328552246 22.6926670074463 22.9140014648438 23.093334197998 23.2220001220703 23.423999786377 23.656665802002 23.7159996032715 23.6753349304199 23.7080001831055 23.7393341064453 23.5246658325195 23.318000793457 23.2880001068115 23.3373336791992 23.3953323364258 23.5240001678467 23.7466659545898 24.0106658935547 24.2193336486816 24.3106670379639 24.3920001983643 24.5066661834717 24.7259998321533 25.0779991149902 25.32200050354 25.2239990234375 24.8279991149902 24.304666519165 23.4766674041748 22.4406661987305 21.4046669006348 20.0726661682129 14.5086669921875 12.7626667022705
19.6399993896484 19.8653335571289 19.9933338165283 19.9726657867432 20.3120002746582 20.2819995880127 19.9373340606689 19.9426670074463 20.1259994506836 20.5906677246094 21.1026668548584 21.771333694458 22.5153331756592 22.9306659698486 23.1006660461426 23.2560005187988 23.3313331604004 23.4373321533203 23.4466667175293 23.4906673431396 23.5559997558594 23.6359996795654 23.4713325500488 23.0873336791992 23.0746669769287 23.3633346557617 23.5559997558594 23.5966663360596 23.6626663208008 23.8933334350586 24.1373329162598 24.3500003814697 24.4019985198975 24.3766670227051 24.560001373291 24.8439998626709 25.058666229248 24.9866676330566 24.808666229248 24.4820003509521 24.1380004882812 23.7180004119873 23.257999420166 22.7860012054443 21.0573329925537 15.7213335037231 14.2440004348755
18.7122802734375 18.9378776550293 19.1333332061768 19.1000003814697 19.3333320617676 19.25 18.7666664123535 19.1703701019287 19.7798614501953 20.6240005493164 21.2606658935547 21.9013328552246 22.5286674499512 22.9466667175293 23.2353324890137 23.3193340301514 23.3426666259766 23.2826671600342 23.0126667022705 22.7446670532227 22.9113330841064 23.2360000610352 23.2293338775635 23.0973320007324 22.8880004882812 22.9546661376953 23.3773345947266 23.5493335723877 23.5706672668457 23.7186660766602 23.8773326873779 24.1113338470459 24.1579990386963 24.1040000915527 24.3920001983643 24.699333190918 24.5839996337891 24.1999988555908 23.931999206543 23.9053325653076 23.7646656036377 23.8653335571289 23.808666229248 23.2820014953613 22.1453342437744 21.3159999847412 20.8193340301514
-3.4e+38 -3.4e+38 -3.4e+38 -3.4e+38 -3.4e+38 -3.4e+38 -3.4e+38 -3.4e+38 19.7111110687256 20.2999992370605 21.1199989318848 21.8339996337891 22.3939990997314 22.7679996490479 23.0120010375977 23.1513328552246 23.2093334197998 23.2146663665771 23.0580005645752 22.6426658630371 22.3299999237061 22.4006671905518 22.7026672363281 22.7233333587646 22.4013328552246 22.4193344116211 22.9406661987305 23.3053340911865 23.3886661529541 23.4926662445068 23.5873336791992 23.7013339996338 23.8806667327881 24.0446662902832 24.1919994354248 24.3660011291504 24.0593338012695 23.6700000762939 23.6399993896484 23.6686668395996 23.9046669006348 23.8513336181641 23.8493328094482 23.6866664886475 23.3339996337891 23.0126667022705 20.1573333740234
-3.4e+38 -3.4e+38 -3.4e+38 -3.4e+38 -3.4e+38 -3.4e+38 -3.4e+38 -3.4e+38 -3.4e+38 20.4523811340332 21.1546669006348 21.8253326416016 22.2900009155273 22.5026664733887 22.6633338928223 22.7566661834717 22.8320007324219 22.9360008239746 23.0106658935547 22.8840007781982 22.6366672515869 22.558666229248 22.6113338470459 22.507999420166 22.0400009155273 21.8619995117188 22.2159996032715 22.6086673736572 22.8633327484131 23.1180000305176 23.3933334350586 23.5873336791992 23.9680004119873 24.2266674041748 24.2159996032715 23.9806671142578 23.8500003814697 23.9853324890137 24.2080001831055 24.300666809082 24.4120006561279 24.2746658325195 24.0686664581299 23.8619995117188 23.8500003814697 24.0160007476807 21.5226669311523
-3.4e+38 -3.4e+38 -3.4e+38 -3.4e+38 -3.4e+38 -3.4e+38 -3.4e+38 -3.4e+38 -3.4e+38 20.3083343505859 20.6513900756836 21.4540004730225 22.1046657562256 22.2946662902832 22.3826675415039 22.4673328399658 22.6019992828369 22.6846656799316 22.7940006256104 22.8940010070801 22.6660003662109 22.4866676330566 22.533332824707 22.6793327331543 22.4080009460449 22.0380001068115 22.0286674499512 22.2526664733887 22.4160003662109 22.6660003662109 23.4740009307861 23.720666885376 23.9246673583984 23.9440002441406 23.8586673736572 23.7466659545898 23.7320003509521 24.1066665649414 24.3699989318848 24.3980007171631 24.4259986877441 24.8059997558594 24.6926670074463 24.3146667480469 24.058666229248 24.2059993743896 21.4759998321533
-3.4e+38 -3.4e+38 -3.4e+38 -3.4e+38 -3.4e+38 -3.4e+38 -3.4e+38 -3.4e+38 -3.4e+38 -3.4e+38 20.2344436645508 20.957332611084 21.7493343353271 21.9886665344238 22.1140003204346 22.1586666107178 22.2679996490479 22.3413333892822 22.4586658477783 22.6026668548584 22.6553325653076 22.6493339538574 22.7466678619385 22.8733329772949 22.5753326416016 22.1446666717529 21.978666305542 21.9093322753906 21.7980003356934 22.4433326721191 23.2700004577637 23.5880012512207 23.5186672210693 23.5380001068115 23.6613330841064 23.8333339691162 23.9373340606689 24.2586669921875 24.4346675872803 24.1660003662109 24.2933330535889 24.7826671600342 24.7706661224365 24.75 24.3393325805664 23.9739990234375 20.4160003662109
