examples/night_lizards/data/train-rasters-2.5m/bclim6.asc
NCOLS 322 
NROWS 151 
XLLCORNER -122.75 
YLLCORNER 31.9166666666667 
CELLSIZE 0.0416666666666677 
NODATA_value -3.4e+38 
[rows 126 to 146 of 151, columns 184 to 229 of 322]
4.98799991607666 4.94000005722046 5.20800018310547 5.69999980926514 5.91599988937378 5.97200012207031 6.16800022125244 6.19600009918213 6.30399990081787 6.61199998855591 7.15999984741211 7.43599987030029 7.50799989700317 7.52799987792969 7.44799995422363 7.21600008010864 6.55200004577637 6.32800006866455 6.26800012588501 6.00799989700317 5.92799997329712 5.95599985122681 6.01600027084351 6.11600017547607 6.19600009918213 6.37200021743774 6.17999982833862 5.7039999961853 5.05200004577637 4.58799982070923 4.35200023651123 4.34000015258789 4.43599987030029 4.48799991607666 4.50799989700317 4.48799991607666 4.33199977874756 4.00400018692017 3.81599998474121 3.66799998283386 3.65599989891052 3.8199999332428 4.06799983978271 4.36800003051758 4.50400018692017 4.61599969863892
5.10799980163574 5.0959997177124 5.02400016784668 5.33599996566772 5.86800003051758 6.58799982070923 7.13199996948242 7.12400007247925 6.90799999237061 6.60400009155273 7.03999996185303 7.41200017929077 7.60799980163574 7.79199981689453 7.54400014877319 7.18800020217896 6.41200017929077 6.0479998588562 6.09200000762939 6.00400018692017 5.84800004959106 5.62400007247925 5.57999992370605 5.63600015640259 5.68800020217896 6.02799987792969 6.22399997711182 5.67999982833862 4.94799995422363 4.48400020599365 4.2519998550415 4.12799978256226 4.13199996948242 4.12400007247925 3.94799995422363 3.79200005531311 3.64400005340576 3.4760000705719 3.38800001144409 3.57599997520447 3.90799999237061 4.18400001525879 4.36800003051758 4.58799982070923 4.65999984741211 4.69999980926514
5.03599977493286 5.20799970626831 5.19999980926514 5.22800016403198 5.7519998550415 6.73600006103516 7.6399998664856 7.78000020980835 7.33199977874756 6.71999979019165 6.89599990844727 7.56400012969971 8 8.01599979400635 7.34800004959106 6.80800008773804 6.3600001335144 6.16799974441528 6.18800020217896 6.13600015640259 5.83599996566772 5.47599983215332 5.35200023651123 5.40799999237061 5.41599988937378 5.39200019836426 5.30000019073486 4.95599985122681 4.51999998092651 4.19600009918213 4.03999996185303 3.85199999809265 3.75200009346008 3.64400005340576 3.42000007629395 3.48399996757507 3.6800000667572 3.74799990653992 3.87199997901917 4.00400018692017 4.06799983978271 4.22399997711182 4.39200019836426 4.62400007247925 4.80000019073486 4.69999980926514
4.78800010681152 5.13199996948242 5.35599994659424 5.36400032043457 5.72800016403198 6.51200008392334 7.32399988174438 7.76399993896484 7.5 6.87200021743774 6.95599985122681 7.25999975204468 7.30399990081787 7.30399990081787 7.36399984359741 7.28800010681152 6.81199979782104 6.69199991226196 7.06400012969971 7.23199987411499 7 6.38800001144409 6.00400018692017 5.71600008010864 5.34000015258789 5.1399998664856 4.83599996566772 4.36800003051758 3.92799997329712 3.7039999961853 3.65999984741211 3.59599995613098 3.60399985313416 3.7279999256134 3.8199999332428 3.91199994087219 3.98799991607666 4.25600004196167 4.50799989700317 4.3600001335144 4.21999979019165 4.20799970626831 4.35599994659424 4.53999996185303 4.71600008010864 4.5479998588562
4.56799983978271 4.75600004196167 5.16400003433228 5.47599983215332 5.58799982070923 5.91200017929077 6.53599977493286 6.91200017929077 6.96000003814697 6.92799997329712 7.06400012969971 6.91200017929077 6.5479998588562 6.49599981307983 7.19600009918213 7.5 7.20800018310547 7.10799980163574 7.45599985122681 7.63600015640259 7.45599985122681 7.23600006103516 6.64800024032593 5.81599998474121 5 4.52799987792969 4.13199996948242 3.60800004005432 3.22399997711182 3.10800004005432 3.44799995422363 3.8840000629425 3.76399993896484 3.67600011825562 3.81200003623962 3.94799995422363 4.00799989700317 4.28399991989136 4.65199995040894 4.67199993133545 4.34800004959106 4.2039999961853 4.26399993896484 4.44000005722046 4.51999998092651 4.43599987030029
4.74399995803833 4.80800008773804 4.96000003814697 5.36399984359741 5.57599973678589 5.58400011062622 5.84000015258789 6.38399982452393 6.89599990844727 6.82800006866455 7.00799989700317 6.7960000038147 6.17600011825562 5.89200019836426 6.22000026702881 6.52400016784668 6.91599988937378 6.80399990081787 6.67199993133545 7.2519998550415 7.37200021743774 6.98400020599365 6.00799989700317 4.84000015258789 4.11199998855591 3.81200003623962 3.43600010871887 3.06800007820129 2.97200012207031 3.06799983978271 3.46799993515015 4.2480001449585 4.34800004959106 3.87199997901917 3.83999991416931 3.79999995231628 3.84800004959106 4.04400014877319 4.26399993896484 4.39599990844727 4.4040002822876 4.33599996566772 4.34400033950806 4.33599996566772 4.27199983596802 4.12799978256226
4.87599992752075 4.99200010299683 5.0479998588562 5.31199979782104 5.62400007247925 5.68400001525879 5.6399998664856 5.94799995422363 6.43599987030029 6.50799989700317 6.98000001907349 6.96799993515015 6.28399991989136 5.92799997329712 5.91599988937378 6.07200002670288 6.67600011825562 6.7039999961853 6.18400001525879 5.90399980545044 5.95599985122681 5.52400016784668 4.8439998626709 4.31199979782104 4.06799983978271 3.91599988937378 3.64400005340576 3.27600002288818 3.13599991798401 3.18400001525879 3.44000005722046 4.2960000038147 5.01599979400635 4.51200008392334 3.98399996757507 3.84800004959106 3.8600001335144 3.98399996757507 4.10799980163574 4.25999975204468 4.72800016403198 4.90000009536743 4.69999980926514 4.46000003814697 4.30399990081787 4.22399997711182
4.94400024414062 5.18400001525879 5.32800006866455 5.42799997329712 5.61599969863892 5.73600006103516 5.61599969863892 5.7039999961853 5.91200017929077 6.02400016784668 6.27600002288818 6.46799993515015 6.07200002670288 5.78800010681152 5.77199983596802 5.86400032043457 6.22399997711182 6.84800004959106 6.55599975585938 5.57600021362305 5.21600008010864 4.83599996566772 4.49200010299683 4.23199987411499 4.11999988555908 4.23199987411499 4.23600006103516 3.63599991798401 3.34400010108948 3.40000009536743 3.48399996757507 3.97200012207031 4.83599996566772 5.38399982452393 4.44399976730347 4.10799980163574 3.96799993515015 3.98399996757507 3.97200012207031 4.19600009918213 4.94400024414062 5.77199983596802 5.46400022506714 4.76000022888184 4.52799987792969 4.92399978637695
5.07999992370605 5.22399997711182 5.34000015258789 5.38800001144409 5.52799987792969 5.56799983978271 5.46400022506714 5.44000005722046 5.57599973678589 5.60799980163574 5.56799983978271 5.66800022125244 5.53600025177002 5.49200010299683 5.55599975585938 5.62799978256226 5.81199979782104 6.73600006103516 6.7960000038147 5.93599987030029 5.22399997711182 4.89599990844727 4.7519998550415 4.37200021743774 4.15599966049194 4.3120002746582 4.47599983215332 3.86800003051758 3.60400009155273 3.59200000762939 3.51600003242493 3.63599991798401 4.38800001144409 5.31599998474121 5.56799983978271 4.82800006866455 4.32800006866455 4 3.92000007629395 4.10799980163574 4.66400003433228 5.67600011825562 5.88399982452393 5.09200000762939 4.61999988555908 4.92799997329712
5.19599962234497 5.19999980926514 5.28000020980835 5.43200016021729 5.48000001907349 5.32000017166138 5.19999980926514 5.28399991989136 5.27600002288818 5.18800020217896 5.09999990463257 5.11600017547607 5.22399997711182 5.21999979019165 5.22399997711182 5.30800008773804 5.42400026321411 6.44400024414062 6.97200012207031 6.69199991226196 6.11600017547607 5.36800003051758 4.73199987411499 4.32000017166138 4.21199989318848 4.7480001449585 5.01200008392334 4.3439998626709 3.91199994087219 3.75600004196167 3.66799998283386 3.59599995613098 3.74799990653992 4.23999977111816 4.78399991989136 4.85599994659424 4.69600009918213 4.55999994277954 4.12400007247925 4.05200004577637 4.27600002288818 4.80800008773804 5.14799976348877 4.78399991989136 4.49200010299683 4.98000001907349
5.15999984741211 5.19599962234497 5.26399993896484 5.38800001144409 5.28800010681152 5.13199996948242 5.37200021743774 5.62400007247925 5.24399995803833 4.94000005722046 4.96799993515015 5 5.17999982833862 5.15999984741211 5.01599979400635 5.00799989700317 5.09999990463257 5.79199981689453 6.57599973678589 6.59600019454956 6.30399990081787 5.69999980926514 4.46400022506714 4.02400016784668 4.09600019454956 5.06799983978271 5.60400009155273 4.7480001449585 4.09200000762939 3.83200001716614 3.80399990081787 3.6399998664856 3.46000003814697 3.51200008392334 3.69599986076355 4.06400012969971 4.6399998664856 5.20800018310547 4.55999994277954 4.21199989318848 4.17199993133545 4.55600023269653 4.98000001907349 4.73199987411499 4.38400030136108 5.11600017547607
5.09200000762939 5.0959997177124 5.14799976348877 5.17999982833862 5.11599969863892 5.21600008010864 5.75600004196167 6.08799982070923 5.56400012969971 5.10400009155273 5.0959997177124 5.05999994277954 5.11999988555908 5.1879997253418 5.08799982070923 4.88400030136108 4.80800008773804 5.09999990463257 5.55999994277954 5.72800016403198 5.75600004196167 5.61199998855591 4.68800020217896 3.87199997901917 3.75600004196167 4.38000011444092 5.26000022888184 4.53999996185303 4.01599979400635 3.86800003051758 3.87600016593933 3.69199991226196 3.53600001335144 3.59999990463257 3.66000008583069 3.69599986076355 4.18800020217896 5.05200004577637 5.03999996185303 4.53200006484985 4.28399991989136 5.01599979400635 5.76399993896484 5.30000019073486 4.50799989700317 4.86800003051758
5.07999992370605 5.01200008392334 5 5.00799989700317 5.11999988555908 5.28000020980835 5.58400011062622 5.85199975967407 5.62400007247925 5.24399995803833 5.06400012969971 5 5 5.1399998664856 5.19999980926514 4.92799997329712 4.57200002670288 4.73600006103516 5.08799982070923 5.21999979019165 5.30399990081787 5.47599983215332 5.21600008010864 4.26800012588501 3.7039999961853 3.72000002861023 4.05999994277954 4.13599967956543 4.30000019073486 4.2519998550415 4.22399997711182 4.00400018692017 3.70000004768372 3.74399995803833 3.96799993515015 3.83200001716614 3.92799997329712 4.42799997329712 5.42399978637695 5.1399998664856 4.44799995422363 4.91200017929077 5.93200016021729 5.66400003433228 4.7960000038147 4.74399995803833
5.17199993133545 5.11199998855591 5.0959997177124 5.08400011062622 5.03999996185303 5.03200006484985 5.07599973678589 5.19600009918213 5.1399998664856 4.98799991607666 4.97200012207031 5 5 5.07200002670288 5.18400001525879 5.06799983978271 4.67999982833862 4.64799976348877 4.90000009536743 5.08799982070923 5.13199996948242 5.14799976348877 5.51200008392334 5.19999980926514 4.30000019073486 3.80399990081787 3.74399995803833 4.17999982833862 4.93200016021729 5.06799983978271 5.21199989318848 4.6399998664856 3.83200001716614 3.96399998664856 4.55200004577637 4.47599983215332 4.01999998092651 4.32399988174438 5.28000020980835 5.55200004577637 4.71199989318848 4.55999994277954 5.60799980163574 5.78399991989136 5.03200006484985 4.82399988174438
5.32400035858154 5.21199989318848 5.09999990463257 5.09999990463257 5.01599979400635 4.91599988937378 4.99200010299683 5.06799983978271 5.04400014877319 4.91599988937378 4.9520001411438 5 4.98400020599365 4.96799993515015 5.01599979400635 4.99599981307983 4.85200023651123 4.59200000762939 4.51599979400635 4.78000020980835 4.99200010299683 5.11199998855591 5.46000003814697 5.74399995803833 5.13600015640259 4.16800022125244 3.67599987983704 3.81200003623962 4.51599979400635 5.2519998550415 5.78399991989136 5.09600019454956 4.02799987792969 4.07599973678589 4.76800012588501 5.30000019073486 4.38800001144409 4.06799983978271 4.30399990081787 4.49200010299683 4.73600006103516 4.60400009155273 5.2039999961853 5.76399993896484 5.19999980926514 4.64400005340576
5.41599988937378 5.22800016403198 5.09999990463257 5.09999990463257 5.00799989700317 5.00400018692017 5.08400011062622 5.02400016784668 5.09999990463257 5.08400011062622 5.09999990463257 5.07599973678589 4.94000005722046 4.90000009536743 4.84800004959106 4.85200023651123 4.9040002822876 4.50400018692017 4.1399998664856 4.26800012588501 4.55599975585938 4.84000015258789 5.13600015640259 5.5479998588562 5.64400005340576 4.61199998855591 3.70000004768372 3.6159999370575 3.99600005149841 4.85599994659424 5.5 5.32800006866455 4.75600004196167 4.37599992752075 4.3600001335144 5.24000024795532 5.23600006103516 4.53200006484985 4.28399991989136 4.26399993896484 4.88800001144409 5.01999998092651 4.74399995803833 5.3439998626709 5.22800016403198 4.64799976348877
5.38000011444092 5.19599962234497 5.10799980163574 5.09999990463257 5.0479998588562 5.03999996185303 5.09999990463257 5.09999990463257 5.09999990463257 5.09999990463257 5.09999990463257 5.07999992370605 4.96799993515015 4.92400026321411 4.89599990844727 4.74399995803833 4.67999982833862 4.40399980545044 4.06799983978271 3.94000005722046 4.07600021362305 4.53200006484985 4.99599981307983 5.53200006484985 6.01599979400635 5.42399978637695 4.25600004196167 3.79999995231628 4.00799989700317 4.88000011444092 5.40799999237061 5.62799978256226 5.52799987792969 4.81599998474121 4.22800016403198 4.84000015258789 5.68400001525879 5.55200004577637 4.78000020980835 4.26399993896484 4.53600025177002 5.09600019454956 4.73199987411499 4.84000015258789 4.87599992752075 4.51999998092651
5.25600004196167 5.2480001449585 5.21600008010864 5.11999988555908 5.0959997177124 5.01999998092651 5.14799976348877 5.17199993133545 5.11599969863892 5.12799978256226 5.09999990463257 5.07599973678589 5.01599979400635 5.01200008392334 5.1560001373291 4.97599983215332 4.66400003433228 4.38400030136108 4.12400007247925 3.86800003051758 3.8199999332428 4.17999982833862 4.77199983596802 5.32399988174438 5.9520001411438 5.89200019836426 5.54400014877319 4.81599998474121 4.30399990081787 4.91200017929077 5.32400035858154 5.28800010681152 5.31599998474121 5.30399990081787 4.84800004959106 4.66400003433228 5.27199983596802 5.85200023651123 5.65199995040894 4.7480001449585 4.73600006103516 4.81599998474121 4.65999984741211 4.73999977111816 4.61199998855591 4.21600008010864
5.23600006103516 5.30000019073486 5.35200023651123 5.20799970626831 5.01599979400635 4.98000001907349 5.11999988555908 5.17199993133545 5.19599962234497 5.17999982833862 5.12400007247925 5.14400005340576 5.01999998092651 5.03599977493286 5.30800008773804 5.3120002746582 5.02400016784668 4.64400005340576 4.41599988937378 4.20800018310547 3.8840000629425 3.92400002479553 4.34800004959106 4.99200010299683 5.64799976348877 5.8120002746582 5.99599981307983 5.85599994659424 4.96000003814697 5.10400009155273 5.53599977493286 5.54400014877319 5.46400022506714 5.29199981689453 4.72399997711182 4.46799993515015 4.62799978256226 5.07999992370605 5.87200021743774 5.77600002288818 5.27600002288818 4.68400001525879 4.53999996185303 4.94000005722046 4.8439998626709 4.2519998550415
5.39200019836426 5.39599990844727 5.39200019836426 5.23999977111816 5.01999998092651 4.97200012207031 5.15199995040894 5.23199987411499 5.20799970626831 5.19999980926514 5.19999980926514 5.17199993133545 5.01999998092651 5.02799987792969 5.3600001335144 5.42799997329712 5.23600006103516 4.8600001335144 4.82800006866455 4.93599987030029 4.61999988555908 4.25999975204468 4.20800018310547 4.60400009155273 5.19199991226196 5.56400012969971 6.19999980926514 6.37200021743774 5.67999982833862 5.44799995422363 5.61599969863892 6.05200004577637 6.10400009155273 5.61999988555908 4.88800001144409 4.47599983215332 4.42799997329712 4.66400003433228 5.12799978256226 5.72399997711182 5.77600002288818 4.87200021743774 4.62799978256226 5.01200008392334 4.86800003051758 4.26399993896484
5.21199989318848 5.28399991989136 5.32400035858154 5.24399995803833 5.03200006484985 5.01599979400635 5.26800012588501 5.34400033950806 5.33599996566772 5.29200029373169 5.1879997253418 5.07999992370605 5.00799989700317 5.12400007247925 5.34800004959106 5.40000009536743 5.38800001144409 5.12400007247925 5.03200006484985 5.4520001411438 5.7960000038147 5.40799999237061 4.5479998588562 4.44000005722046 4.71600008010864 5.1560001373291 5.62799978256226 6.16400003433228 6.40000009536743 6.14799976348877 5.6560001373291 6.07200002670288 6.63199996948242 6.44000005722046 5.95599985122681 5.21600008010864 4.73199987411499 4.8120002746582 4.81599998474121 4.83199977874756 5.03200006484985 4.86800003051758 4.85200023651123 5.21199989318848 5.39200019836426 4.83599996566772
