examples/night_lizards/data/train-rasters-2.5m/bclim4.asc
NCOLS 322 
NROWS 151 
XLLCORNER -122.75 
YLLCORNER 31.9166666666667 
CELLSIZE 0.0416666666666677 
NODATA_value -3.4e+38 
[rows 84 to 104 of 151, columns 240 to 287 of 322]
694.648803710938 714.274536132812 729.119934082031 727.778686523438 728.702758789062 738.915832519531 747.352722167969 753.510559082031 762.137329101562 773.223449707031 777.866394042969 768.982238769531 758.588012695312 718.02587890625 688.655456542969 708.717224121094 767.261047363281 779.447448730469 796.888977050781 797.787719726562 796.659362792969 797.906188964844 797.590515136719 793.624328613281 789.672912597656 784.760498046875 776.69775390625 758.688903808594 753.1044921875 753.2353515625 751.866027832031 752.535400390625 762.367370605469 775.316101074219 779.341430664062 784.835327148438 796.644165039062 798.538757324219 795.729248046875 784.067260742188 782.0390625 779.762329101562 777.715087890625 778.668701171875 782.766357421875 783.511291503906 784.981689453125 782.907409667969
692.38623046875 698.104614257812 710.173889160156 706.737487792969 699.982055664062 722.557250976562 732.840881347656 740.496398925781 748.319396972656 761.501647949219 771.212829589844 769.623657226562 762.71533203125 729.863708496094 699.799194335938 704.505310058594 739.459167480469 773.17724609375 792.71728515625 793.898132324219 788.450073242188 789.636779785156 791.193115234375 787.533325195312 788.327087402344 783.471313476562 775.023193359375 761.166320800781 752.65087890625 758.426086425781 752.084228515625 748.707214355469 761.829528808594 770.060180664062 771.302062988281 780.582153320312 786.555969238281 784.298095703125 780.693664550781 776.113220214844 774.601013183594 771.744018554688 769.951965332031 774.695129394531 779.929382324219 780.729125976562 778.885803222656 776.450256347656
697.951843261719 700.748046875 703.248657226562 691.379760742188 684.340698242188 704.171081542969 720.409362792969 728.754211425781 735.915954589844 746.869567871094 756.339172363281 766.489990234375 768.6796875 746.777770996094 715.041870117188 719.663879394531 728.501892089844 763.919738769531 788.061096191406 794.625549316406 791.108154296875 784.850341796875 789.72119140625 791.711059570312 790.480834960938 779.993347167969 763.201538085938 760.473571777344 756.782531738281 758.532592773438 751.527709960938 751.935363769531 769.336608886719 765.0634765625 757.41162109375 760.710815429688 763.310546875 765.573364257812 767.614990234375 764.407104492188 762.681579589844 766.632263183594 770.889465332031 774.296997070312 778.371154785156 776.771362304688 771.106872558594 770.115844726562
704.615661621094 706.79052734375 699.559692382812 682.6318359375 678.931823730469 698.442016601562 712.675109863281 719.623596191406 721.71044921875 726.02294921875 739.145568847656 754.624145507812 763.781921386719 756.958374023438 747.042175292969 740.333679199219 741.734252929688 760.807922363281 782.812438964844 789.278076171875 787.993774414062 784.899475097656 784.368408203125 787.63671875 785.622436523438 773.170715332031 752.100646972656 751.908325195312 749.935180664062 750.169616699219 741.368286132812 740.242614746094 746.507141113281 743.2509765625 747.201599121094 749.914733886719 747.52978515625 744.288452148438 745.223693847656 748.775512695312 753.093200683594 760.237060546875 765.866149902344 772.821105957031 777.731750488281 775.456298828125 770.347351074219 769.190979003906
696.459350585938 709.063354492188 700.428039550781 677.330932617188 670.109497070312 688.460815429688 700.304992675781 692.659423828125 697.062316894531 693.198547363281 711.967407226562 739.6552734375 757.076416015625 751.821594238281 752.418395996094 753.923278808594 757.098571777344 764.395385742188 773.651977539062 777.418518066406 781.674926757812 785.440612792969 785.327758789062 792.238830566406 788.7763671875 775.223937988281 758.371276855469 748.811645507812 746.476196289062 741.530639648438 729.109436035156 728.054443359375 728.678283691406 730.902221679688 736.323303222656 735.911010742188 736.824768066406 736.652709960938 735.726745605469 744.367797851562 744.4658203125 751.589050292969 759.599731445312 763.304321289062 769.381164550781 766.31298828125 764.517700195312 768.653625488281
689.706298828125 698.303344726562 698.019104003906 681.567260742188 662.719360351562 665.944641113281 676.671508789062 673.8154296875 672.821594238281 677.965148925781 694.92431640625 726.333435058594 745.659912109375 742.126159667969 745.065124511719 753.639770507812 760.947814941406 767.583679199219 770.188110351562 763.358764648438 752.368225097656 771.345275878906 793.758972167969 801.546203613281 791.369934082031 772.18896484375 745.647521972656 745.22802734375 746.637268066406 732.224731445312 711.990051269531 712.378112792969 717.957092285156 722.700256347656 725.437377929688 723.803466796875 727.719787597656 728.157836914062 732.187927246094 741.045837402344 738.968017578125 744.623657226562 750.724304199219 757.042724609375 758.11865234375 754.473022460938 756.922302246094 762.610168457031
701.033081054688 702.670349121094 706.658935546875 688.514526367188 661.887756347656 665.689392089844 663.288513183594 662.679443359375 664.3486328125 678.753295898438 694.821166992188 718.438537597656 735.172790527344 742.01904296875 745.065734863281 751.538452148438 759.009216308594 762.000061035156 759.230102539062 750.241821289062 739.533142089844 755.017028808594 780.514221191406 795.140014648438 781.331359863281 769.744018554688 748.40185546875 740.422241210938 740.702941894531 718.168762207031 702.632690429688 708.249328613281 705.6552734375 707.770324707031 708.549743652344 714.495239257812 713.764831542969 716.9453125 721.998840332031 732.324401855469 731.722595214844 737.629455566406 743.439086914062 748.129943847656 747.245727539062 747.254516601562 747.051940917969 751.263122558594
712.7119140625 716.951843261719 720.727600097656 699.908813476562 676.419128417969 669.056884765625 658.04931640625 651.355102539062 661.752258300781 674.749816894531 682.184997558594 710.722229003906 733.136474609375 740.329284667969 747.379333496094 755.200500488281 762.055419921875 763.57763671875 759.559020996094 751.378479003906 743.363525390625 742.454833984375 762.221557617188 785.24609375 768.558410644531 755.355224609375 752.65478515625 741.935180664062 731.255493164062 719.963012695312 711.234436035156 711.394653320312 701.02587890625 710.012023925781 708.08203125 710.579833984375 709.703002929688 710.622253417969 712.057434082031 724.488586425781 724.329162597656 726.830017089844 731.059997558594 738.153198242188 739.474670410156 741.007385253906 739.553527832031 742.065734863281
708.457092285156 722.811950683594 729.309936523438 711.177429199219 694.032043457031 681.872436523438 672.288330078125 661.85498046875 666.168884277344 678.205993652344 689.840698242188 712.067993164062 732.010925292969 743.428771972656 752.297729492188 761.860595703125 765.105285644531 764.60986328125 761.436096191406 752.93701171875 741.877197265625 730.330261230469 724.699462890625 756.896362304688 772.985229492188 767.070556640625 753.630554199219 739.584777832031 732.5986328125 727.45849609375 719.694152832031 717.217834472656 708.805297851562 708.121276855469 704.977416992188 709.126281738281 708.384460449219 707.519653320312 709.879150390625 714.201416015625 708.358947753906 711.778442382812 719.276245117188 732.092651367188 740.179260253906 739.018371582031 739.730285644531 740.804443359375
708.341186523438 718.890258789062 721.161437988281 713.995788574219 709.614929199219 702.337158203125 695.514770507812 676.548583984375 669.455505371094 684.338928222656 700.479919433594 719.033081054688 735.920532226562 741.357849121094 749.6455078125 759.385864257812 762.693542480469 758.759704589844 757.099792480469 750.623779296875 738.597045898438 722.296691894531 711.1748046875 728.940246582031 762.592102050781 779.496154785156 764.438354492188 746.359924316406 740.331298828125 738.673400878906 731.088500976562 723.712524414062 722.578552246094 726.842895507812 726.681640625 717.593444824219 705.554992675781 699.673583984375 700.223510742188 701.445434570312 696.866943359375 701.138305664062 708.350280761719 717.554321289062 732.406677246094 739.674377441406 741.416259765625 741.909484863281
706.944274902344 704.588684082031 698.076416015625 706.541259765625 723.363525390625 725.83740234375 714.393005371094 691.576293945312 675.145141601562 679.367858886719 694.3603515625 717.751281738281 735.435852050781 741.79443359375 748.298522949219 754.490600585938 762.211547851562 761.833984375 755.010437011719 745.906433105469 732.972290039062 716.504211425781 716.112548828125 725.363708496094 737.85107421875 771.329711914062 766.1943359375 763.093872070312 754.8515625 752.853393554688 754.283813476562 747.323791503906 739.990661621094 733.111694335938 733.035095214844 730.348449707031 720.718688964844 708.895874023438 702.540161132812 703.942138671875 701.969665527344 693.708801269531 692.553955078125 698.011657714844 711.506286621094 719.293823242188 731.588317871094 731.918518066406
692.0400390625 679.83056640625 680.826110839844 707.212341308594 736.337219238281 736.491455078125 717.257141113281 692.61767578125 664.15087890625 658.201232910156 687.092834472656 712.054382324219 727.485595703125 739.300109863281 756.69140625 755.9755859375 761.383239746094 764.02978515625 755.529296875 737.54931640625 729.526306152344 732.999572753906 742.971496582031 740.752502441406 742.83984375 771.050842285156 747.93310546875 736.782531738281 748.263793945312 767.281066894531 772.604370117188 765.97314453125 744.846801757812 735.182861328125 734.9296875 732.974304199219 731.054992675781 717.668762207031 717.805969238281 721.110412597656 719.973449707031 704.112548828125 697.885131835938 691.968627929688 691.299621582031 700.295104980469 710.697692871094 712.818664550781
699.35302734375 684.504760742188 684.536010742188 704.235168457031 726.108764648438 730.769226074219 711.804260253906 688.048828125 668.704406738281 660.887084960938 679.169799804688 683.001708984375 710.515563964844 743.045043945312 753.855651855469 754.229431152344 754.062133789062 756.130310058594 744.36376953125 726.718688964844 729.614440917969 753.68701171875 767.084350585938 769.891662597656 769.988098144531 778.09228515625 748.463256835938 731.214233398438 727.678100585938 724.715881347656 748.453125 764.815307617188 757.6552734375 739.974548339844 730.249633789062 726.260009765625 743.09619140625 739.063781738281 728.079772949219 717.086486816406 713.836608886719 713.541870117188 709.492797851562 702.944702148438 694.769409179688 694.783264160156 701.167541503906 702.557861328125
729.251220703125 709.457336425781 693.049926757812 700.435852050781 707.130065917969 718.61474609375 706.241943359375 687.319396972656 671.544311523438 673.219848632812 667.947875976562 671.778564453125 697.607177734375 741.125549316406 745.800354003906 755.250793457031 749.317443847656 746.709655761719 740.796264648438 729.098815917969 729.348510742188 749.974792480469 767.987243652344 777.371643066406 783.497924804688 775.375854492188 748.012512207031 726.192260742188 721.956970214844 708.032531738281 707.31005859375 760.239685058594 778.966796875 765.98046875 747.65966796875 753.722473144531 761.620361328125 746.668701171875 728.424133300781 716.996948242188 707.280395507812 711.492431640625 710.634216308594 709.024230957031 699.314819335938 691.452758789062 693.293029785156 695.03759765625
747.054626464844 741.035827636719 727.389282226562 728.131286621094 729.733764648438 715.291076660156 702.594360351562 702.020935058594 688.801940917969 698.301574707031 695.383544921875 690.337097167969 695.594055175781 735.33349609375 755.314819335938 760.719299316406 757.46044921875 749.976440429688 741.680603027344 737.865051269531 735.012512207031 747.50390625 740.332092285156 755.07568359375 780.969848632812 788.89453125 778.755615234375 748.76806640625 724.278869628906 713.944763183594 695.976867675781 738.812683105469 780.371948242188 791.10693359375 776.509094238281 783.162170410156 737.165466308594 727.438842773438 709.893371582031 721.253845214844 720.450378417969 709.692138671875 709.295776367188 708.129699707031 698.146118164062 691.865417480469 691.946960449219 693.29833984375
755.496643066406 754.874267578125 744.893005371094 729.510131835938 713.787902832031 713.121276855469 726.759094238281 731.880432128906 721.837707519531 731.089294433594 729.80322265625 721.705810546875 727.335144042969 746.713745117188 766.217712402344 766.848388671875 757.456604003906 735.441467285156 720.6318359375 731.425537109375 729.773986816406 743.918212890625 750.621398925781 742.477966308594 779.265686035156 797.802001953125 797.08251953125 770.340209960938 746.794372558594 718.0029296875 698.814697265625 719.780944824219 778.287719726562 800.46875 798.031860351562 780.655883789062 740.070068359375 722.928894042969 703.684692382812 708.407653808594 720.333923339844 702.890014648438 696.242492675781 698.125793457031 705.064392089844 696.945068359375 697.488220214844 698.919982910156
758.27001953125 750.891845703125 741.856872558594 723.566101074219 708.454833984375 718.402954101562 734.162353515625 748.901245117188 746.122192382812 755.1123046875 759.85888671875 746.579467773438 752.416748046875 769.311157226562 775.636535644531 770.882263183594 756.117858886719 729.453308105469 731.236877441406 738.122985839844 729.048461914062 734.603759765625 752.187866210938 754.579895019531 776.219665527344 792.63623046875 797.842468261719 782.043518066406 758.758728027344 719.290649414062 692.556396484375 714.810180664062 747.434143066406 787.685668945312 805.298645019531 789.414916992188 734.431091308594 704.0185546875 703.759521484375 709.363952636719 713.71826171875 703.35693359375 688.749267578125 690.242126464844 709.1240234375 704.267883300781 699.795043945312 698.535522460938
767.8291015625 758.312194824219 749.461486816406 735.412841796875 723.783203125 720.414855957031 721.901000976562 741.601135253906 761.26708984375 763.856689453125 776.097412109375 777.041870117188 768.477111816406 779.539611816406 782.692016601562 774.261901855469 760.357299804688 750.804016113281 747.272583007812 743.119384765625 741.718566894531 747.938903808594 741.251403808594 761.586730957031 786.762268066406 795.716735839844 798.300048828125 778.2978515625 742.545166015625 707.721130371094 696.482421875 704.287658691406 746.88623046875 779.87451171875 802.142578125 777.713623046875 733.671752929688 705.447631835938 700.343933105469 704.64306640625 701.022705078125 689.362915039062 682.786926269531 691.682983398438 713.458312988281 709.738830566406 706.332885742188 710.496215820312
770.536193847656 767.415283203125 762.530578613281 754.401000976562 741.496032714844 735.468139648438 735.542907714844 743.128295898438 755.941528320312 776.091857910156 787.400695800781 771.8671875 762.017761230469 765.802062988281 773.9619140625 774.203247070312 767.422607421875 747.838806152344 733.658081054688 745.891296386719 736.864135742188 745.846862792969 749.392150878906 756.630737304688 779.348327636719 802.442443847656 804.958435058594 787.007263183594 750.570495605469 717.470275878906 721.792724609375 723.498352050781 730.690124511719 786.399780273438 816.772521972656 808.051086425781 759.555480957031 715.402648925781 694.4140625 688.381958007812 687.50634765625 684.437561035156 675.165283203125 690.682006835938 713.417175292969 700.8857421875 708.415405273438 710.005920410156
762.109191894531 768.749572753906 774.54052734375 770.146850585938 763.087890625 753.380065917969 751.31103515625 752.614135742188 768.063659667969 784.092224121094 782.754577636719 733.745361328125 746.200500488281 773.033996582031 779.043212890625 773.942138671875 779.280212402344 766.436279296875 747.584350585938 751.076843261719 739.385803222656 733.357727050781 746.256774902344 746.353637695312 763.933959960938 785.4755859375 805.21044921875 794.051513671875 762.357971191406 736.695556640625 736.160705566406 721.567749023438 713.474060058594 789.845336914062 825.720153808594 824.987182617188 790.426513671875 754.398376464844 724.676452636719 703.968994140625 692.052368164062 688.802856445312 674.146240234375 673.572143554688 714.237915039062 699.298400878906 696.140808105469 701.146484375
763.527954101562 772.286499023438 784.518005371094 784.970336914062 782.635131835938 780.190490722656 775.555725097656 774.573669433594 773.306884765625 783.662719726562 779.707641601562 743.219360351562 761.959350585938 782.734252929688 785.157775878906 778.535034179688 777.563537597656 773.296813964844 768.958068847656 766.075561523438 751.690368652344 745.346740722656 752.61376953125 758.7490234375 762.672546386719 768.542724609375 780.860168457031 781.949890136719 773.273559570312 743.062866210938 744.588684082031 748.278625488281 730.187072753906 775.789489746094 832.475891113281 836.399475097656 808.957458496094 766.14111328125 746.715698242188 732.695861816406 726.494750976562 687.059143066406 678.049011230469 665.318176269531 688.657165527344 724.2568359375 700.345031738281 694.369445800781
