examples/night_lizards/data/train-rasters-2.5m/bclim6.asc
NCOLS 322 
NROWS 151 
XLLCORNER -122.75 
YLLCORNER 31.9166666666667 
CELLSIZE 0.0416666666666677 
NODATA_value -3.4e+38 
[rows 42 to 62 of 151, columns 276 to 321 of 322]
-7.05599975585938 -7.1399998664856 -7.17999982833862 -7.03599977493286 -6.82800006866455 -6.6399998664856 -6.50400018692017 -6.49599981307983 -6.55200004577637 -6.5959997177124 -6.57999992370605 -6.61999988555908 -6.70799970626831 -6.72799968719482 -6.64400005340576 -6.58400011062622 -6.59999990463257 -6.6399998664856 -6.92000007629395 -7.22399997711182 -7.46799993515015 -7.51599979400635 -7.7519998550415 -8.14000034332275 -8.36800003051758 -8.4399995803833 -8.41599941253662 -8.34799957275391 -8.19600009918213 -8.0600004196167 -7.94000005722046 -7.48400020599365 -7.14400005340576 -7.17199993133545 -7.19600009918213 -7.17999982833862 -7.26000022888184 -7.39200019836426 -7.45599985122681 -7.53999996185303 -7.35200023651123 -7.30400037765503 -7.31599998474121 -7.39599990844727 -7.5959997177124 -7.8120002746582
-6.89200019836426 -7.02799987792969 -7.13199996948242 -7.05599975585938 -6.84000015258789 -6.67600011825562 -6.60400009155273 -6.53599977493286 -6.41599988937378 -6.33599996566772 -6.42000007629395 -6.57200002670288 -6.7480001449585 -6.67199993133545 -6.64799976348877 -6.64400005340576 -6.63199996948242 -6.80000019073486 -6.97200012207031 -7.3439998626709 -7.69199991226196 -7.81199979782104 -8.01200008392334 -8.17199993133545 -8.26000022888184 -8.3439998626709 -8.33199977874756 -8.54800033569336 -8.58800029754639 -8.49199962615967 -8.30799961090088 -8.19200038909912 -7.91599988937378 -7.75600004196167 -7.2960000038147 -7.09200000762939 -7.21199989318848 -7.37599992752075 -7.55200004577637 -7.55599975585938 -7.37599992752075 -7.30000019073486 -7.48799991607666 -7.6560001373291 -7.83599996566772 -8.0600004196167
-6.77199983596802 -6.75999975204468 -6.92799997329712 -6.99200010299683 -6.7960000038147 -6.59200000762939 -6.56799983978271 -6.55599975585938 -6.3120002746582 -6.26399993896484 -6.33599996566772 -6.53200006484985 -6.60400009155273 -6.55999994277954 -6.69199991226196 -6.78399991989136 -6.84000015258789 -7.01599979400635 -7.19199991226196 -7.5479998588562 -7.91599988937378 -8.15999984741211 -8.11200046539307 -8.17199993133545 -8.30000019073486 -8.21599960327148 -8.14400005340576 -8.5 -8.88799953460693 -8.88799953460693 -8.80399990081787 -8.71599960327148 -8.55200004577637 -8.45600032806396 -7.61999988555908 -7.08400011062622 -7.17999982833862 -7.41599988937378 -7.5479998588562 -7.52400016784668 -7.32000017166138 -7.30399990081787 -7.60799980163574 -7.83200025558472 -8.11600017547607 -8.43599987030029
-6.76800012588501 -6.76800012588501 -6.88000011444092 -6.90000009536743 -6.76800012588501 -6.62799978256226 -6.58799982070923 -6.57999992370605 -6.42400026321411 -6.30000019073486 -6.4040002822876 -6.55599975585938 -6.60400009155273 -6.59999990463257 -6.70799970626831 -6.88000011444092 -7.01200008392334 -7.00400018692017 -7.35599994659424 -7.81199979782104 -8.10000038146973 -8.21199989318848 -8.17599964141846 -8.19600009918213 -8.14000034332275 -8.06400012969971 -8.23999977111816 -8.43200016021729 -8.63599967956543 -8.75599956512451 -8.88399982452393 -8.82800006866455 -8.65200042724609 -8.4040002822876 -7.98799991607666 -7.32399988174438 -7.28399991989136 -7.42799997329712 -7.53999996185303 -7.55599975585938 -7.3600001335144 -7.36800003051758 -7.61199998855591 -7.99200010299683 -8.49199962615967 -9.07600021362305
-6.51999998092651 -6.4520001411438 -6.63600015640259 -6.70800018310547 -6.64400005340576 -6.60400009155273 -6.44000005722046 -6.4520001411438 -6.41599988937378 -6.37200021743774 -6.5 -6.58799982070923 -6.58799982070923 -6.56400012969971 -6.83599996566772 -6.98400020599365 -6.98799991607666 -7.01599979400635 -7.42799997329712 -7.7960000038147 -8.04400062561035 -8.13600063323975 -8.11999988555908 -7.93600034713745 -7.89599990844727 -8.11600017547607 -8.3439998626709 -8.36800003051758 -8.54399967193604 -8.80399990081787 -8.83599948883057 -8.8080005645752 -8.83199977874756 -8.7160005569458 -8.46799945831299 -7.54400014877319 -7.23199987411499 -7.41200017929077 -7.63600015640259 -7.63599967956543 -7.50799989700317 -7.46799993515015 -7.68400001525879 -8.11600017547607 -8.69200038909912 -9.16400051116943
-6.3120002746582 -6.34000015258789 -6.48400020599365 -6.53999996185303 -6.47200012207031 -6.37599992752075 -6.21999979019165 -6.47200012207031 -6.33200025558472 -6.16799974441528 -6.36800003051758 -6.57999992370605 -6.53999996185303 -6.76800012588501 -6.82000017166138 -6.89599990844727 -7.02400016784668 -7.12799978256226 -7.48400020599365 -7.84800004959106 -8.06400012969971 -8.06400012969971 -7.78000020980835 -7.65999984741211 -7.89599990844727 -8.08400058746338 -8.23200035095215 -8.30399990081787 -8.46799945831299 -8.54399967193604 -8.60000038146973 -8.69200038909912 -8.8120002746582 -8.9399995803833 -8.41199970245361 -7.5479998588562 -7.43200016021729 -7.72800016403198 -7.83599996566772 -7.78399991989136 -7.64400005340576 -7.53599977493286 -7.84800004959106 -8.33600044250488 -8.97200012207031 -9.08800029754639
-6.2960000038147 -6.30399990081787 -6.41200017929077 -6.34000015258789 -6.30800008773804 -6.17600011825562 -6.13199996948242 -6.31199979782104 -6.12400007247925 -5.90000009536743 -6.14800024032593 -6.41200017929077 -6.57600021362305 -6.91599988937378 -7.03599977493286 -7.1560001373291 -7.15599966049194 -7.11999988555908 -7.32399988174438 -7.77600002288818 -7.93200016021729 -7.71199989318848 -7.67999982833862 -7.83200025558472 -7.96799993515015 -8.10799980163574 -8.22799968719482 -8.42799949645996 -8.54800033569336 -8.56799983978271 -8.59600067138672 -8.83599948883057 -8.86399936676025 -8.64400005340576 -8.28800010681152 -7.71600008010864 -7.68400001525879 -7.89599990844727 -8.02400016784668 -7.9040002822876 -7.69600009918213 -7.46000003814697 -7.78399991989136 -8.19999980926514 -8.55200004577637 -8.97599983215332
-5.91200017929077 -6.00799989700317 -6.21199989318848 -6.09600019454956 -6.14400005340576 -6.15599966049194 -6.22399997711182 -6.35599994659424 -6.30000019073486 -6.16800022125244 -6.09600019454956 -6.34000015258789 -6.88000011444092 -7.03599977493286 -7.13599967956543 -7.23600006103516 -7.20799970626831 -7.30000019073486 -7.55600023269653 -7.73999977111816 -7.64799976348877 -7.68400001525879 -7.87599992752075 -8.05599975585938 -8.09600067138672 -8.08400058746338 -8.17600059509277 -8.36399936676025 -8.62800025939941 -8.73600006103516 -8.7519998550415 -8.98400020599365 -8.49600028991699 -7.99200010299683 -7.7960000038147 -7.67600011825562 -7.91599988937378 -8.11600017547607 -8.18400001525879 -7.99200010299683 -7.82000017166138 -7.44000005722046 -7.51999998092651 -7.92000007629395 -8.47599983215332 -9.04800033569336
-5.64799976348877 -5.80000019073486 -5.97599983215332 -6.22399997711182 -6.32400035858154 -6.19600009918213 -6.32800006866455 -6.37200021743774 -6.55200004577637 -6.55999994277954 -6.55599975585938 -6.7480001449585 -7.13599967956543 -7.19600009918213 -7.17999982833862 -7.22800016403198 -7.25999975204468 -7.51599979400635 -7.61199998855591 -7.57599973678589 -7.62799978256226 -7.74399995803833 -7.91599988937378 -8.13199996948242 -8.2519998550415 -8.32800006866455 -8.27999973297119 -8.35599994659424 -8.76000022888184 -8.67199993133545 -8.77999973297119 -8.48799991607666 -8.02400016784668 -7.73199987411499 -7.60400009155273 -7.73600006103516 -8.07200050354004 -8.29199981689453 -8.20800018310547 -8.05200004577637 -7.94799995422363 -7.6560001373291 -7.74399995803833 -8 -8.51200008392334 -8.91600036621094
-6.22800016403198 -6.28399991989136 -6.35599994659424 -6.50799989700317 -6.44000005722046 -6.14799976348877 -6.32800006866455 -6.38800001144409 -6.57600021362305 -6.77199983596802 -6.8120002746582 -7.00400018692017 -7.22800016403198 -7.27200031280518 -7.1879997253418 -7.25999975204468 -7.50799989700317 -7.62400007247925 -7.59200000762939 -7.72399997711182 -7.77199983596802 -7.7039999961853 -7.9520001411438 -8.27999973297119 -8.43599987030029 -8.53200054168701 -8.47999954223633 -8.4399995803833 -8.5319995880127 -8.66400051116943 -8.75600051879883 -8.35200023651123 -7.97200012207031 -7.85599994659424 -7.89200019836426 -7.97600030899048 -8.23600006103516 -8.46399974822998 -8.36400032043457 -8.07200050354004 -7.94000005722046 -7.77199983596802 -7.96000003814697 -8.35200023651123 -9.02400016784668 -9.22799968719482
-6.35200023651123 -6.63599967956543 -6.55599975585938 -6.64799976348877 -6.69199991226196 -6.51599979400635 -6.51999998092651 -6.42000007629395 -6.7039999961853 -6.9040002822876 -6.97200012207031 -7.12400007247925 -7.26800012588501 -7.2480001449585 -7.14799976348877 -7.25999975204468 -7.44399976730347 -7.52799987792969 -7.66400003433228 -7.91200017929077 -7.98000001907349 -7.89599990844727 -8.17199993133545 -8.32800006866455 -8.3439998626709 -8.45199966430664 -8.51200008392334 -8.5600004196167 -8.54399967193604 -8.80000019073486 -8.79199981689453 -8.85999965667725 -8.52799987792969 -8.2480001449585 -8.14000034332275 -8.14000034332275 -8.31999969482422 -8.49600028991699 -8.36800003051758 -8.10800075531006 -7.98400020599365 -7.83599996566772 -7.98800039291382 -8.44400024414062 -9.23600006103516 -9.5
-6.13199996948242 -6.7039999961853 -6.71999979019165 -6.73999977111816 -6.9040002822876 -6.96799993515015 -6.90799999237061 -6.81599998474121 -6.76800012588501 -7.01599979400635 -7.07999992370605 -7.15999984741211 -7.03999996185303 -7.07200002670288 -7.10400009155273 -7.17599964141846 -7.28800010681152 -7.44000005722046 -7.69999980926514 -7.90799999237061 -8.05599975585938 -8.08800029754639 -8.19600009918213 -8.29600048065186 -8.28400039672852 -8.29599952697754 -8.32400035858154 -8.64799976348877 -8.76000022888184 -8.6879997253418 -8.76000022888184 -9.00800037384033 -9.06400012969971 -8.61999988555908 -8.23999977111816 -8.17599964141846 -8.32400035858154 -8.39599990844727 -8.22000026702881 -8.10000038146973 -8.02400016784668 -7.88800001144409 -8.02799987792969 -8.34799957275391 -9.26399993896484 -9.60799980163574
-5.73600006103516 -6.62799978256226 -6.67999982833862 -6.6879997253418 -6.80000019073486 -6.87200021743774 -6.92400026321411 -6.96000003814697 -6.89599990844727 -6.97599983215332 -7.05599975585938 -7.17600011825562 -6.89599990844727 -6.87599992752075 -7.03999996185303 -7.0959997177124 -7.17600011825562 -7.38400030136108 -7.56799983978271 -7.70800018310547 -7.82800006866455 -7.90000009536743 -8.05200004577637 -8.20400047302246 -8.19999980926514 -8.21599960327148 -8.42000007629395 -8.71599960327148 -8.85599994659424 -8.8439998626709 -8.85599994659424 -9.13199996948242 -9.52000045776367 -9.10400009155273 -8.49199962615967 -8.30399990081787 -8.32800006866455 -8.36399936676025 -8.19600009918213 -8.10000038146973 -8.03200054168701 -7.97200012207031 -8.08400058746338 -8.28800010681152 -9.2519998550415 -9.56799983978271
-5.37599992752075 -6.32000017166138 -6.71199989318848 -6.6879997253418 -6.6879997253418 -6.69999980926514 -6.82800006866455 -6.87200021743774 -6.84000015258789 -6.76800012588501 -6.93599987030029 -6.97200012207031 -6.80000019073486 -6.85200023651123 -6.97200012207031 -7.02799987792969 -7.09600019454956 -7.30000019073486 -7.38800001144409 -7.50400018692017 -7.55200004577637 -7.77199983596802 -7.79199981689453 -7.92400026321411 -8.19600009918213 -8.33599948883057 -8.63199996948242 -9.14799976348877 -9.31599998474121 -9.23600006103516 -9.23200035095215 -9.5 -9.56400012969971 -9.26000022888184 -8.62800025939941 -8.36800003051758 -8.37599945068359 -8.39999961853027 -8.36399936676025 -8.23200035095215 -8.03600025177002 -8.03200054168701 -8.15200042724609 -8.58399963378906 -9.33600044250488 -9.78800010681152
-5.19199991226196 -5.61600017547607 -6.38000011444092 -6.69199991226196 -6.86800003051758 -6.8600001335144 -6.80000019073486 -6.69199991226196 -6.73600006103516 -6.72399997711182 -6.60799980163574 -6.74399995803833 -6.89599990844727 -6.93200016021729 -6.96000003814697 -6.98799991607666 -6.98400020599365 -7.11600017547607 -7.17199993133545 -7.35200023651123 -7.46400022506714 -7.57599973678589 -7.62799978256226 -8 -8.30399990081787 -8.50399971008301 -8.72399997711182 -9.11200046539307 -9.34000015258789 -9.39999961853027 -9.30000019073486 -9.27600002288818 -9.11200046539307 -8.99600028991699 -8.55599975585938 -8.35999965667725 -8.4399995803833 -8.47200012207031 -8.49600028991699 -8.51200008392334 -8.32800006866455 -8.23999977111816 -8.61199951171875 -9.30399990081787 -9.69600009918213 -9.75599956512451
-5.2480001449585 -5.2480001449585 -5.37599992752075 -6.15999984741211 -6.75600004196167 -6.87200021743774 -6.72800016403198 -6.42799997329712 -6.48799991607666 -6.53999996185303 -6.55200004577637 -6.8439998626709 -6.99599981307983 -7.11999988555908 -7.17199993133545 -7.14799976348877 -6.92799997329712 -6.90799999237061 -7.07599973678589 -7.43200016021729 -7.61199998855591 -7.7519998550415 -7.82800006866455 -7.96799993515015 -8.29599952697754 -8.49600028991699 -8.64000034332275 -8.82400035858154 -9.06400012969971 -9.30799961090088 -9.23600006103516 -9.15999984741211 -9.04800033569336 -8.87599945068359 -8.70400047302246 -8.60400009155273 -8.57600021362305 -8.60400009155273 -8.6879997253418 -8.80399990081787 -8.93200016021729 -9.04800033569336 -9.35200023651123 -9.5959997177124 -9.67599964141846 -9.69200038909912
-5.10799980163574 -5.27600002288818 -5.32400035858154 -5.50400018692017 -6.18400001525879 -6.65199995040894 -6.69600009918213 -6.49599981307983 -6.52799987792969 -6.51599979400635 -6.61600017547607 -6.76000022888184 -6.89200019836426 -6.93599987030029 -7.17199993133545 -7.17199993133545 -7.10799980163574 -7.08400011062622 -7.27600002288818 -7.57200002670288 -7.68400001525879 -7.71999979019165 -7.83599996566772 -8.00800037384033 -8.16800022125244 -8.29199981689453 -8.35200023651123 -8.64799976348877 -9.12800025939941 -9.46000003814697 -9.27999973297119 -9.15200042724609 -9.04800033569336 -8.86400032043457 -8.85999965667725 -8.89200019836426 -8.85999965667725 -8.84000015258789 -8.85200023651123 -8.99600028991699 -9.23600006103516 -9.50800037384033 -9.62400054931641 -9.70399951934814 -9.83199977874756 -9.88399982452393
-5 -5.22000026702881 -5.32800006866455 -5.35599994659424 -5.61999988555908 -6.12400007247925 -6.39599990844727 -6.30399990081787 -6.47599983215332 -6.48000001907349 -6.61599969863892 -6.77600002288818 -6.78399991989136 -6.7960000038147 -6.93200016021729 -7.02400016784668 -7.03599977493286 -7.15999984741211 -7.38000011444092 -7.51999998092651 -7.51200008392334 -7.53599977493286 -7.62400007247925 -7.69600009918213 -7.77999973297119 -7.98799991607666 -8.38000011444092 -9.00800037384033 -9.4399995803833 -9.34000015258789 -8.98000049591064 -8.90799999237061 -8.78800010681152 -8.7480001449585 -8.84799957275391 -8.92799949645996 -9.02799987792969 -9.03999996185303 -8.94400024414062 -8.98400020599365 -8.94799995422363 -9.18400001525879 -9.49199962615967 -9.7480001449585 -9.86400032043457 -10.0080003738403
-5.01200008392334 -5.20800018310547 -5.42000007629395 -5.53999996185303 -5.57200002670288 -5.8439998626709 -5.98400020599365 -6 -6.32800006866455 -6.5 -6.65999984741211 -6.71999979019165 -6.59999990463257 -6.69199991226196 -6.7519998550415 -6.80000019073486 -6.85200023651123 -7.02400016784668 -7.14400005340576 -7.17199993133545 -7.22399997711182 -7.26399993896484 -7.37599992752075 -7.55599975585938 -7.77200031280518 -7.94000005722046 -8.34800052642822 -9 -8.91600036621094 -8.58399963378906 -8.41600036621094 -8.46000003814697 -8.52400016784668 -8.64000034332275 -8.64799976348877 -8.69600009918213 -8.86800003051758 -8.88399982452393 -8.89999961853027 -8.87199974060059 -8.94400024414062 -9.27999973297119 -9.5600004196167 -9.77200031280518 -9.97200012207031 -10.0799999237061
-5.10799980163574 -5.47599983215332 -5.69600009918213 -5.82800006866455 -5.81599998474121 -5.82400035858154 -5.91200017929077 -6.10400009155273 -6.15599966049194 -6.28399991989136 -6.44799995422363 -6.52400016784668 -6.41200017929077 -6.36800003051758 -6.42400026321411 -6.62400007247925 -6.84800004959106 -6.86800003051758 -6.98400020599365 -7.04400014877319 -7.09200000762939 -7.17999982833862 -7.50400018692017 -7.82399988174438 -7.8600001335144 -7.9040002822876 -8.05200004577637 -8.30399990081787 -8.21199989318848 -8.11600017547607 -8.07999992370605 -8.11999988555908 -8.19600009918213 -8.33199977874756 -8.41599941253662 -8.42799949645996 -8.6560001373291 -8.69200038909912 -8.66800022125244 -8.77200031280518 -9.04800033569336 -9.32400035858154 -9.5959997177124 -9.8439998626709 -10.039999961853 -10.1999998092651
-5.23999977111816 -5.48000001907349 -5.80800008773804 -5.97599983215332 -5.99200010299683 -5.9520001411438 -6.03999996185303 -6.0959997177124 -6.17600011825562 -6.37599992752075 -6.55200004577637 -6.59999990463257 -6.54400014877319 -6.41200017929077 -6.51200008392334 -6.73600006103516 -6.86400032043457 -6.81599998474121 -6.96400022506714 -6.98799991607666 -7.11999988555908 -7.2519998550415 -7.51599979400635 -7.7960000038147 -7.80000019073486 -7.89200019836426 -8.11999988555908 -8.21599960327148 -8.27200031280518 -8.35200023651123 -8.39200019836426 -8.29599952697754 -8.20800018310547 -8.08800029754639 -7.98799991607666 -8.05599975585938 -8.3120002746582 -8.58800029754639 -8.61200046539307 -8.78800010681152 -9.11200046539307 -9.3439998626709 -9.60400009155273 -9.87199974060059 -10.0279998779297 -10.1000003814697
