examples/night_lizards/data/train-rasters-2.5m/bclim18.asc
NCOLS 322 
NROWS 151 
XLLCORNER -122.75 
YLLCORNER 31.9166666666667 
CELLSIZE 0.0416666666666677 
NODATA_value -3.4e+38 
[rows 0 to 41 of 151, columns 94 to 187 of 322]
45 45 47 50 47 48 45 42 44 43 37 37 37 43 47 41 42 45 41 39 38 38 39 43 45 45 45 48 47 42 38 36 36 36 37 37 39 42 46 47 44 41 41 46 51 56 53 54 49 51 51 47 47 47 47 49 53 58 53 48 46 47 49 49 49 50 47 48 48 48 51 51 53 58 68 84 84 83 84 72 65 60 58 60 61 61 60 61 60 60 66 64 67 74
44 44 49 52 48 46 41 40 43 39 39 39 39 40 43 42 42 42 42 39 38 35 38 43 48 47 46 51 44 39 36 36 36 37 37 37 39 40 46 48 42 39 39 43 46 50 51 47 47 53 51 48 46 45 47 49 52 57 55 49 48 48 51 56 52 48 48 48 48 50 53 55 65 78 78 91 79 74 73 65 60 58 58 62 60 58 65 67 64 62 60 62 64 69
42 44 48 51 49 42 41 42 41 42 40 43 42 41 46 46 44 39 38 35 35 35 38 45 49 46 44 44 40 36 36 36 37 38 37 37 39 40 43 45 41 38 37 38 41 45 47 44 43 50 50 48 45 45 48 50 55 60 58 51 48 51 57 60 56 50 48 48 48 53 58 60 70 83 101 83 74 73 65 60 60 57 59 62 57 57 61 68 71 66 64 61 61 65
42 44 46 46 44 43 43 43 43 43 43 45 44 42 46 50 46 41 35 35 35 34 35 40 42 41 41 39 36 36 36 40 42 42 39 39 39 40 44 43 38 37 37 37 38 40 46 43 43 48 50 47 45 45 48 53 58 60 61 51 50 53 61 61 56 50 47 48 48 52 60 67 75 85 84 72 67 65 60 59 58 57 59 57 57 57 59 64 69 79 71 65 61 63
44 44 44 43 44 46 47 48 46 48 46 45 44 42 43 44 43 39 36 34 34 34 35 38 38 37 37 36 36 37 41 49 54 45 42 39 39 40 43 42 38 36 36 36 38 38 40 40 41 43 45 44 45 47 51 60 73 73 59 53 50 53 58 64 58 50 47 47 47 52 62 71 72 81 75 67 64 61 59 59 58 57 59 59 56 56 59 62 68 81 80 68 61 61
50 43 41 41 41 42 45 48 50 49 47 46 46 46 44 41 42 44 41 37 35 38 42 39 37 37 36 36 38 39 42 44 48 44 43 39 37 39 42 42 38 36 35 36 37 38 41 40 40 42 42 42 45 50 55 62 71 73 60 54 53 55 59 65 61 52 47 47 48 54 62 72 67 67 64 63 62 61 59 58 59 61 61 56 56 56 58 63 70 81 81 68 60 63
49 46 41 39 40 40 43 44 43 42 42 42 53 48 44 41 41 40 41 38 36 37 43 41 38 37 37 38 38 42 45 48 46 40 42 37 36 36 38 39 38 37 36 37 37 37 40 40 40 41 42 42 47 52 57 67 68 75 65 58 55 55 57 62 64 53 47 47 49 55 66 65 61 58 57 59 63 71 61 59 61 66 65 56 56 56 59 65 70 70 73 66 59 63
46 43 41 40 40 40 40 37 37 39 44 53 63 53 45 41 38 37 40 40 36 35 40 44 41 39 38 38 38 39 42 44 43 39 36 36 36 36 37 38 38 38 37 37 37 37 39 40 40 42 42 42 44 49 52 57 59 64 69 61 57 56 56 59 68 58 49 49 51 57 63 59 55 54 54 56 64 77 63 61 65 74 67 56 56 57 58 68 70 65 63 62 60 67
50 46 40 40 40 40 40 37 37 39 58 80 69 54 45 41 38 36 36 36 35 37 41 47 48 44 42 39 37 36 36 36 37 38 36 36 36 36 37 37 38 38 37 37 37 38 39 40 40 42 42 42 44 46 49 51 54 56 66 66 58 56 54 58 68 59 50 49 54 59 56 54 53 51 51 53 58 73 63 63 70 78 63 56 56 56 58 66 67 61 59 57 62 69
55 56 51 49 49 42 37 36 34 39 58 91 73 57 48 41 38 36 36 34 35 40 42 44 49 50 49 42 35 34 33 33 36 39 37 38 37 38 37 38 39 39 38 39 39 41 43 43 42 42 42 42 44 46 46 49 51 53 58 68 63 57 54 54 58 54 51 51 53 57 57 53 51 51 51 51 53 69 65 70 70 69 61 58 57 60 59 58 63 57 54 59 64 69
51 55 57 61 55 44 38 37 37 36 45 88 92 68 53 42 37 36 35 35 39 46 47 50 51 50 46 43 37 34 34 34 36 40 40 44 42 41 39 41 41 42 39 39 39 43 47 48 44 43 42 41 44 45 46 48 48 51 55 63 68 58 55 54 54 51 51 52 56 61 58 53 51 50 50 50 55 62 67 71 67 67 62 60 59 62 60 57 55 52 56 61 65 71
40 35 37 52 54 46 43 36 34 30 33 52 85 76 62 44 40 36 35 39 43 46 57 52 60 49 42 37 34 34 34 36 40 42 45 50 47 43 41 42 43 43 40 38 38 43 48 51 48 45 44 43 43 43 46 47 48 50 53 61 65 60 56 54 53 56 53 56 59 57 53 53 50 50 50 52 55 60 67 72 70 72 67 64 62 64 58 59 51 53 57 61 66 70
40 35 35 42 46 44 45 36 34 29 29 37 63 88 65 52 42 37 35 36 42 53 57 50 48 43 40 34 34 34 35 38 42 42 49 52 48 46 43 42 40 40 39 37 37 38 40 45 48 48 45 43 43 43 46 48 46 48 50 60 65 60 55 53 54 58 57 56 59 55 52 50 50 50 50 52 57 62 67 72 74 74 77 74 64 61 54 51 58 58 60 65 71 73
39 38 39 41 42 41 36 36 32 28 26 33 56 96 85 58 44 39 35 35 37 43 45 47 44 42 37 34 34 34 36 38 42 44 47 44 43 43 42 40 39 38 37 35 36 36 36 40 45 52 50 43 43 43 45 45 45 46 50 55 57 55 53 53 53 58 56 55 55 52 50 50 51 50 51 55 66 69 74 76 72 74 84 75 63 56 50 55 56 53 55 60 63 64
42 38 38 40 41 40 34 34 29 25 25 31 49 76 97 69 46 41 37 35 35 38 42 44 45 42 38 37 36 38 38 40 42 47 44 40 40 41 40 38 38 37 35 36 36 36 37 40 45 50 50 45 44 45 47 47 45 46 48 54 57 53 52 50 54 60 60 55 53 52 52 52 52 54 57 57 66 65 68 66 64 70 73 62 55 50 48 53 53 53 56 60 60 60
55 44 41 40 40 39 39 31 28 24 23 26 44 73 90 76 66 55 42 38 37 37 38 42 44 44 43 42 43 43 42 43 45 44 41 39 39 40 39 38 36 36 38 39 40 39 40 40 42 45 47 45 45 47 47 45 45 45 46 52 54 52 50 50 55 64 63 57 54 52 52 54 59 67 61 59 58 56 59 61 59 71 73 62 53 48 46 52 50 55 62 66 62 59
68 70 61 55 40 35 30 27 26 22 21 22 34 55 79 75 66 60 54 41 38 36 36 40 42 42 46 46 51 54 49 47 46 41 39 38 39 39 39 37 36 43 50 49 43 41 42 41 42 44 47 45 45 45 45 44 43 44 45 48 56 50 50 50 55 63 71 62 56 57 57 57 63 74 66 59 54 54 54 54 55 68 64 58 52 48 45 52 52 58 72 74 64 61
77 77 60 70 37 25 24 24 22 21 20 20 28 45 59 71 69 62 54 43 40 38 36 37 39 40 43 45 48 52 52 48 44 44 38 38 40 38 36 34 36 40 48 49 42 40 41 42 43 46 46 45 45 45 44 44 44 45 45 49 54 50 50 51 54 64 68 60 55 52 54 56 62 72 73 63 56 51 50 50 54 63 60 57 54 50 45 46 52 61 90 78 66 62
68 78 71 72 37 21 20 21 21 19 18 18 24 41 54 67 59 56 51 43 40 39 37 36 37 41 43 43 45 48 50 48 42 40 37 37 36 36 36 35 36 36 37 40 38 39 41 42 43 44 43 42 43 43 44 44 45 45 47 52 55 50 50 51 58 68 68 59 54 51 51 54 61 68 82 67 61 52 50 49 50 54 61 62 62 53 46 44 48 60 64 82 64 59
81 85 87 60 36 22 20 19 18 18 16 16 20 32 46 65 59 52 47 37 36 38 35 37 39 43 46 46 45 48 50 45 39 37 37 37 37 38 38 36 36 36 33 37 41 41 40 41 42 44 42 42 44 44 44 45 45 46 51 56 58 52 52 54 68 66 60 56 51 49 49 51 57 64 73 63 59 53 51 49 47 50 57 66 68 57 46 44 46 56 56 70 71 58
85 87 70 56 68 34 25 23 18 17 15 16 17 29 46 53 51 38 36 34 36 31 26 28 35 37 39 42 45 45 42 39 38 37 39 39 43 43 42 39 34 33 33 35 42 41 43 41 42 44 43 44 47 47 46 46 48 50 55 58 61 56 52 59 67 59 54 51 49 47 48 48 53 60 64 59 57 53 51 49 47 47 59 77 76 64 51 44 44 52 52 63 68 56
80 84 77 80 64 40 36 27 26 23 17 15 15 25 43 46 43 33 30 31 35 26 21 22 26 32 42 41 38 36 37 35 39 42 41 43 45 46 43 38 34 32 32 32 38 40 40 41 43 45 46 48 49 49 49 49 53 53 57 60 62 60 58 63 65 58 51 48 47 46 46 46 48 50 51 53 56 53 52 49 47 47 54 68 69 63 60 48 42 47 48 53 56 55
72 67 77 88 69 45 43 49 46 41 22 15 15 20 41 43 35 33 29 33 35 26 21 20 22 24 36 44 33 29 28 30 34 36 39 43 48 46 40 37 34 32 31 31 32 37 37 40 46 48 50 47 50 49 50 51 53 56 58 60 63 65 63 65 62 62 59 51 48 46 46 46 46 47 48 52 56 56 56 51 47 47 47 54 63 60 60 50 44 42 47 54 70 59
58 80 80 85 75 56 56 68 58 53 25 15 15 16 25 32 43 36 37 47 36 35 25 19 20 20 27 38 33 24 24 25 30 36 41 48 46 40 36 33 33 31 31 31 31 35 35 37 39 42 45 44 44 46 48 51 53 55 59 63 64 65 66 64 57 58 53 51 47 47 46 49 48 48 50 52 56 60 61 51 47 45 46 54 57 57 55 54 46 42 42 48 62 75
63 62 70 90 79 74 63 78 65 60 40 22 15 15 17 25 31 46 49 48 37 37 29 18 17 18 24 31 35 28 21 24 27 34 40 43 42 38 34 32 31 31 31 31 31 33 33 33 35 38 41 41 41 42 44 48 50 50 53 59 60 57 65 59 50 47 45 46 49 50 48 54 50 48 50 51 56 57 61 51 47 44 44 54 52 52 51 50 48 42 42 42 49 80
69 68 77 83 90 89 73 86 72 52 41 23 17 15 15 23 31 35 47 37 37 35 28 20 20 18 18 22 29 34 21 19 24 30 36 38 40 38 35 31 34 36 32 31 31 31 33 33 33 35 38 40 40 39 43 47 49 49 49 50 50 52 57 59 49 44 44 46 50 55 50 50 52 50 50 52 53 57 63 57 49 44 44 48 48 52 50 49 49 48 50 40 43 73
65 74 83 87 84 64 81 94 79 65 47 35 23 17 15 25 41 46 47 38 34 32 28 27 23 23 18 18 21 35 25 19 21 27 33 36 34 34 31 34 40 40 35 33 32 32 33 33 34 34 35 36 37 39 43 48 54 53 49 48 47 51 54 53 47 44 43 44 48 52 50 48 49 50 52 55 58 65 65 63 56 46 46 44 43 50 48 48 58 49 44 38 39 66
56 65 74 75 78 61 63 68 86 90 59 36 20 17 15 20 46 52 50 52 37 34 31 32 29 29 20 19 24 35 29 21 19 21 27 28 29 30 34 40 44 40 37 34 33 33 33 33 35 34 35 35 37 39 44 48 55 56 51 46 46 48 50 48 46 43 42 42 46 49 50 48 49 52 57 60 59 65 63 53 53 49 46 48 41 41 40 45 64 55 42 38 37 44
58 62 70 62 51 57 56 75 85 90 70 38 19 15 14 18 41 52 52 64 47 34 31 31 30 33 28 24 30 35 35 23 18 18 18 22 27 30 37 46 50 44 39 37 34 33 33 33 36 34 32 34 37 39 41 44 50 52 49 46 44 48 55 50 46 43 41 41 44 46 48 49 52 52 57 58 56 57 60 48 45 51 50 45 39 39 38 41 61 62 42 35 35 37
44 51 56 58 42 40 57 73 81 75 80 48 20 15 13 17 39 52 63 61 47 29 25 27 29 30 33 29 30 39 39 26 19 21 16 18 21 29 40 46 52 47 41 37 36 35 34 36 38 34 32 33 35 39 42 43 43 46 48 45 50 52 54 47 47 44 41 41 43 44 47 48 54 56 54 50 45 51 56 47 42 44 53 43 38 38 38 41 62 80 44 35 33 35
39 40 37 41 44 52 74 71 71 84 86 55 30 14 12 14 23 43 56 59 47 25 19 19 24 29 33 24 27 43 36 27 27 29 21 16 16 22 31 42 48 50 47 40 39 39 35 38 35 32 31 33 35 36 39 45 48 47 43 44 54 56 56 48 44 48 43 42 43 46 43 46 52 55 52 46 41 43 58 48 39 39 49 52 41 38 38 41 57 69 46 37 33 33
34 35 54 60 59 64 71 57 69 69 73 70 43 15 12 13 18 27 46 45 26 18 15 15 17 22 25 19 30 49 42 29 38 40 26 18 13 16 20 31 39 41 45 43 35 34 32 32 30 29 33 37 36 34 35 40 44 41 39 44 47 46 50 47 44 43 40 40 42 42 40 43 55 56 54 46 39 40 55 47 40 39 46 53 50 52 47 43 53 72 48 40 35 32
30 42 47 45 58 62 59 46 60 65 78 78 42 18 12 12 14 20 37 45 26 17 12 12 14 17 15 16 27 33 37 33 38 41 34 23 13 11 11 18 28 32 34 42 36 32 30 29 27 26 33 41 38 33 33 36 41 37 36 39 41 40 43 47 47 43 40 37 36 36 37 40 48 49 55 52 39 38 57 48 40 39 48 61 61 60 55 49 57 89 53 42 35 32
26 30 30 31 39 41 38 52 69 80 80 78 41 19 14 12 13 14 23 50 45 22 11 10 12 12 14 25 29 25 29 30 39 43 38 25 13 9 9 11 18 28 34 36 38 33 30 28 26 26 26 31 36 30 30 32 37 37 33 34 35 37 40 43 45 42 42 37 36 35 36 40 43 48 55 51 37 35 55 48 40 39 44 55 54 68 61 58 66 94 55 43 36 32
35 38 40 38 36 36 44 47 53 64 78 78 47 20 16 13 13 14 18 47 50 27 12 10 10 9 12 19 24 22 26 29 38 39 35 21 13 9 9 9 9 18 23 30 32 32 32 29 27 26 26 26 28 28 28 30 33 33 31 33 34 35 40 47 47 44 41 36 36 36 42 47 48 48 49 43 34 36 43 47 42 39 44 48 49 61 65 69 78 78 55 45 38 33
41 42 51 47 41 41 54 71 81 70 83 86 57 33 19 16 13 14 15 37 58 46 23 12 9 9 9 12 16 22 24 29 32 37 30 21 13 9 9 9 9 11 13 20 22 25 32 32 29 26 26 25 26 27 27 29 29 30 31 31 37 38 39 42 41 40 39 39 40 40 44 47 47 51 44 36 34 34 53 47 39 41 46 54 50 58 73 83 102 75 57 48 39 34
44 48 51 47 52 54 51 69 92 84 98 98 70 48 20 17 15 15 15 21 50 53 30 17 9 9 9 11 14 22 23 29 30 34 30 23 15 9 9 9 8 8 11 13 15 17 27 35 32 27 24 24 25 25 26 28 28 28 29 31 33 34 35 37 39 39 40 44 44 46 50 50 45 43 38 34 34 38 50 39 37 42 52 54 51 65 99 123 108 76 63 53 43 34
39 44 49 59 65 62 69 67 94 77 81 92 101 63 36 20 18 16 15 15 25 57 46 31 18 14 14 11 14 18 24 30 30 28 30 22 15 11 9 8 8 8 8 10 11 11 15 23 29 28 26 24 26 24 24 25 25 26 28 29 31 35 36 39 41 38 39 40 44 51 51 50 46 41 36 34 34 38 42 36 34 38 53 52 59 75 113 126 109 82 67 49 40 38
35 37 41 52 63 65 71 79 79 74 70 80 95 88 47 22 19 18 15 16 19 42 50 50 45 25 27 24 18 19 28 35 34 30 27 21 16 12 9 9 8 8 8 8 8 8 11 15 21 26 27 26 26 23 23 24 25 26 26 28 28 28 32 37 39 38 37 38 40 41 41 42 43 40 36 34 35 36 36 34 34 37 47 51 64 101 117 109 99 83 71 52 40 38
27 32 34 35 39 44 65 86 82 70 58 78 96 98 74 43 22 19 16 16 17 20 27 42 51 32 31 32 31 25 30 47 47 33 29 24 20 14 11 12 17 22 14 8 8 8 8 10 15 24 32 32 29 23 23 24 24 25 25 26 27 27 27 28 30 32 38 41 44 44 41 40 39 38 38 37 36 36 34 34 34 38 41 50 68 110 106 90 76 76 74 60 40 35
20 20 26 31 34 47 72 72 88 82 55 75 90 92 95 73 46 22 18 16 17 18 20 24 40 49 34 32 32 34 34 34 43 32 27 27 24 17 15 20 33 35 23 13 7 8 8 10 16 27 31 37 36 25 23 23 23 24 24 25 25 26 26 26 28 30 39 47 52 48 47 45 44 44 46 46 44 40 36 34 33 35 37 45 59 98 90 67 69 76 73 53 38 37
19 26 32 43 46 51 69 68 58 57 51 70 73 80 88 75 66 46 21 17 16 17 17 20 23 41 42 31 29 29 30 22 21 22 27 32 31 24 21 23 35 37 27 17 8 8 8 8 15 25 31 37 40 31 23 23 23 23 23 23 25 25 25 26 27 30 39 50 66 60 57 54 54 52 54 52 52 50 45 39 37 33 33 37 48 77 60 60 70 89 61 46 38 36
