examples/night_lizards/data/train-rasters-2.5m/bclim11.asc
NCOLS 322 
NROWS 151 
XLLCORNER -122.75 
YLLCORNER 31.9166666666667 
CELLSIZE 0.0416666666666677 
NODATA_value -3.4e+38 
[rows 0 to 20 of 151, columns 47 to 93 of 322]
8.37066650390625 7.97200012207031 7.69733333587646 7.46733331680298 7.25600004196167 7.06799983978271 7.01266670227051 6.70000028610229 6.27333354949951 5.76466655731201 6.01666688919067 6.21066665649414 5.45466661453247 4.85200023651123 4.3473334312439 4.16733360290527 3.7793333530426 2.74399995803833 1.68400001525879 0.687999963760376 -0.817333400249481 -2.07400012016296 -3.26200008392334 -3.92799997329712 -4.29533338546753 -4.55999994277954 -4.89466667175293 -5.22800016403198 -5.64200019836426 -5.52466678619385 -5.55866670608521 -5.48199987411499 -4.77799987792969 -4.9520001411438 -3.88133335113525 -2.77333331108093 -2.71266674995422 -2.4026665687561 -2.40133333206177 -2.75799989700317 -3.17333340644836 -3.45733332633972 -3.46666669845581 -3.31599998474121 -2.44733333587646 -1.97266638278961 -2.23333334922791
8.08266639709473 7.42066669464111 7.22466659545898 7.51999998092651 7.41800022125244 7.32133340835571 7.09200000762939 6.79533338546753 6.54666662216187 6.56400012969971 6.65666675567627 5.64066648483276 5.37199974060059 4.68733310699463 4.20133304595947 3.47933340072632 2.75 2.14666676521301 1.34133327007294 0.503333389759064 -0.631333351135254 -1.58733344078064 -2.43799996376038 -3.16666650772095 -3.64333319664001 -3.75 -4.18266677856445 -4.83533334732056 -5.04866647720337 -5.61600017547607 -5.80733346939087 -5.62200021743774 -4.96799993515015 -4.1026668548584 -3.78200006484985 -4.33266687393188 -3.71599984169006 -3.32133316993713 -2.882000207901 -3.01600003242493 -3.10466647148132 -3.00333309173584 -2.3493332862854 -1.80066645145416 -1.47533333301544 -1.53266680240631 -1.66999995708466
8.05866622924805 7.38199996948242 7.39333343505859 7.48133325576782 7.42799997329712 7.2873330116272 7.22333335876465 7.09533309936523 7.03466653823853 7.04533338546753 6.49000024795532 6.12533330917358 5.87466669082642 5.12133312225342 4.43466663360596 3.53733348846436 2.60866665840149 1.72200000286102 1.56333339214325 0.827333390712738 -0.325333267450333 -0.817333281040192 -1.45666658878326 -2.47733354568481 -2.92200016975403 -3.32066679000854 -4.18200016021729 -4.49933338165283 -4.51800012588501 -4.80866670608521 -5.39599990844727 -5.70133352279663 -5.83933353424072 -6.12933349609375 -5.98533344268799 -5.68066644668579 -4.69600009918213 -4.27733325958252 -3.69133353233337 -3.10199999809265 -2.46933341026306 -1.62200021743774 -1.06599998474121 -0.753999888896942 -0.871333301067352 -1.06333315372467 -1.20199978351593
8.0426664352417 7.86199998855591 7.42533349990845 7.33533334732056 7.37333345413208 7.47866678237915 7.38533353805542 7.40666675567627 7.40666675567627 6.8526668548584 6.36666679382324 5.7553334236145 5.21933317184448 5.02133321762085 4.51733350753784 3.86400008201599 2.67666673660278 2.11933326721191 2.06533336639404 1.21333336830139 0.671333312988281 0.924666821956635 -0.611999988555908 -1.48133337497711 -1.69133341312408 -2.128666639328 -3.02466678619385 -3.30933332443237 -3.55466651916504 -4.00133323669434 -4.77799987792969 -5.36733341217041 -5.61733341217041 -5.77933359146118 -6.23133325576782 -5.87933349609375 -6 -4.95133352279663 -3.60666680335999 -1.96133315563202 -1.33066666126251 -0.50133341550827 0.326666682958603 0.77866667509079 0.135999917984009 -0.658666551113129 -0.878666818141937
8.25666618347168 7.97133350372314 7.84266662597656 7.57133340835571 7.32266664505005 7.74533319473267 7.89733362197876 7.84866666793823 7.1933331489563 6.70466661453247 6.26800012588501 6.21600008010864 5.90333318710327 5.3513331413269 5.17933320999146 4.65866661071777 3.47399997711182 3.20800018310547 2.85000014305115 2.03866672515869 1.817999958992 2.48733329772949 0.835333287715912 0.52866667509079 -0.385333299636841 -1.08266663551331 -1.66866672039032 -2.28600001335144 -2.57066655158997 -3.53333330154419 -3.88466668128967 -4.94533348083496 -5.16200017929077 -4.65533351898193 -5.02733325958252 -6.49733352661133 -5.55066680908203 -4.77133369445801 -3.83399987220764 -1.43400001525879 -0.192666694521904 0.717333316802979 1.17133343219757 1.5420001745224 0.793333292007446 -0.518000066280365 -1.25866663455963
8.47066688537598 8.12666702270508 8.07066631317139 7.93933343887329 7.88399982452393 7.92199993133545 8.21000003814697 7.71333312988281 7.16666650772095 6.96466684341431 6.82600021362305 6.510666847229 6.17933320999146 6.18266677856445 5.8973331451416 4.97800016403198 3.9466667175293 4.13333320617676 3.73133325576782 2.93533325195312 2.91333317756653 3.66000008583069 3.26066660881042 2.3066668510437 1.94200003147125 1.27199995517731 0.702666580677032 -0.36133337020874 -1.39066660404205 -1.38533318042755 -3.23333334922791 -4.4946665763855 -3.88866662979126 -3.9539999961853 -5.32933330535889 -6.74600028991699 -6.45133304595947 -6.21533346176147 -5.38066673278809 -2.44333338737488 -0.0966664925217628 0.98333328962326 1.29799997806549 1.51066660881042 0.563999950885773 -0.86133337020874 -1.95666658878326
8.5426664352417 8.33666610717773 7.97599983215332 7.97533321380615 8.08199977874756 8.0939998626709 8.10533332824707 7.82133340835571 7.39666652679443 7.22733306884766 7.05200004577637 6.83466672897339 6.6399998664856 6.70800018310547 6.1526665687561 5.60866689682007 4.85266637802124 4.87466669082642 4.59600019454956 4.28733348846436 4.01133346557617 4.49533319473267 3.82733345031738 4.33666658401489 3.21933341026306 2.83333301544189 2.77999997138977 1.06666672229767 1.55933332443237 0.990666687488556 -0.643333256244659 -1.9686666727066 -3.26933336257935 -3.58666682243347 -4.83133316040039 -6.37266635894775 -6.28533315658569 -5.58533334732056 -4.06933307647705 -2.50266671180725 -1.17666673660278 -0.434000164270401 0.00466664647683501 -0.00600004196166992 -0.696000099182129 -1.54733324050903 -2.17799997329712
8.47599983215332 8.50933265686035 8.1879997253418 8.0533332824707 8.17199993133545 8.09333324432373 7.94000005722046 7.73333358764648 7.62333345413208 7.41066694259644 7.26199960708618 7.28666639328003 7.22933340072632 7.13133335113525 6.76599979400635 6.64200019836426 5.76599979400635 5.70733308792114 5.73466682434082 5.98666667938232 5.83533334732056 5.11199998855591 4.82333326339722 3.28466653823853 1.72000002861023 0.485999971628189 -0.179999902844429 -0.133333280682564 -1.32933330535889 -2.27066683769226 -3.44533324241638 -3.34000015258789 -3.0239999294281 -3.53866672515869 -4.05000019073486 -4.5886664390564 -5.29199981689453 -6.57533311843872 -5.52199983596802 -2.66466665267944 -1.428666472435 -1.25133335590363 -1.58066666126251 -1.39266669750214 -1.81266665458679 -2.4593334197998 -2.51133322715759
8.39799976348877 8.52000045776367 8.53733348846436 8.41333293914795 8.1133337020874 7.9486665725708 7.95333337783813 7.86133289337158 7.78399991989136 7.78999996185303 7.78533315658569 7.41466665267944 6.83466672897339 6.51533365249634 6.36399984359741 6.38266658782959 6.81599998474121 6.76666641235352 6.40399980545044 5.80466651916504 5.28600025177002 4.54866647720337 4.1026668548584 2.86666655540466 1.121333360672 0.0253333244472742 -1.0440000295639 -1.66266667842865 -1.8013334274292 -2.11266684532166 -3.79800009727478 -3.80933332443237 -3.72866654396057 -4.45533323287964 -4.43733358383179 -4.40933322906494 -5.50999975204468 -6.43400001525879 -5.76200008392334 -3.04200005531311 -1.68066656589508 -1.62266659736633 -2.22399997711182 -2.23933339118958 -2.43333339691162 -2.93666672706604 -3.19266653060913
8.35999965667725 8.42800045013428 8.50399971008301 8.52400016784668 8.31599998474121 8.05533313751221 7.98000001907349 7.94000005722046 7.89200019836426 8.01466655731201 7.71333312988281 7.50799989700317 6.96199989318848 6.36133337020874 5.96600008010864 5.97399997711182 6.0513334274292 6.25 5.92999982833862 5.3600001335144 4.95533323287964 4.45533323287964 3.8953332901001 3.1800000667572 1.87933349609375 0.473333358764648 -1.01800000667572 -1.90200006961823 -1.38333332538605 -1.8566666841507 -2.44266653060913 -3.06933331489563 -4.30466651916504 -4.78599977493286 -5.50333309173584 -5.75466680526733 -5.32266664505005 -7.06133317947388 -7.02933359146118 -4.7039999961853 -2.48200011253357 -2.10733342170715 -2.25933337211609 -2.51800012588501 -2.58133339881897 -3.12933325767517 -3.49133324623108
8.27866649627686 8.28066635131836 8.41933345794678 8.57533359527588 8.61266708374023 8.57199954986572 8.37199974060059 8.11600017547607 8.01466655731201 8.15466690063477 8.19600009918213 7.46599960327148 7.23333311080933 6.90466642379761 6.2993335723877 5.88266658782959 5.90999984741211 6.14066648483276 6.05533313751221 5.36266660690308 4.46599960327148 4.06733322143555 3.38066673278809 2.79733347892761 1.61199998855591 0.476666688919067 -0.72133332490921 -1.4613333940506 -0.74399995803833 -0.370666593313217 -0.44666662812233 -2.38533329963684 -3.20600008964539 -4.10666656494141 -5.35133361816406 -6.87666654586792 -6.54866647720337 -6.68333339691162 -6.28333330154419 -4.52199983596802 -2.64733338356018 -2.99533319473267 -2.47933340072632 -2.29399991035461 -1.80466675758362 -1.9119998216629 -1.96133327484131
8.17533397674561 8.17600059509277 8.36200046539307 8.54333305358887 8.61733341217041 8.65333366394043 8.57533359527588 8.40799999237061 8.23000049591064 8.26399993896484 8.23733329772949 7.75733327865601 7.35533332824707 7.42133331298828 7.10533332824707 6.41200017929077 6.21066665649414 6.32533359527588 6.37466669082642 6.10400009155273 5.96066665649414 5.79733324050903 4.81400012969971 3.9486665725708 3.73000001907349 3.02466654777527 1.97466671466827 1.20466661453247 1.21266674995422 1.25466656684875 -0.209333255887032 -1.39133334159851 -2.66199994087219 -3.35800004005432 -4.68733310699463 -6.3033332824707 -7.42533349990845 -6.34000015258789 -5.68866682052612 -4.94133329391479 -4.5973334312439 -3.40400004386902 -2.3733332157135 -1.59466648101807 -1.40133321285248 -1.11133337020874 -1.13733327388763
8.16199970245361 8.16733360290527 8.20866680145264 8.27600002288818 8.31266689300537 8.33399963378906 8.38733291625977 8.493332862854 8.45266628265381 8.28266716003418 8.25933361053467 7.98000001907349 7.96400022506714 7.95533323287964 7.42666673660278 6.85866689682007 6.78600025177002 6.71799993515015 6.70133352279663 6.5406665802002 6.70533323287964 6.80000019073486 6.54133319854736 6.5460000038147 6.40333366394043 5.51466655731201 2.43333339691162 0.859333336353302 -0.119333349168301 -0.295333296060562 -0.707333326339722 -1.60000014305115 -4.02533340454102 -4.84999990463257 -4.39400005340576 -5.44933319091797 -5.9060001373291 -5.01600027084351 -5.83533334732056 -5.10200023651123 -3.7260000705719 -3.16733336448669 -2.49266648292542 -2.11666679382324 -1.46000015735626 -1.43466663360596 -1.44266664981842
8.13199996948242 8.10133361816406 8.13799953460693 8.14266681671143 8.11066627502441 8.14266681671143 8.22799968719482 8.41133308410645 8.44799995422363 8.48533344268799 8.39133358001709 8.18200016021729 8.24533367156982 7.75666666030884 7.66733360290527 7.44266653060913 7.12599992752075 7.15333318710327 6.94266700744629 6.83133316040039 7.03266668319702 6.82733345031738 6.78133344650269 6.16733312606812 5.47200012207031 4.13733339309692 2.67600011825562 1.05000007152557 0.16066662967205 -0.749333381652832 -1.41466665267944 -2.03933334350586 -3.79666662216187 -5.55399990081787 -5.1100001335144 -4.94799995422363 -4.19733333587646 -2.62999987602234 -4.46799993515015 -4.42266654968262 -2.97399997711182 -2.49866676330566 -3.34333324432373 -2.489333152771 -1.77733325958252 -1.5826667547226 -1.53600001335144
8.10866641998291 8.01733303070068 8.04666709899902 8.09466648101807 8.09799957275391 8.09533309936523 8.07266712188721 8.25733375549316 8.41666698455811 8.50399971008301 8.50733375549316 8.2993335723877 8.32800006866455 7.9466667175293 7.58866691589355 7.60599994659424 7.37466669082642 7.18666648864746 7 7.01666688919067 6.7093334197998 6.31933355331421 6.21000003814697 6.60733318328857 6.25266647338867 5.67066669464111 3.98000001907349 2.17799997329712 0.403333336114883 -0.777333319187164 -2.25399994850159 -2.86199998855591 -3.21399998664856 -4.19400024414062 -4.1026668548584 -3.43799996376038 -2.16000008583069 -0.848666727542877 -2.35733342170715 -2.98066663742065 -1.57466661930084 -1.87133324146271 -3.41533327102661 -3.79400014877319 -3.89399981498718 -3.6726667881012 -2.46000003814697
8.12733364105225 8.04800033569336 8.010666847229 8.01466655731201 8.05799961090088 8.07933330535889 8.06466674804688 8.13066673278809 8.21266651153564 8.31733322143555 8.40066623687744 8.37666702270508 8.31799983978271 8.02066707611084 7.81400012969971 7.44733333587646 7.13133335113525 6.66333341598511 6.72466659545898 6.66400003433228 6.71133327484131 6.37400007247925 6.07133340835571 6.25866651535034 4.62266683578491 3.86400008201599 4.43666696548462 3.40466666221619 2.05866670608521 0.601999998092651 -0.796000063419342 -1.39800000190735 -1.85133349895477 -3.55600023269653 -2.74333333969116 -1.31933331489563 -0.517999947071075 0.285333395004272 0.809333324432373 0.235333278775215 0.107333265244961 -1.5660001039505 -3.28266668319702 -5.01933336257935 -5.92600011825562 -5.92133331298828 -5.12333345413208
8.15733337402344 8.04866695404053 7.99866676330566 7.97599983215332 7.99000024795532 7.97599983215332 7.9539999961853 8.01200008392334 8.12733364105225 8.24933338165283 8.33333301544189 8.44999980926514 8.36666679382324 8.06133365631104 7.94466686248779 7.88000011444092 7.64400005340576 7.15999984741211 7.02466678619385 7.06866693496704 6.91000032424927 6.81266689300537 6.58466672897339 6.02333307266235 5.12400007247925 3.54933333396912 4.07999992370605 4.00933313369751 3.10400009155273 1.82333326339722 0.24200002849102 -1.00333321094513 -1.0366667509079 -1.10133326053619 -1.37333333492279 -0.118000030517578 0.469999879598618 1.14600002765656 2.56733345985413 0.937999963760376 -0.441333383321762 -1.62200009822845 -2.82800006866455 -3.64199995994568 -5.48000001907349 -6.82600021362305 -6.73200035095215
8.1540002822876 8.07133388519287 8.00933361053467 7.9593334197998 7.96266651153564 7.95666694641113 7.96000003814697 8.04199981689453 8.2519998550415 8.38866710662842 8.41733360290527 8.44400024414062 8.46533298492432 8.20600032806396 8.0533332824707 7.99866676330566 7.78133344650269 7.32000017166138 7.32733345031738 7.39466667175293 7.27266645431519 7.16866683959961 7.09000015258789 6.79400014877319 6.39800024032593 6.17799997329712 3.86866664886475 3.53600001335144 3.00999999046326 1.78733336925507 -0.209333345293999 -0.835333287715912 0.405333369970322 1.20933330059052 1.22400009632111 0.872666776180267 1.22400009632111 2.90000009536743 2.6453332901001 0.723999977111816 -1.48133325576782 -2.96599984169006 -5.0053334236145 -5.00733327865601 -5.54733324050903 -6.45800018310547 -6.89133310317993
8.14066696166992 8.11600017547607 8.01333332061768 7.92066669464111 7.94133329391479 7.98799991607666 8.05533313751221 8.18866634368896 8.3953332901001 8.51799964904785 8.57066631317139 8.52133369445801 8.55266666412354 8.43933296203613 8.27200031280518 8.01000022888184 7.91533327102661 7.55399990081787 7.32599973678589 7.35733318328857 7.34466648101807 7.37866640090942 7.35599994659424 7.13066673278809 7.13266658782959 6.57999992370605 5.014000415802 4.88399982452393 3.74733304977417 3.02133321762085 1.5073333978653 0.308000087738037 1.15733325481415 2.55800008773804 2.8546667098999 2.46600008010864 2.94600009918213 3.53866672515869 2.31000018119812 1.45866668224335 0.0706667080521584 -2.94133329391479 -4.09066677093506 -4.02333354949951 -4.48866653442383 -4.75600004196167 -5.4060001373291
8.10133361816406 8.15799999237061 8.09133338928223 8.03800010681152 8.07933330535889 8.11333274841309 8.10733318328857 8.1966667175293 8.38933372497559 8.48400020599365 8.53800010681152 8.49666690826416 8.53333377838135 8.56599998474121 8.50800037384033 8.36533355712891 8.15733337402344 8.01133346557617 7.75666666030884 7.51733350753784 7.51333332061768 7.61666679382324 7.69266653060913 7.66133308410645 7.42199993133545 7.12266683578491 6.64866638183594 6.28800010681152 5.64933347702026 3.86533331871033 2.05933332443237 0.395999908447266 1.50200009346008 3.32333326339722 3.90133333206177 4.27533340454102 4.47799968719482 2.6159999370575 1.20799994468689 1.05866682529449 0.740666627883911 -0.494666576385498 -1.01399993896484 -1.24733328819275 -2.49600028991699 -4.81133317947388 -6.22399997711182
8.01200008392334 8.03933334350586 8.08400058746338 8.18400001525879 8.27200031280518 8.18733310699463 8.10200023651123 8.15066623687744 8.2480001449585 8.34666633605957 8.42666625976562 8.40333366394043 8.39200019836426 8.52866649627686 8.56733322143555 8.51799964904785 8.44400024414062 8.32666683197021 8.20800018310547 8.08866691589355 7.92866659164429 7.87400007247925 7.92799997329712 7.99066686630249 7.59266662597656 7.24200010299683 7.02666664123535 6.97599983215332 6.53600025177002 5.42333316802979 3.628666639328 2.33666658401489 1.45733332633972 2.81466674804688 4.52400016784668 5.21600008010864 4.00266695022583 2.61466670036316 1.21599996089935 0.150000020861626 0.529999911785126 0.467333406209946 0.20066674053669 -0.535333395004272 -2.68733334541321 -4.6399998664856 -6.24066686630249
