examples/night_lizards/data/train-rasters-2.5m/bclim18.asc
NCOLS 322 
NROWS 151 
XLLCORNER -122.75 
YLLCORNER 31.9166666666667 
CELLSIZE 0.0416666666666677 
NODATA_value -3.4e+38 
[rows 42 to 83 of 151, columns 188 to 281 of 322]
29 31 33 33 33 35 39 41 38 35 33 30 30 29 30 34 37 40 42 44 44 47 48 46 46 48 54 89 113 118 116 116 119 117 114 111 109 108 114 125 124 127 129 121 115 119 119 116 115 113 94 93 94 86 64 71 81 78 85 104 114 147 155 163 168 176 175 149 124 96 84 78 75 61 68 74 76 74 74 75 69 77 68 60 58 59 58 60 61 61 62 62 65 67
31 34 35 35 37 41 50 47 43 41 40 32 28 28 30 38 44 46 49 44 42 42 44 43 44 49 60 92 110 123 121 119 119 127 124 114 111 111 115 129 130 133 140 128 112 119 121 119 111 114 113 91 92 89 68 65 62 61 63 75 87 121 153 161 166 174 177 174 138 103 91 86 65 57 75 74 74 74 75 75 74 70 65 58 57 58 57 58 61 64 60 60 64 62
34 39 37 39 44 45 44 38 37 42 34 28 28 30 34 46 51 62 53 49 46 41 38 41 44 49 81 92 104 123 121 119 115 115 114 110 112 111 111 123 135 141 132 123 109 119 122 116 79 111 115 86 71 65 65 75 89 93 70 63 92 113 150 158 164 171 177 178 177 124 106 91 69 68 78 76 75 75 75 76 73 68 62 57 59 57 53 57 62 63 58 59 60 60
34 37 40 44 52 52 41 37 36 34 31 29 28 32 37 48 54 63 60 57 46 38 37 41 44 50 87 90 97 111 117 118 120 116 114 113 107 109 108 105 109 128 128 111 106 123 123 108 73 77 99 64 65 73 69 91 92 82 61 77 107 105 109 116 154 167 172 176 178 171 123 100 74 65 80 78 76 75 74 72 66 66 61 57 54 52 51 53 59 57 56 56 55 55
32 34 36 39 45 47 39 36 34 34 34 36 28 32 40 49 57 66 87 64 45 36 37 39 43 51 86 94 103 117 116 119 120 119 120 118 114 106 101 105 100 130 132 105 110 107 110 87 66 67 70 77 67 77 93 97 94 62 75 96 86 77 70 86 148 160 163 164 170 171 118 72 60 58 72 79 76 72 70 65 61 65 60 54 54 52 51 52 57 53 53 53 53 53
28 29 33 35 35 36 36 38 37 41 39 34 28 33 40 49 60 85 81 56 44 34 37 42 44 55 85 92 113 123 122 122 121 125 124 109 107 113 94 106 92 119 118 101 95 86 69 89 75 81 113 85 84 70 93 100 100 78 70 63 63 58 65 88 124 107 111 162 161 126 156 95 72 63 61 78 75 69 65 61 59 61 59 54 52 51 49 49 49 47 49 51 51 53
26 27 29 31 30 32 38 37 36 36 33 29 29 34 41 51 59 81 54 45 37 36 36 39 47 83 101 110 115 125 124 122 129 128 125 108 87 91 85 96 85 98 88 66 93 111 95 111 77 113 120 94 87 79 72 90 101 105 94 70 93 88 58 77 83 79 106 120 97 100 159 127 81 63 56 62 59 58 61 59 59 56 54 52 47 51 49 48 46 46 47 46 46 48
26 26 26 27 27 29 28 30 34 28 28 29 29 30 37 58 60 54 44 34 37 39 34 39 60 86 96 115 122 124 124 124 128 129 131 126 97 67 87 92 65 64 98 101 112 129 105 110 115 123 122 102 92 96 75 82 92 103 103 100 109 101 64 58 60 78 80 77 70 88 100 120 82 54 54 80 69 58 59 56 55 53 52 50 45 45 45 45 42 44 44 44 44 45
28 27 25 25 25 27 36 38 41 30 28 29 30 31 30 37 42 41 36 34 46 39 37 42 59 95 95 101 112 117 120 123 126 129 129 132 111 87 62 63 58 92 120 120 128 126 124 119 126 126 124 104 100 100 92 81 96 99 103 105 108 108 99 80 62 59 58 57 63 62 80 81 60 50 56 84 70 57 59 57 55 53 51 47 43 43 41 41 40 41 42 49 51 48
36 34 26 26 27 38 48 48 41 34 30 30 32 31 31 31 35 45 36 36 51 47 54 69 54 52 59 84 94 101 112 117 110 124 121 127 116 84 86 97 90 129 131 126 141 132 133 128 129 129 126 106 103 103 102 85 88 98 101 102 105 106 109 108 96 98 102 95 81 59 58 62 53 61 83 91 73 64 57 60 57 54 51 46 44 42 43 45 45 46 51 55 56 50
39 42 30 28 28 36 49 57 42 36 31 32 34 33 33 33 34 39 35 42 53 51 67 81 80 73 65 55 89 89 100 114 98 108 118 118 91 59 93 120 108 139 133 136 141 138 135 132 131 129 127 107 104 104 104 98 98 89 98 100 104 107 106 107 109 112 114 117 111 79 71 68 88 106 110 99 79 66 66 64 60 55 50 46 44 44 42 43 50 53 54 57 60 56
39 40 38 34 27 34 44 58 45 37 33 37 39 39 39 39 44 42 41 55 57 58 81 105 86 86 82 55 60 91 107 95 90 102 123 121 94 61 61 107 116 136 134 144 141 141 137 135 132 130 110 108 106 106 104 101 100 95 100 100 101 106 106 106 109 112 114 116 118 123 117 112 111 108 105 101 87 66 66 65 60 55 50 46 44 44 44 44 52 54 57 60 62 64
32 34 36 37 29 32 38 51 43 36 36 41 43 43 47 47 53 47 49 63 63 67 105 109 107 89 73 66 49 91 101 70 102 124 130 115 112 74 61 91 114 133 136 149 146 142 139 135 132 131 110 108 108 106 106 103 101 97 98 101 100 101 106 106 110 114 114 116 117 120 125 124 113 104 101 95 94 90 76 64 59 51 49 47 45 45 44 44 50 54 56 61 64 66
31 33 34 39 34 27 30 44 42 38 39 43 48 51 55 55 54 49 58 68 68 72 87 87 110 109 89 86 58 67 70 71 101 97 110 126 115 74 59 96 137 144 146 148 146 143 140 136 135 112 110 109 108 107 106 103 101 100 99 99 100 100 102 104 108 111 114 113 116 120 122 122 120 115 112 112 112 107 103 95 73 55 51 47 45 45 45 44 47 56 56 59 63 63
33 35 39 43 30 27 28 35 40 38 41 45 52 57 65 64 61 53 56 65 76 89 86 110 114 111 89 76 69 60 57 57 75 95 108 129 103 70 58 102 144 143 156 148 147 144 142 138 135 112 110 109 107 106 106 104 103 101 101 100 100 102 102 102 107 110 111 111 111 114 117 117 117 116 115 113 109 103 96 95 77 58 54 50 47 45 47 46 46 52 58 58 58 60
38 41 42 43 31 30 34 36 43 41 42 47 53 62 69 74 68 58 54 61 82 114 119 116 112 95 93 92 90 72 57 74 59 73 103 109 97 66 60 110 139 138 150 143 142 147 144 138 117 113 108 108 106 107 105 105 103 103 102 100 100 104 104 103 105 109 110 111 109 111 112 113 113 113 113 110 107 101 94 82 66 60 56 53 49 47 47 49 48 48 51 58 58 60
45 47 45 36 30 29 37 42 46 44 43 47 53 60 68 76 70 61 56 56 63 76 104 117 115 112 94 91 80 79 65 90 84 58 63 64 66 55 81 115 122 137 148 140 137 146 145 141 117 115 111 108 107 106 107 106 105 103 103 101 102 107 105 103 104 106 108 108 108 109 111 113 114 113 110 109 105 100 93 79 69 65 60 56 52 50 49 49 49 50 51 56 60 61
53 54 49 35 27 26 34 44 50 47 44 47 52 59 65 72 69 63 58 56 56 61 65 78 104 111 94 88 94 92 82 79 85 86 87 75 73 73 77 87 115 137 147 139 136 143 146 120 118 118 122 116 110 107 107 107 105 105 104 103 102 106 106 104 105 105 107 109 113 113 114 113 114 113 110 107 102 97 90 79 73 69 67 65 57 52 49 50 51 51 52 55 58 63
60 60 47 36 29 24 33 38 46 49 46 47 52 61 66 71 67 61 61 55 55 56 58 62 73 111 117 98 96 91 79 88 91 91 90 86 80 93 95 114 127 139 146 142 135 140 150 124 122 120 122 122 119 114 110 113 105 105 104 104 104 104 106 106 106 107 107 109 112 114 116 115 114 114 111 107 101 93 87 81 77 74 71 69 66 60 52 53 55 55 54 55 57 60
52 60 51 39 29 24 29 34 45 54 49 47 51 59 67 66 65 67 63 56 56 56 58 61 74 94 123 120 96 90 94 96 94 95 95 80 89 99 125 126 129 135 141 141 114 144 152 127 124 122 122 124 126 118 118 113 107 107 106 106 106 106 107 108 108 109 109 110 112 115 118 118 118 115 113 111 101 94 92 89 83 80 77 72 69 62 56 56 56 59 57 57 59 60
50 57 55 37 31 26 26 34 46 62 59 51 51 54 59 64 74 79 67 57 56 57 58 61 64 75 114 119 98 101 102 98 96 96 89 85 95 127 109 131 134 132 134 111 113 129 129 126 124 124 126 127 127 122 120 118 110 108 108 109 110 110 110 110 111 111 112 113 115 117 120 121 118 118 115 110 103 101 100 95 90 85 79 77 73 64 58 58 57 61 61 59 59 58
52 55 51 38 31 25 26 34 48 68 65 55 52 54 57 63 76 88 70 59 57 58 60 61 62 67 78 89 103 130 127 102 98 93 91 94 103 107 107 109 110 110 110 111 116 131 126 124 121 124 126 133 127 122 120 117 115 109 111 114 115 115 114 115 116 116 116 117 120 122 126 126 126 124 119 115 111 110 110 106 95 90 85 81 77 67 62 59 59 61 61 61 60 59
56 55 43 37 30 25 26 32 43 60 63 56 54 55 58 64 78 118 77 64 61 60 60 62 64 65 69 75 99 132 125 96 93 93 97 100 104 106 109 110 113 112 111 111 111 120 124 123 120 120 126 129 124 122 120 118 114 113 115 118 118 120 119 118 119 120 122 122 126 130 132 130 134 132 131 132 125 123 122 117 104 97 91 86 81 72 68 63 62 63 61 61 61 64
57 52 42 35 31 25 25 30 38 55 62 58 56 56 59 69 82 96 83 72 64 62 61 62 64 66 69 72 95 100 93 91 91 93 98 107 107 109 110 114 115 116 112 107 108 111 126 125 120 119 123 133 128 128 123 120 118 119 119 118 120 122 123 122 123 124 131 130 130 137 138 136 143 141 141 140 141 134 133 122 113 108 99 93 87 81 77 68 65 63 63 61 61 64
54 54 43 36 31 25 24 26 34 48 61 60 58 58 59 67 76 87 96 91 75 66 64 65 64 67 71 72 83 94 90 91 93 95 98 104 111 113 113 114 116 118 114 109 107 107 116 127 122 118 124 128 131 127 122 120 120 119 116 118 120 126 127 127 127 128 132 134 139 142 141 145 156 161 154 151 155 144 135 126 120 120 109 100 93 87 84 74 70 68 67 66 64 65
49 49 45 41 34 28 24 26 32 39 50 60 62 63 62 64 67 75 117 90 79 71 66 69 65 69 81 80 79 92 90 96 98 101 103 108 118 119 118 117 116 113 116 116 113 110 110 128 122 117 120 125 135 128 124 121 116 114 117 122 122 127 131 130 131 134 140 145 145 148 147 149 153 173 163 161 161 163 157 141 136 140 127 113 105 95 88 80 74 71 70 68 66 65
47 46 48 48 40 34 28 25 30 36 46 60 68 71 67 65 65 68 81 94 77 71 67 66 67 74 85 93 83 82 90 100 107 108 112 120 119 117 118 113 114 113 115 121 119 118 116 120 114 112 116 123 131 128 123 118 114 114 119 126 128 131 137 135 139 142 143 143 147 161 160 153 155 157 159 167 176 257 245 165 140 135 135 131 116 102 94 90 83 79 75 71 69 67
45 46 50 55 52 42 38 26 30 36 45 58 72 66 61 61 61 65 76 90 73 68 66 66 69 75 85 101 91 85 87 100 135 139 114 116 116 116 117 114 114 113 117 127 123 121 114 110 113 112 115 122 125 123 119 114 114 112 115 129 130 133 141 143 144 145 148 149 151 156 159 155 155 157 157 164 173 242 243 163 138 131 133 129 117 108 100 98 93 86 82 76 73 69
44 46 53 61 66 52 40 28 28 35 43 58 73 62 58 58 59 61 69 85 75 68 66 68 72 76 84 100 92 87 85 90 98 115 113 112 115 118 119 119 116 115 117 124 126 120 113 115 115 114 118 125 126 123 116 112 113 114 116 122 125 135 144 152 153 151 153 154 154 152 154 155 155 154 157 159 153 157 165 165 139 133 131 125 120 114 104 99 95 88 86 82 78 73
42 46 53 61 60 49 38 29 27 34 42 55 67 60 56 56 56 58 64 75 73 69 69 72 76 79 83 93 89 89 85 87 97 112 106 108 112 115 117 118 116 118 121 129 126 124 119 114 115 117 118 130 128 120 114 110 110 111 113 118 126 136 147 152 159 162 159 158 155 154 153 152 157 153 152 156 157 153 149 156 140 137 130 126 124 116 112 107 98 93 88 86 80 78
42 44 49 54 49 44 35 28 26 33 40 49 62 63 56 55 55 56 59 69 67 71 75 82 86 86 87 87 85 83 85 85 99 106 104 105 111 112 114 122 122 118 122 128 129 130 124 118 113 113 110 116 117 114 113 111 112 113 115 120 125 138 150 154 166 166 162 160 156 156 153 152 156 155 156 156 154 152 148 144 142 138 135 129 125 120 114 109 102 97 93 89 84 82
40 42 46 49 47 41 31 26 26 32 38 46 58 65 58 53 52 54 56 61 65 73 82 97 104 112 99 90 85 81 78 85 87 96 104 108 118 114 114 118 120 118 120 124 129 131 130 124 122 123 120 110 109 115 118 119 120 119 119 120 125 136 149 156 158 163 165 162 156 155 154 154 157 159 159 160 156 152 150 146 146 144 139 135 131 126 120 113 106 103 99 95 91 86
40 40 43 45 40 34 26 26 28 33 38 45 53 71 60 52 51 52 56 59 68 76 84 104 153 145 103 94 86 79 76 82 91 95 104 112 117 114 109 114 116 118 120 126 132 133 133 128 129 133 125 115 111 115 124 128 131 127 123 122 124 133 146 156 156 160 166 165 162 157 152 152 160 162 160 162 156 152 153 151 151 152 148 143 135 131 125 119 113 108 103 98 95 92
41 39 40 45 38 28 24 24 28 33 40 48 53 65 63 52 50 51 55 58 63 78 89 105 158 142 99 89 83 78 76 86 98 105 108 108 113 110 110 115 119 120 121 124 132 134 140 136 137 133 128 120 114 113 118 126 139 137 131 126 125 127 137 146 148 156 161 162 157 157 151 152 161 162 162 162 154 153 156 155 154 152 152 149 144 136 132 126 119 113 106 102 99 97
44 39 38 45 42 27 24 25 27 31 37 46 52 65 58 52 49 50 52 57 61 72 91 99 143 111 96 89 81 75 76 93 103 103 98 97 104 106 118 119 121 127 128 127 132 138 146 143 145 136 129 125 120 116 117 120 130 139 138 130 122 125 127 131 141 150 155 159 157 152 140 153 163 159 159 156 152 157 162 163 159 158 154 154 154 148 139 133 128 123 113 107 103 101
41 39 35 39 33 26 24 25 26 29 34 40 50 66 64 52 49 49 51 54 60 75 100 139 113 105 95 85 80 75 76 82 83 93 100 99 105 114 125 133 128 130 136 132 135 140 149 156 149 141 132 128 125 121 121 118 121 128 135 131 126 124 123 125 131 133 141 151 145 128 137 151 157 159 155 154 151 158 159 162 165 212 162 160 159 157 152 140 133 127 119 112 108 106
39 37 34 33 29 25 24 25 26 28 31 36 42 56 63 60 53 48 50 53 60 71 90 106 111 106 93 82 76 71 70 73 89 105 113 107 108 121 136 139 136 133 137 138 136 145 150 148 146 137 131 129 128 126 121 120 121 122 126 130 130 127 122 121 123 125 131 129 127 125 146 131 149 144 131 147 149 154 157 162 206 214 204 202 203 200 195 148 138 132 124 117 113 110
42 41 34 31 29 27 25 24 25 27 29 34 39 48 50 55 62 48 48 53 59 68 83 90 112 112 110 95 82 73 68 70 85 103 118 112 109 117 121 126 133 138 136 133 135 147 154 148 140 137 137 134 130 128 124 122 122 123 124 129 129 125 124 122 117 117 122 125 125 148 126 122 127 125 128 131 133 156 158 162 207 213 212 210 210 205 200 193 144 137 130 123 119 116
47 44 37 34 34 29 25 25 25 26 29 31 36 40 42 52 57 52 46 51 56 62 68 88 100 121 106 95 82 75 66 71 83 100 120 116 109 106 114 121 132 130 124 128 135 147 152 155 149 140 136 135 134 132 127 128 137 132 129 128 134 134 135 135 131 129 129 124 109 119 121 117 117 115 117 115 139 154 199 201 206 213 216 216 217 212 205 200 191 182 136 131 126 121
42 42 41 41 46 31 27 25 25 25 27 29 33 36 38 42 44 44 44 50 55 62 68 77 97 114 103 95 82 73 67 66 76 90 106 119 108 104 108 114 116 113 119 134 141 144 148 152 148 145 139 133 132 132 131 135 142 143 136 136 139 145 152 151 148 148 152 131 110 109 117 111 109 109 109 117 137 137 195 201 206 215 221 221 227 215 207 203 197 190 182 139 135 130
39 40 42 42 39 32 29 27 25 25 25 27 29 32 36 38 40 40 44 49 54 59 65 73 95 144 107 94 82 73 67 64 72 84 99 117 116 109 103 104 105 110 120 131 142 144 148 147 143 150 149 144 135 133 134 139 145 145 142 142 142 145 152 161 163 172 171 134 110 103 107 108 105 126 128 110 120 134 144 197 205 212 224 223 227 221 212 206 200 197 192 182 177 137
38 41 42 42 42 37 32 29 27 25 25 27 29 31 34 36 38 40 44 48 52 57 64 71 80 99 104 86 77 71 66 63 69 77 85 103 112 113 109 104 107 119 124 133 140 142 144 135 134 144 148 146 142 139 139 143 150 150 150 149 149 147 152 161 167 183 183 162 122 107 103 104 102 111 108 110 127 132 144 201 207 210 216 221 225 217 214 212 204 201 196 189 184 180
