examples/night_lizards/data/train-rasters-2.5m/bclim15.asc
NCOLS 322 
NROWS 151 
XLLCORNER -122.75 
YLLCORNER 31.9166666666667 
CELLSIZE 0.0416666666666677 
NODATA_value -3.4e+38 
[rows 42 to 62 of 151, columns 141 to 187 of 322]
55.1016693115234 47.192325592041 49.2052154541016 44.5072021484375 45.4558029174805 45.1720008850098 43.4940338134766 47.2342224121094 46.3375968933105 45.6922454833984 45.4750938415527 43.924976348877 44.9964332580566 45.0435638427734 46.7186241149902 45.1279830932617 45.8266868591309 47.0404357910156 45.358585357666 47.5776863098145 43.4532470703125 38.0621490478516 37.0780220031738 36.1585159301758 36.6309356689453 36.1690330505371 36.7829513549805 37.0999603271484 37.2700614929199 36.3573989868164 36.0699043273926 35.2217407226562 35.1179847717285 34.8459930419922 32.3478317260742 29.1816024780273 30.8690872192383 33.2113952636719 32.8063774108887 35.0088882446289 34.0192909240723 35.4875640869141 35.3041534423828 36.205493927002 34.4147109985352 35.0683250427246 36.8581733703613
55.5557479858398 46.6375007629395 48.3186225891113 47.6483535766602 47.2701568603516 46.0194282531738 43.3038024902344 46.1134986877441 46.892032623291 46.3089866638184 45.8831481933594 46.5370979309082 45.6922454833984 45.2375259399414 45.438835144043 46.0265235900879 46.3850440979004 45.7816505432129 46.7307739257812 46.7652168273926 46.0780334472656 41.883903503418 38.8214416503906 35.8726501464844 36.0568504333496 35.3118362426758 35.9096603393555 35.344482421875 36.1097602844238 34.8974761962891 36.2703399658203 36.3738174438477 35.9074897766113 34.1510276794434 32.6178855895996 30.3708324432373 29.1429138183594 30.821159362793 31.3724536895752 33.8689270019531 35.3472290039062 35.549732208252 34.3490905761719 35.5189476013184 35.1191024780273 35.4512557983398 38.4482421875
54.6196174621582 52.4837646484375 46.7099380493164 47.93359375 47.1659240722656 46.3547210693359 46.8275184631348 45.5209617614746 45.5050239562988 47.9481315612793 44.3197555541992 44.4846382141113 44.9964332580566 45.0560836791992 45.3951263427734 45.8266868591309 45.7816505432129 45.7816505432129 46.5641441345215 45.8977813720703 45.9193420410156 45.1796264648438 41.2754325866699 37.5776290893555 36.4488792419434 36.1670799255371 35.4253921508789 35.052116394043 35.2360954284668 35.1345672607422 35.7224807739258 36.0515747070312 35.0903587341309 35.6028633117676 36.6704177856445 32.8611183166504 31.327953338623 32.9782600402832 32.1047554016113 33.3458518981934 35.1763229370117 33.7697792053223 34.4002456665039 34.4441871643066 35.9145812988281 36.9386825561523 39.1467590332031
55.5557479858398 56.4978523254395 48.0908241271973 46.855525970459 47.2048187255859 46.1472816467285 46.8275184631348 47.9641189575195 48.1781005859375 46.2025108337402 44.4724769592285 43.4216079711914 43.4216079711914 46.265007019043 48.9847450256348 46.9212951660156 47.8138732910156 46.68212890625 45.7140312194824 44.8377494812012 41.1942901611328 43.9986038208008 42.9652328491211 39.9809150695801 37.3763122558594 36.7312355041504 35.967830657959 35.6758346557617 35.5624694824219 35.4491386413574 35.0995674133301 34.9730682373047 35.7630653381348 37.1737213134766 35.7570991516113 34.9960746765137 33.4007759094238 34.7229042053223 36.2584648132324 36.7176933288574 37.4627456665039 36.139461517334 37.1809005737305 36.152660369873 37.4427604675293 39.2719345092773 41.2469177246094
56.9763450622559 56.9763450622559 50.6336936950684 46.0086250305176 46.1947975158691 47.128791809082 46.139217376709 46.126537322998 48.3533592224121 47.1277732849121 45.4299697875977 44.5766448974609 44.088565826416 46.2025108337402 46.139217376709 45.5050239562988 47.0648002624512 44.8377494812012 44.5453414916992 42.1515846252441 42.1082305908203 41.6453704833984 42.76611328125 42.484561920166 39.2167167663574 37.4097366333008 36.2538070678711 36.0462112426758 35.8344345092773 35.6594429016113 35.3656234741211 35.7091751098633 37.3542709350586 36.4051322937012 38.332592010498 37.1186180114746 36.0388832092285 35.2530212402344 35.2860336303711 36.0266571044922 37.9868583679199 38.6064071655273 42.6528244018555 41.9086990356445 40.4388198852539 42.3996162414551 42.6105270385742
55.5557479858398 58.447998046875 53.495361328125 46.2225151062012 44.762825012207 46.3954429626465 46.2027816772461 46.1947975158691 46.891414642334 47.9927253723145 46.320140838623 45.5333251953125 46.9680061340332 47.2902069091797 45.5050239562988 45.6581726074219 46.6757125854492 45.4762077331543 44.0973739624023 44.1974945068359 41.5177230834961 41.5593948364258 42.0541381835938 41.2222709655762 39.8653450012207 38.3919334411621 37.3946342468262 36.2522430419922 36.213062286377 35.8459548950195 35.5650978088379 36.0148544311523 36.3514099121094 36.5097198486328 37.4243850708008 37.1737213134766 35.3881225585938 35.7869567871094 36.2584648132324 36.6613235473633 38.2033081054688 40.5734672546387 42.6528244018555 43.5402412414551 44.2067451477051 41.0258827209473 41.0769081115723
57.0128402709961 52.0543365478516 53.9310646057129 47.936336517334 46.3983840942383 45.063648223877 47.430549621582 45.9201545715332 46.2360191345215 45.973690032959 48.4851341247559 46.3375968933105 46.7530479431152 46.7530479431152 43.7933235168457 46.1016082763672 45.5286407470703 43.8509483337402 43.800121307373 43.3392066955566 42.691047668457 40.9274368286133 40.9162940979004 39.7290802001953 40.7180328369141 40.9884033203125 37.9657669067383 37.4717712402344 37.6032600402832 36.713436126709 36.4899291992188 35.778263092041 36.7535591125488 37.2494354248047 36.7937431335449 36.4656982421875 36.1412658691406 35.6608505249023 36.4656982421875 38.2774810791016 42.1522331237793 41.4346351623535 41.6261329650879 42.6528244018555 42.1205749511719 41.2040939331055 43.2663154602051
55.5892715454102 53.912654876709 53.1816024780273 48.1906776428223 46.2704200744629 46.4432983398438 45.0693893432617 46.7307739257812 45.4145317077637 46.2027816772461 47.6678199768066 48.0182876586914 47.289608001709 45.7740821838379 46.347297668457 44.713321685791 44.713321685791 44.8901062011719 43.8513450622559 42.7258415222168 42.7258415222168 40.5614814758301 40.991870880127 40.4244651794434 41.1127586364746 40.2802505493164 40.1599617004395 38.5671730041504 38.2173843383789 38.4264488220215 37.0656661987305 37.562068939209 37.7166481018066 38.2550773620605 37.0676498413086 36.5800704956055 36.6743354797363 36.7915458679199 38.9102020263672 40.0975532531738 42.7258415222168 42.3686141967773 43.1163520812988 42.9496154785156 45.6370620727539 44.2617149353027 45.0210647583008
57.8603553771973 53.912654876709 53.912654876709 49.7929611206055 46.6885719299316 46.2919235229492 46.7382545471191 47.7091827392578 46.8883323669434 46.3803443908691 44.8588562011719 46.2070655822754 46.9461402893066 45.7740821838379 47.8095550537109 44.9000358581543 46.7402305603027 44.703254699707 42.3429946899414 43.6543045043945 42.0011711120605 40.4340744018555 40.4340744018555 40.5694160461426 40.3924865722656 40.5949478149414 40.2369918823242 38.7689361572266 39.3493156433105 38.1779747009277 37.9222717285156 37.7822456359863 38.2863159179688 38.4716300964355 37.765022277832 37.7830238342285 38.9219665527344 37.8053245544434 40.0975532531738 42.9067573547363 42.6884613037109 44.2067451477051 43.4854011535645 44.392879486084 45.666934967041 44.9312934875488 45.1087684631348
56.8535232543945 55.5892715454102 53.912654876709 55.8894004821777 47.2067565917969 47.0154342651367 45.8140335083008 45.4491653442383 46.6046333312988 46.4363899230957 46.8459205627441 44.713321685791 45.9546394348145 46.1044960021973 45.527214050293 44.7578086853027 45.3339385986328 44.8125343322754 44.6752052307129 42.5599594116211 44.4420013427734 44.7045555114746 40.4340744018555 41.7028846740723 41.4387702941895 40.434009552002 40.261646270752 40.3676300048828 40.7365493774414 39.6588172912598 38.7930793762207 38.6233291625977 39.2952613830566 39.0520973205566 37.3488655090332 39.3972778320312 39.9030570983887 40.0872497558594 40.991870880127 43.2635345458984 44.8723030090332 45.0210647583008 45.6370620727539 45.4862670898438 45.8547630310059 44.9539909362793 46.3850440979004
59.0110397338867 55.5892715454102 53.912654876709 50.358757019043 47.3546447753906 45.9932556152344 46.7144088745117 47.6404190063477 46.8536224365234 48.2752342224121 47.5916633605957 46.3490715026855 46.2401847839355 45.059440612793 46.2411766052246 47.2873992919922 44.4035873413086 43.6931457519531 44.1165771484375 42.2081069946289 44.2511367797852 47.1906967163086 43.6543045043945 40.9193840026855 39.9257202148438 39.3137893676758 41.2469177246094 40.5349159240723 39.7113876342773 39.7519874572754 39.2346839904785 39.3997344970703 39.0890846252441 40.4617385864258 39.741512298584 40.1758651733398 40.5714950561523 40.7606315612793 39.6100082397461 43.1169929504395 43.6043090820312 45.2697219848633 43.7686729431152 45.502555847168 44.5472183227539 46.0265235900879 46.2073631286621
56.3192253112793 57.5373382568359 53.1319618225098 54.6283493041992 48.7785720825195 46.640453338623 47.0908432006836 45.8013343811035 46.4876937866211 44.700569152832 47.3554916381836 45.5275382995605 45.651294708252 44.817325592041 45.2869644165039 43.5950202941895 46.9960289001465 44.4035873413086 44.3207969665527 42.5868225097656 43.9053230285645 42.8693618774414 42.9306373596191 44.1524085998535 39.6984558105469 40.5694160461426 40.5143699645996 39.3047103881836 40.8807029724121 40.6033134460449 40.4033584594727 39.7293395996094 39.7935028076172 39.7410545349121 40.4797286987305 40.3376808166504 41.6153297424316 40.8711929321289 41.443115234375 42.10400390625 43.9368629455566 45.1982574462891 42.2629890441895 43.4799957275391 44.395450592041 43.7710990905762 45.825756072998
54.3585090637207 57.0005149841309 56.4978523254395 52.5022621154785 52.6673011779785 48.3728637695312 47.8540229797363 47.6142387390137 46.5507278442383 46.4481582641602 46.0724182128906 46.3910942077637 44.1512260437012 46.4410591125488 46.838436126709 45.2114791870117 45.158763885498 45.158763885498 45.7041015625 42.6354866027832 43.2278823852539 41.3960418701172 40.8704071044922 42.691047668457 40.4053077697754 41.0800399780273 41.6453704833984 42.3429946899414 40.8398094177246 41.3883781433105 40.5220260620117 41.330867767334 39.5003128051758 40.720386505127 40.8200950622559 41.5824699401855 41.3609313964844 40.8005485534668 43.269645690918 43.1705169677734 43.4561157226562 44.4474182128906 43.0644340515137 42.2081069946289 43.7660675048828 46.0371475219727 47.1686363220215
52.49365234375 51.2483177185059 57.0005149841309 56.8633651733398 55.3952140808105 53.1816024780273 52.899471282959 48.6120643615723 47.501407623291 46.9041557312012 47.1936378479004 47.1369552612305 47.691032409668 46.5585861206055 44.5941276550293 43.5771446228027 43.8942489624023 44.1979789733887 45.7264595031738 42.8574905395508 44.1750717163086 41.6863327026367 42.4022789001465 42.0437469482422 40.5694160461426 41.2423057556152 40.7550468444824 41.3736839294434 41.6729393005371 42.1937866210938 40.9162254333496 40.7804946899414 40.9289474487305 41.5747718811035 41.290901184082 40.9531364440918 41.9123306274414 41.8737564086914 43.8883476257324 43.0440864562988 43.2722549438477 45.4911842346191 44.5494155883789 42.7224578857422 44.6479187011719 47.3723907470703 45.6679496765137
50.5649909973145 51.9759101867676 50.5769233703613 50.5235214233398 52.5846633911133 55.0569953918457 50.7519226074219 52.6673011779785 47.9701614379883 47.176586151123 47.4110641479492 46.0039825439453 47.8054847717285 47.2322845458984 46.1632995605469 43.963306427002 44.4986724853516 44.9466590881348 44.7283935546875 45.200611114502 43.6687545776367 40.7535705566406 43.0169410705566 42.8720932006836 41.8601570129395 42.6693801879883 40.8099174499512 41.541561126709 42.2882766723633 42.6497955322266 41.8296508789062 41.4842758178711 40.7898445129395 41.5510902404785 42.3869247436523 42.3580207824707 42.7593688964844 43.853931427002 44.4451484680176 44.5253868103027 44.5572471618652 45.4811172485352 46.07373046875 45.0094261169434 46.2986907958984 48.4290351867676 46.5944595336914
52.2312889099121 51.0923881530762 49.8149185180664 49.4871673583984 49.0753479003906 48.3311347961426 53.4859580993652 48.9589653015137 52.5844459533691 50.0817756652832 47.278434753418 46.584903717041 47.8540229797363 47.8540229797363 47.748104095459 45.5396919250488 45.4426918029785 46.3560256958008 45.404224395752 45.404224395752 44.7224578857422 43.4561157226562 42.8587341308594 43.56591796875 41.713737487793 40.5880470275879 42.5751152038574 41.3960418701172 42.3972969055176 42.3972969055176 44.3970794677734 43.0705947875977 42.0525970458984 42.068546295166 42.0458450317383 43.375316619873 44.5442581176758 44.2359390258789 44.0998001098633 44.619945526123 45.0743560791016 45.3185424804688 46.3922843933105 47.5464935302734 47.6613578796387 47.2067565917969 46.3419151306152
50.7779502868652 50.7779502868652 49.8149185180664 50.0727958679199 48.7620391845703 48.7620391845703 49.9486274719238 49.4871673583984 49.8149185180664 50.3715934753418 49.8606605529785 48.0740165710449 45.8228149414062 45.7242164611816 44.4113006591797 45.5396919250488 45.7666015625 43.5431594848633 47.1207466125488 45.8500328063965 44.5134506225586 44.4986724853516 43.114803314209 41.4978981018066 42.7313652038574 42.1735610961914 42.8904075622559 41.7880630493164 43.1589279174805 44.2779922485352 43.7316589355469 42.9966087341309 43.1805992126465 42.4651412963867 43.8260803222656 44.256519317627 43.6377067565918 45.3884048461914 45.6020317077637 44.9960289001465 45.6884994506836 45.9023170471191 48.6059265136719 46.9138946533203 46.7099380493164 46.1654052734375 46.9807548522949
51.5945701599121 49.8369903564453 48.5883293151855 49.7816429138184 49.2109565734863 48.7785720825195 46.838436126709 51.2407569885254 50.9068832397461 48.3954048156738 48.2873382568359 50.6015472412109 46.7733306884766 46.9985694885254 46.9985694885254 45.636589050293 46.1823806762695 46.5188941955566 43.8628387451172 44.1563720703125 43.0696449279785 42.6221160888672 41.6721153259277 41.5693664550781 42.2869987487793 42.972297668457 42.972297668457 42.972297668457 43.6598320007324 43.3198699951172 45.5955047607422 46.4400444030762 43.4158630371094 42.3782768249512 43.9087448120117 45.4491653442383 46.2596244812012 44.5813865661621 45.6307373046875 45.785472869873 46.7261352539062 46.3922843933105 48.3241882324219 48.3436737060547 48.4535217285156 48.5423889160156 47.8883399963379
50.6487197875977 49.9771423339844 50.1158218383789 49.2466430664062 49.3093795776367 48.3067245483398 47.5088272094727 50.3715934753418 51.2470741271973 50.5553588867188 48.130542755127 49.7468338012695 49.2562866210938 47.8178367614746 49.1683540344238 49.9435234069824 44.854190826416 46.5149307250977 47.3742370605469 43.5950202941895 44.0500106811523 44.2642478942871 43.9281005859375 43.6768760681152 42.3292236328125 43.0440864562988 43.2692718505859 42.6623229980469 42.2815322875977 43.1805992126465 44.5134506225586 43.6360778808594 43.9986038208008 42.8411827087402 43.3715896606445 45.9157752990723 49.3645973205566 45.9346122741699 46.2273216247559 46.1351928710938 44.8186912536621 46.0447120666504 47.1129302978516 47.6881904602051 49.4355812072754 49.6798248291016 45.7440414428711
53.0111465454102 52.0543365478516 49.0130157470703 50.2571182250977 49.3093795776367 49.1918144226074 52.5213317871094 51.3788032531738 52.4837646484375 52.4028968811035 48.7815170288086 51.2470741271973 50.2811164855957 47.3201065063477 50.808032989502 49.2562866210938 46.9017639160156 44.854190826416 46.4555015563965 47.9010963439941 44.4846382141113 43.9007148742676 45.9608612060547 43.7823791503906 44.7572326660156 44.2231864929199 44.6061477661133 42.6164398193359 41.9680290222168 43.746150970459 43.3184013366699 44.7220840454102 44.8630676269531 44.4008026123047 43.7766609191895 47.3204460144043 48.9344596862793 45.3784484863281 45.0465507507324 44.6550750732422 43.0811920166016 44.7924156188965 46.8668670654297 47.9021873474121 47.9570350646973 48.0012168884277 48.655200958252
51.3440704345703 51.6835861206055 48.1224365234375 48.527416229248 46.4582977294922 48.0259666442871 48.205265045166 48.0259666442871 47.7225914001465 49.7618408203125 49.1403388977051 49.4871673583984 49.5381660461426 48.7038688659668 50.6301231384277 48.7052192687988 48.0056800842285 46.7284469604492 45.8387985229492 47.6097526550293 45.059440612793 45.3951263427734 47.192325592041 44.0036163330078 44.2417259216309 43.6598320007324 44.6061477661133 43.7710990905762 44.1165771484375 42.8411827087402 44.5584411621094 44.4551277160645 45.3781509399414 45.3926658630371 46.4423027038574 47.6155128479004 47.3102531433105 45.4828186035156 44.5843505859375 44.3076515197754 42.3612098693848 43.6667060852051 45.9552993774414 47.0793304443359 49.5207099914551 48.3023681640625 47.9701614379883
