examples/night_lizards/data/train-rasters-2.5m/bclim11.asc
NCOLS 322 
NROWS 151 
XLLCORNER -122.75 
YLLCORNER 31.9166666666667 
CELLSIZE 0.0416666666666677 
NODATA_value -3.4e+38 
[rows 63 to 83 of 151, columns 141 to 187 of 322]
7.37400007247925 7.50266647338867 8.04399967193604 8.67333316802979 8.83933353424072 8.94600009918213 8.83800029754639 8.33800029754639 8.11266613006592 8.36800003051758 8.32933330535889 7.65933322906494 8.09266662597656 8.81533336639404 10.029333114624 10.7873334884644 11.0699996948242 11.1040000915527 10.8886671066284 10.1866674423218 9.37533378601074 8.87733364105225 8.28533363342285 7.46799993515015 7.43933343887329 7.24333333969116 7.41066646575928 7.4520001411438 7.32866668701172 6.51599979400635 5.28666639328003 4.71999979019165 6.28999996185303 7.41533327102661 7.80399990081787 7.87866687774658 7.97333335876465 7.71533346176147 6.79733324050903 5.96333360671997 4.4379997253418 4.87733364105225 5.75066661834717 6.00600004196167 6.68066692352295 7.40799999237061 7.73066663742065
6.69133329391479 6.83133316040039 7.01133346557617 7.17066669464111 7.73799991607666 7.85199975967407 7.57399988174438 7.15533304214478 7.13399982452393 6.9593334197998 6.62466669082642 5.97933340072632 5.80733346939087 6.07000017166138 8.46599960327148 10.3973331451416 11.0726671218872 11.1106662750244 10.6960000991821 9.86800003051758 8.80000019073486 8.28333282470703 7.73466634750366 7.21666669845581 6.99533319473267 7.12333345413208 7.35666656494141 7.32666683197021 7.16800022125244 6.08133316040039 4.08466672897339 4.01266670227051 5.89400005340576 7.30066680908203 7.8526668548584 7.88266658782959 8.01333332061768 8.14666652679443 7.59800004959106 6.82066631317139 5.47333335876465 5.5406665802002 5.92266654968262 6.36600017547607 7.00933313369751 7.32866668701172 7.54999971389771
7.1933331489563 7.4113335609436 7.55533313751221 7.11600017547607 6.75266647338867 6.67933320999146 6.78200006484985 6.80133295059204 6.94733333587646 7.44066667556763 7.24266672134399 7.17733335494995 6.78533363342285 6.36866664886475 7.81466674804688 10.07200050354 11.0313329696655 11.0686664581299 10.8226671218872 10.2493333816528 9.06533336639404 8.0086669921875 7.23799991607666 6.77400016784668 6.51666641235352 6.81133317947388 7.17333316802979 7.21733331680298 7.05933332443237 6.52600002288818 5.8033332824707 5.13399982452393 5.44533348083496 6.71333360671997 7.64866638183594 7.81733322143555 7.83466672897339 8.12866687774658 8.12866687774658 7.5479998588562 6.59066677093506 5.91066646575928 5.78266668319702 6.66733312606812 7.34466648101807 7.64400005340576 7.72399997711182
7.71933317184448 7.66733360290527 7.68866682052612 7.64666652679443 7.6593337059021 7.33400011062622 6.61666679382324 6.99666690826416 7.53133344650269 8.03066635131836 8.21533393859863 8.52200031280518 8.47933292388916 8.41600036621094 9.16400051116943 10.4573335647583 11.2086668014526 11.0686664581299 10.7159996032715 10.1966667175293 9.38533306121826 8.44799995422363 7.64133358001709 7.53333330154419 7.17000007629395 6.86866664886475 6.93599987030029 6.97133350372314 6.97533321380615 6.78666687011719 6.5 5.44199991226196 5.21333312988281 5.93599987030029 7.37933349609375 7.98000001907349 7.91466665267944 8.1026668548584 8.03133392333984 7.42000007629395 6.56133317947388 5.80866670608521 6.0426664352417 6.97600030899048 7.65199995040894 8.01200008392334 8.17133331298828
7.51866674423218 7.45866680145264 7.43666648864746 7.65599966049194 8.09133338928223 8.26266670227051 8.22333335876465 8.3526668548584 8.36800003051758 8.60799980163574 8.69400024414062 9.0493335723877 9.40333366394043 9.49066734313965 10.1940002441406 10.9466667175293 11.1233339309692 10.8993330001831 10.6840000152588 10.2953329086304 9.62800025939941 8.98266696929932 8.82800006866455 8.76000022888184 8.07666683197021 7.3439998626709 6.86666679382324 6.81266689300537 6.74666690826416 6.69266700744629 6.51266670227051 5.99266672134399 5.29466676712036 6.06599998474121 7.70466661453247 8.03600025177002 8.00066661834717 7.94000005722046 7.64266681671143 6.86333322525024 6.21600008010864 5.87133359909058 6.50066661834717 7.20000028610229 7.92600011825562 8.42399978637695 8.63199996948242
7.57066631317139 7.12400007247925 7.20599985122681 7.85533332824707 8.3013334274292 8.8013334274292 8.97066688537598 8.82800006866455 8.9040002822876 9.02200031280518 9.2006664276123 9.44200038909912 9.68200016021729 9.61866664886475 10.0986661911011 10.8140001296997 10.8879995346069 10.8420000076294 10.7573328018188 10.6706666946411 10.4646673202515 10.029333114624 9.75133323669434 9.17266654968262 8.4593334197998 7.77533340454102 6.91266679763794 6.80599975585938 6.57466650009155 6.42733335494995 6.1486668586731 5.67466640472412 5.29933309555054 6.63733339309692 7.66133308410645 7.83666658401489 7.71933317184448 7.40333318710327 6.88533353805542 6.1046667098999 5.82066679000854 6.16599988937378 6.67933320999146 7.13266658782959 8.1986665725708 8.84799957275391 9.08600044250488
7.08466672897339 7.51866674423218 7.99066638946533 8.41533374786377 8.6386661529541 8.95600032806396 8.90933322906494 8.50066661834717 8.73600006103516 9.33266639709473 9.58666706085205 9.5406665802002 9.74066638946533 9.63933372497559 9.93266677856445 9.93533325195312 10.3680000305176 10.6380004882812 10.8773336410522 10.7360000610352 10.5713329315186 10.3839998245239 10.0593328475952 9.56533336639404 8.79666614532471 7.93199968338013 7.17933320999146 6.99599981307983 6.60866641998291 6.19999980926514 5.53666687011719 5.30800008773804 5.67133331298828 6.80599975585938 7.26999998092651 7.30200004577637 6.98266696929932 6.46933317184448 6.05533313751221 5.88800001144409 6.20600032806396 6.47866678237915 6.55066680908203 7.17466688156128 8.11066627502441 9.10333347320557 9.4506664276123
7.00600004196167 7.02933359146118 7.77533340454102 8.19333362579346 8.89000034332275 9.07800006866455 8.75800037384033 8.45666694641113 9.70133304595947 10.1806669235229 10.2340002059937 10.1646671295166 9.86999988555908 9.64266586303711 9.62133312225342 9.25266647338867 9.46266651153564 10.2813339233398 11.0013332366943 10.934666633606 10.6020002365112 10.4619998931885 10.2273330688477 9.88266658782959 9.23000049591064 8.49066638946533 7.73533344268799 7.36800003051758 6.8986668586731 6.23733329772949 5.6473331451416 5.81933307647705 6.40000009536743 6.73333311080933 6.60199975967407 6.16466665267944 5.2553334236145 4.48466682434082 5.28066635131836 6.17199993133545 6.60533332824707 6.8546667098999 7.11866664886475 7.56599998474121 7.9506664276123 9.20199966430664 9.7413330078125
7.04266691207886 7.20333337783813 7.65799999237061 8.14400005340576 8.77133369445801 9.14266681671143 9.2519998550415 9.46399974822998 9.90866661071777 10.0600004196167 10.2299995422363 10.3719997406006 9.9486665725708 9.68266677856445 9.31733322143555 9.21000003814697 10.2153339385986 10.8286666870117 11.2293329238892 10.8473329544067 10.514666557312 10.4726667404175 10.3353338241577 9.99733352661133 9.42199993133545 8.75 8.13000011444092 7.7039999961853 6.97066640853882 6.66933345794678 6.75600004196167 7.0019998550415 7.18266630172729 6.83466672897339 6.00133323669434 5.18533325195312 5.17999982833862 5.19333362579346 5.96666669845581 6.6399998664856 6.9433331489563 7.19999980926514 7.51200008392334 7.76866674423218 7.74533367156982 9.29400062561035 9.91466617584229
7.85866689682007 7.85866641998291 8.39933300018311 8.41666698455811 8.71533298492432 9.04199981689453 9.06866645812988 9.37866687774658 9.6626672744751 9.92933368682861 10.297999382019 10.7093334197998 10.7986669540405 10.4099998474121 9.60200023651123 9.66333293914795 10.5793333053589 10.8760004043579 10.923999786377 10.6946668624878 10.5440006256104 10.5539999008179 10.4393339157104 9.92000007629395 9.2906665802002 8.90466690063477 8.41266632080078 7.8473334312439 7.36800003051758 7.57000017166138 7.95599985122681 8.17733287811279 8.02933311462402 7.27066659927368 6.01666688919067 5.3386664390564 5.69199991226196 6.14066696166992 6.54533338546753 6.91533327102661 7.24599981307983 7.48999977111816 7.69400024414062 7.91400003433228 8.05533313751221 9.4146671295166 10.0166664123535
8.86600017547607 9.19533348083496 9.53800010681152 9.33600044250488 9.25133323669434 8.94200038909912 8.53866672515869 8.81933307647705 9.21000003814697 9.73333358764648 10.2540006637573 10.5473337173462 10.5393333435059 10.5786666870117 10.5566663742065 10.4800004959106 10.7360000610352 10.7066669464111 10.7360000610352 10.6266660690308 10.5953330993652 10.6366662979126 10.5533332824707 9.83333301544189 8.93400001525879 8.58800029754639 8.09799957275391 7.86066675186157 8.16866683959961 8.69466686248779 9.03133296966553 8.94066715240479 8.42066669464111 7.31533336639404 5.7960000038147 5.67733335494995 6.01933336257935 6.56933307647705 7.03866672515869 7.31066656112671 7.67466688156128 7.82999992370605 7.92466640472412 8.10000038146973 8.32533359527588 9.33133316040039 10.0406665802002
9.90200042724609 10.0913333892822 9.85066699981689 9.60666656494141 9.55599975585938 9.1133337020874 8.88399982452393 8.94999980926514 9.11466693878174 9.66066646575928 9.90933322906494 9.95133304595947 10.2846670150757 10.4006671905518 10.5373334884644 10.4993333816528 10.5260000228882 10.8233337402344 10.6380004882812 10.3953332901001 10.4646663665771 10.5600004196167 10.4580001831055 10.0626668930054 8.99400043487549 8.88533306121826 8.16400051116943 8.00133323669434 8.71933269500732 9.29199981689453 9.43333339691162 9.13533306121826 8.48066711425781 7.07666683197021 5.89133358001709 6.29266691207886 6.56199979782104 7.25266647338867 7.47133350372314 7.64599990844727 7.91866683959961 8.02133369445801 8.04133319854736 8.40266704559326 8.57733345031738 9.42799949645996 10.054666519165
9.76466751098633 9.97866630554199 9.85066604614258 9.5319995880127 9.57866668701172 9.739333152771 9.77200031280518 9.72399997711182 9.73666667938232 9.86400032043457 10.0813331604004 10.0040006637573 9.84533309936523 10.0893335342407 10.576000213623 10.5579996109009 10.6033334732056 10.5393333435059 10.3746671676636 10.296667098999 10.3979997634888 10.4873332977295 10.3313331604004 10.1946668624878 9.8353328704834 9.26133346557617 9.23466682434082 9.15533351898193 9.4680004119873 9.70333290100098 9.55066680908203 9.10133266448975 8.32266712188721 7.18333339691162 6.9573335647583 7.45466661453247 7.66933345794678 8.12866687774658 7.96999979019165 7.65199995040894 8.2180004119873 8.56599998474121 8.77533340454102 9.09799957275391 8.96733379364014 9.49666690826416 9.82533359527588
8.62800025939941 9.06733322143555 9.71133327484131 9.59133338928223 9.52200031280518 9.80533313751221 9.989333152771 9.93866634368896 9.98799991607666 10.1446666717529 9.9913330078125 9.95600032806396 10.2580003738403 10.5819997787476 10.8120002746582 10.8133335113525 10.71399974823 10.6006669998169 10.4773330688477 10.3446664810181 10.220666885376 10.2040004730225 10.3446664810181 10.3640003204346 10.1486663818359 9.8033332824707 9.78466701507568 10.0139999389648 10.1560001373291 9.92800045013428 9.42333316802979 8.81333351135254 7.81533336639404 7.51533317565918 7.55999994277954 8.43466663360596 8.87066650390625 8.95333290100098 8.85666656494141 8.96466636657715 9.05399990081787 9.23200035095215 9.47799968719482 9.46266651153564 9.44133377075195 9.68066692352295 9.67399978637695
8.54599952697754 9.00066661834717 9.80666637420654 9.79533290863037 9.67000007629395 9.739333152771 9.87133312225342 9.90266609191895 9.89466667175293 9.89333343505859 9.34533309936523 9.40999984741211 10.2040004730225 10.6399993896484 10.7153329849243 10.792667388916 10.6440000534058 10.4546661376953 10.2666664123535 10.0286664962769 10.0446662902832 9.88399982452393 10.0279998779297 10.2200002670288 10.1186666488647 10.0260000228882 10.0179996490479 9.98666667938232 9.86066627502441 9.56666660308838 8.87533378601074 7.61866664886475 6.63733339309692 8.28933334350586 8.89400005340576 9.34466648101807 9.47066688537598 9.60400009155273 9.61466693878174 9.67266654968262 9.66533374786377 9.68333339691162 9.75 9.77533340454102 9.89333343505859 10.0826663970947 10.3299999237061
9.81866645812988 9.41666698455811 9.96399974822998 10.021333694458 9.85400009155273 9.69466686248779 9.66600036621094 9.61533355712891 9.68733310699463 9.61066627502441 9.10666656494141 9.05666637420654 9.58866596221924 9.95333290100098 10.3000001907349 10.5679998397827 10.6646661758423 10.1213331222534 9.73533344268799 9.25 9.6560001373291 9.68466663360596 9.71199989318848 9.95866680145264 10.0433330535889 9.95333385467529 9.86800003051758 9.46533393859863 9.28666687011719 9.28533363342285 8.8526668548584 7.36266660690308 7.06466674804688 8.87666702270508 9.71866703033447 9.8033332824707 9.88799953460693 10.021333694458 10.0726661682129 10.1106672286987 10.1140003204346 10.0580005645752 10.0346660614014 9.97999954223633 10.0719995498657 10.3253335952759 10.6339998245239
9.77533340454102 9.77733325958252 9.83800029754639 9.77933311462402 9.66066646575928 9.57666683197021 9.65333271026611 9.77799987792969 9.79466724395752 9.65799999237061 9.22466659545898 8.78066730499268 8.65133285522461 9.00466632843018 10.0246667861938 10.5446662902832 10.7166662216187 10.0440006256104 9.63599967956543 9.37266635894775 9.34266662597656 9.18266677856445 9.7839994430542 10.1766662597656 10.076000213623 9.90466690063477 9.63133335113525 9.17533302307129 9.03133296966553 9.08066654205322 8.76599979400635 7.47733354568481 7.96733331680298 9.32999992370605 10.0793333053589 10.1840000152588 10.3253335952759 10.4473333358765 10.493332862854 10.5139999389648 10.4913330078125 10.3706665039062 10.271333694458 10.021333694458 10.0740003585815 10.5100002288818 10.6533336639404
9.30000019073486 9.49400043487549 9.62533283233643 9.61199951171875 9.59866619110107 9.66866683959961 9.78333377838135 9.94466590881348 9.88999938964844 9.90133380889893 9.6473331451416 9.08933353424072 8.57800006866455 9.13866710662842 10.2193336486816 10.8833332061768 11.0466661453247 10.760666847229 10.5426664352417 10.0353336334229 9.59000015258789 9.3353328704834 9.63799953460693 10.025333404541 10.0460004806519 9.68133354187012 8.95533275604248 8.2180004119873 7.8973331451416 8.17866706848145 8.07600021362305 7.50600004196167 8.98400020599365 9.97066688537598 10.4106664657593 10.4840002059937 10.6273336410522 10.767333984375 10.779333114624 10.793999671936 10.7586669921875 10.6346664428711 10.4133329391479 10.1753330230713 10.271333694458 10.7546663284302 10.7220001220703
8.36533355712891 8.61466693878174 8.7413330078125 8.76533317565918 9.1540002822876 9.83666706085205 9.85733318328857 9.90200042724609 10.0353336334229 10.0526666641235 9.97133350372314 9.85866641998291 9.74466705322266 9.71866607666016 10.1760005950928 10.9013338088989 11.2080001831055 11.0813331604004 10.9780006408691 10.6540002822876 10.0313329696655 9.84133338928223 9.84800052642822 9.88199996948242 9.8546667098999 9.43866634368896 7.93533325195312 6.85533332824707 6.46000003814697 7.46666669845581 8.18000030517578 9.00066661834717 9.98266696929932 10.4786672592163 10.5219993591309 10.5046663284302 10.746000289917 11.0240001678467 11.0166664123535 11.0226669311523 10.9486665725708 10.6859998703003 10.3413333892822 10.0806665420532 10.5066661834717 10.8833332061768 10.9253330230713
7.45533323287964 7.24866676330566 6.99000024795532 7.23199987411499 8.55599975585938 9.22866630554199 9.37199974060059 9.57200050354004 9.88933372497559 9.97266674041748 9.98999977111816 9.96399974822998 9.99466705322266 9.73400020599365 9.85799980163574 10.5566663742065 11.1119995117188 11.03600025177 10.8039999008179 10.3879995346069 10.2273330688477 9.98733329772949 9.78866672515869 9.85400009155273 9.67866706848145 9.32199954986572 9.04599952697754 8.26200008392334 8.12266635894775 8.71399974822998 9.11399936676025 9.82266616821289 10.3666667938232 10.5459995269775 10.4053335189819 10.203332901001 10.7226667404175 11.2886667251587 11.2573328018188 11.1773338317871 11.0113334655762 10.5366668701172 9.88199996948242 9.67666625976562 10.4186668395996 10.9146661758423 11.0126667022705
7.07600021362305 6.71199989318848 6.9466667175293 7.42866659164429 7.77733325958252 7.63733339309692 7.65866661071777 8.32733345031738 9.03733348846436 9.37800025939941 9.67733287811279 9.92199993133545 10.3039999008179 10.1226663589478 10.0953330993652 10.4226665496826 10.7146663665771 10.7386665344238 10.7333335876465 10.6153335571289 10.7620000839233 10.8280000686646 10.6406669616699 10.3566665649414 10.0846662521362 9.86066627502441 9.76466655731201 9.85866641998291 9.99400043487549 9.91066646575928 10.0806665420532 10.5026664733887 10.8053331375122 10.7106666564941 10.7153329849243 11.0326671600342 11.5080003738403 11.5580005645752 11.3600006103516 11.1293334960938 10.9193334579468 10.2293329238892 9.46199989318848 9.73333358764648 10.5573329925537 10.9800004959106 11.0113334655762
