examples/night_lizards/data/train-rasters-2.5m/bclim15.asc
NCOLS 322 
NROWS 151 
XLLCORNER -122.75 
YLLCORNER 31.9166666666667 
CELLSIZE 0.0416666666666677 
NODATA_value -3.4e+38 
[rows 84 to 104 of 151, columns 235 to 281 of 322]
48.2718925476074 47.7888069152832 49.4893264770508 49.6976013183594 49.7270393371582 49.8494033813477 49.6582107543945 50.4108390808105 50.8201026916504 51.3792381286621 51.1430702209473 51.5346641540527 50.9228096008301 50.2003784179688 49.7330856323242 49.2162170410156 49.2995910644531 48.3298301696777 46.2675895690918 45.5441818237305 45.3560943603516 42.8301734924316 42.1526908874512 41.6356201171875 41.8737258911133 41.2844200134277 40.9589576721191 41.084716796875 40.185604095459 39.2286682128906 38.9160232543945 38.6818466186523 39.5942420959473 40.4509735107422 41.0074119567871 41.2513427734375 42.2216110229492 42.5041313171387 42.6061363220215 42.9976081848145 43.19091796875 43.7470397949219 43.3959121704102 43.3461418151855 44.1768836975098 44.5185317993164 45.0162963867188
46.2168807983398 46.3686027526855 48.1149368286133 48.7931938171387 49.6539840698242 50.2530975341797 50.9647178649902 50.4445953369141 51.84619140625 50.2481384277344 52.2618789672852 52.7434997558594 52.2357521057129 51.5195503234863 50.8084297180176 49.8170394897461 49.4348449707031 48.9826240539551 47.167407989502 45.8597221374512 44.9459915161133 44.0141334533691 42.3771934509277 42.4689826965332 41.8042831420898 41.6761093139648 41.6842994689941 41.2909660339355 40.6874465942383 39.7738380432129 39.4160957336426 39.556324005127 40.562068939209 41.7341384887695 41.6354179382324 41.7840919494629 42.2825889587402 42.7240753173828 42.9949111938477 43.0525703430176 43.2697525024414 43.6749038696289 43.7988777160645 44.3061866760254 44.8499069213867 45.5213470458984 45.0644645690918
45.5006866455078 46.1667366027832 47.7019424438477 49.0289497375488 49.221736907959 50.3575744628906 50.0588607788086 50.4356994628906 51.6080513000488 50.7263298034668 51.7783432006836 52.9419593811035 52.8846435546875 52.1955833435059 51.8568840026855 50.6674461364746 49.3745498657227 48.8550300598145 47.6966705322266 46.3583374023438 46.1840629577637 44.9623680114746 43.5991020202637 42.4838256835938 41.9497108459473 42.110408782959 41.6950874328613 41.350830078125 40.8347206115723 40.4409561157227 40.0438957214355 40.9298629760742 41.4454307556152 41.64306640625 41.548656463623 42.2679443359375 42.3373489379883 42.6313552856445 43.081371307373 43.4891395568848 43.8031349182129 44.6326751708984 44.5897026062012 44.9192199707031 44.9059448242188 45.7975730895996 46.9685859680176
46.0041160583496 47.8496322631836 48.9400634765625 50.2942008972168 49.8223915100098 49.5378341674805 49.6224136352539 50.9161338806152 51.4831657409668 50.6742782592773 52.1211318969727 52.836742401123 52.6292152404785 51.7389755249023 51.8573799133301 50.7949066162109 49.1036758422852 47.8418769836426 47.9257354736328 46.8590202331543 45.7709121704102 45.165657043457 44.2041664123535 43.0766067504883 42.7174415588379 42.1504821777344 41.6559448242188 41.8141479492188 41.5769958496094 40.8998947143555 40.1608352661133 41.0364532470703 41.129508972168 41.2674674987793 41.7071418762207 42.2618408203125 43.044261932373 43.1012916564941 43.4949531555176 44.1022987365723 44.270622253418 45.0031051635742 45.103214263916 45.285400390625 46.1931991577148 47.1355934143066 47.6470413208008
45.9217681884766 46.6623649597168 48.3500556945801 49.2996292114258 50.179859161377 50.211742401123 48.9208869934082 50.7579879760742 50.954174041748 50.2070960998535 50.8899993896484 52.2544059753418 50.9446792602539 51.1679420471191 50.0301971435547 50.1938743591309 49.40625 47.6036262512207 47.9454002380371 46.1244125366211 45.0290184020996 44.4077377319336 43.7407569885254 43.1432914733887 42.9240074157715 42.3042221069336 42.0958213806152 41.7577896118164 41.5902214050293 41.0998191833496 40.9435119628906 40.8067054748535 42.0198860168457 42.3737030029297 42.8841743469238 43.442455291748 43.5073890686035 43.6244850158691 44.0763931274414 44.1741409301758 44.9466590881348 44.7417984008789 45.098331451416 45.4224624633789 45.9389152526855 47.0195274353027 47.9759368896484
47.4388885498047 46.7932243347168 47.0423889160156 47.3669776916504 48.6815528869629 49.9945945739746 48.6213417053223 50.4689064025879 51.4512672424316 50.5671615600586 50.4434089660645 51.0501747131348 50.2402458190918 49.9017219543457 49.7542343139648 50.3022232055664 49.483283996582 47.5235977172852 47.6747665405273 45.8547630310059 45.3923110961914 44.4506797790527 43.9019241333008 44.2178344726562 43.9362640380859 43.7569389343262 42.1141815185547 41.897590637207 42.0625839233398 41.6716270446777 41.4157562255859 41.7775802612305 42.3435554504395 41.7500419616699 42.2849044799805 43.5128479003906 44.321849822998 44.6234588623047 44.8994636535645 44.9826583862305 44.9744987487793 45.1414222717285 45.6859741210938 46.0114059448242 46.6693229675293 47.0885238647461 47.8264198303223
47.6660308837891 47.4407348632812 47.3669776916504 47.8493690490723 46.9597702026367 48.4019622802734 48.4810256958008 48.6189193725586 50.6548042297363 51.5953140258789 51.7042770385742 50.6027984619141 49.3223457336426 49.353687286377 49.5370674133301 50.0338401794434 49.0030403137207 47.6318664550781 46.3245162963867 45.5004920959473 45.2885932922363 44.785327911377 44.8574180603027 44.0966529846191 43.8900489807129 43.6650390625 42.496452331543 42.6339302062988 42.6333427429199 41.607608795166 41.9406204223633 42.0285606384277 41.7094383239746 41.1291923522949 42.3987770080566 43.9416275024414 44.1743087768555 44.662296295166 44.4633407592773 44.3339462280273 43.6362190246582 44.882869720459 45.4286880493164 46.3473663330078 46.9557800292969 47.058650970459 47.5416984558105
47.7223243713379 48.6443061828613 48.5810317993164 49.3303184509277 48.7222137451172 48.0561103820801 47.9255104064941 48.7533950805664 50.0807991027832 50.1555519104004 50.7580070495605 50.5571594238281 49.1471748352051 49.1263198852539 49.2069549560547 49.6554832458496 48.5608100891113 47.2693557739258 46.4289054870605 44.8986129760742 44.843635559082 44.7412109375 44.5079536437988 44.1717567443848 44.2178344726562 43.3000984191895 43.2680587768555 42.6532020568848 42.1845626831055 42.3470001220703 41.9361267089844 41.2308769226074 41.7897109985352 42.3729133605957 43.2885589599609 43.3736343383789 43.153133392334 43.9071502685547 42.2991333007812 42.2952499389648 42.5416679382324 43.4450492858887 44.5300712585449 45.5876235961914 45.7471504211426 46.6265029907227 47.3073577880859
47.2323455810547 47.747013092041 49.7107238769531 49.6072387695312 49.5994758605957 49.3976402282715 48.434741973877 49.3956718444824 49.4786033630371 48.5370750427246 50.6990280151367 49.8504905700684 50.0841979980469 50.3507537841797 50.084415435791 49.414981842041 48.0983810424805 47.1451148986816 46.1996154785156 45.2386932373047 44.8215103149414 44.8965644836426 44.8531188964844 44.6493148803711 44.0528678894043 43.8274078369141 44.127326965332 44.1977157592773 42.6081466674805 42.6134834289551 42.9555397033691 42.5859489440918 42.3629150390625 42.8645935058594 42.9475860595703 42.8500518798828 42.5570449829102 42.4868812561035 42.012866973877 42.0956726074219 42.0810508728027 42.6223754882812 43.6516609191895 44.260871887207 43.9065361022949 45.322868347168 46.2717247009277
48.2670822143555 47.3549728393555 47.8822746276855 50.2822570800781 49.8090515136719 49.9087066650391 49.2616958618164 49.3263397216797 48.771915435791 48.2190399169922 48.5818405151367 48.0547714233398 49.4732704162598 50.0234909057617 50.3268699645996 48.7224502563477 47.37060546875 44.8889999389648 45.7627372741699 45.3897247314453 45.2212104797363 44.8754577636719 44.8865928649902 44.708080291748 44.4910469055176 44.1048011779785 44.6668014526367 44.4243583679199 43.7209548950195 42.9743843078613 43.642505645752 42.9227714538574 42.8588371276855 42.7083129882812 42.1144638061523 42.0582466125488 42.4606704711914 42.054573059082 41.6488571166992 41.4920043945312 41.9123878479004 43.0163764953613 44.256046295166 44.4705848693848 43.6931457519531 44.1396217346191 44.705150604248
47.983039855957 47.6787872314453 47.9208641052246 49.9385185241699 50.2924461364746 49.2807312011719 49.2945556640625 50.5614204406738 49.2950019836426 47.9208641052246 48.198543548584 47.9258689880371 49.5067863464355 50.4572296142578 49.7404708862305 49.4605369567871 46.9270973205566 45.416820526123 45.0978393554688 44.7860679626465 44.9599533081055 44.3871650695801 45.1494178771973 44.8088684082031 44.1962203979492 44.3011817932129 44.1905136108398 43.997730255127 43.2556838989258 42.597339630127 43.963306427002 43.243537902832 43.3163146972656 42.700813293457 42.4448928833008 42.4006080627441 42.0891036987305 42.2966842651367 41.8813972473145 42.232593536377 41.7113571166992 41.7918014526367 42.9741096496582 43.98828125 43.735912322998 44.0816078186035 45.1523017883301
47.9793663024902 48.3934135437012 47.2596130371094 48.0154647827148 49.5679893493652 50.0710411071777 50.9026641845703 50.4312934875488 48.9184150695801 48.1119613647461 47.185173034668 48.2475128173828 49.9610366821289 49.7567329406738 49.2868118286133 48.8569030761719 47.5689697265625 46.1889381408691 44.8655090332031 45.4354705810547 45.066333770752 45.2421340942383 45.1747245788574 44.773380279541 45.0480079650879 44.2124900817871 43.3121223449707 43.387451171875 43.2850608825684 43.3676414489746 44.1329383850098 43.7741775512695 43.8131408691406 43.5518074035645 43.6872711181641 43.2303199768066 42.9607315063477 42.9783020019531 42.4134101867676 42.2543411254883 42.1255111694336 41.9156837463379 42.9803047180176 42.7204284667969 42.8411560058594 43.238582611084 44.1191520690918
48.1583976745605 48.4455108642578 48.4990539550781 47.7346420288086 47.9935417175293 48.2217102050781 49.1298789978027 49.3207817077637 49.0100212097168 48.1908569335938 47.7016754150391 48.5757484436035 50.039306640625 49.519287109375 48.9882736206055 48.802318572998 49.012149810791 47.1514854431152 45.2683753967285 45.6427040100098 45.4347724914551 45.7554244995117 45.5819702148438 45.3298225402832 44.9782943725586 44.2124900817871 43.6686134338379 43.9307479858398 43.7499237060547 43.6643409729004 43.9748153686523 43.9662437438965 43.7324638366699 43.533447265625 43.9708862304688 43.262939453125 43.4176940917969 42.4714660644531 42.5671997070312 42.6874542236328 42.7325439453125 42.1478958129883 42.382740020752 42.6163749694824 43.3297843933105 43.9756622314453 44.2258682250977
48.4488182067871 47.8467063903809 47.9325065612793 48.1822929382324 48.3444900512695 47.1083717346191 48.0371551513672 48.7976760864258 48.4434661865234 48.8077049255371 47.7268943786621 47.8513107299805 48.9755401611328 48.950325012207 48.6405944824219 48.6282653808594 48.8925514221191 47.1489677429199 45.365550994873 45.7357597351074 44.9227256774902 45.7902641296387 45.1928291320801 45.0627136230469 44.9151458740234 45.146842956543 43.6970520019531 43.8395309448242 43.5678367614746 43.8339462280273 44.1665306091309 44.2163124084473 43.8781394958496 43.9802589416504 44.5177993774414 45.1265640258789 43.1545295715332 43.4502143859863 42.8188056945801 42.3613929748535 42.9159851074219 42.535587310791 42.4558753967285 42.9635810852051 43.3349990844727 44.0052909851074 44.3100891113281
49.1671600341797 49.0887260437012 48.3329429626465 48.5230026245117 48.2669868469238 48.6995735168457 48.3950042724609 47.6278533935547 47.225643157959 47.5899238586426 47.7707633972168 48.2539176940918 47.5072708129883 48.2426681518555 46.9801406860352 47.0887145996094 47.4847831726074 47.2177429199219 45.628173828125 45.1771659851074 45.5440826416016 44.8764419555664 45.4717559814453 45.4218063354492 44.91650390625 44.8427963256836 43.641529083252 44.0671577453613 44.2764701843262 44.208309173584 44.5728912353516 44.549430847168 43.8619422912598 43.7369728088379 43.8846969604492 45.3843078613281 43.5174560546875 43.4264221191406 43.3025436401367 43.2303199768066 43.4510765075684 43.7690773010254 43.5161361694336 44.380558013916 43.6892356872559 43.4592247009277 44.3170280456543
48.7637786865234 49.2935104370117 49.8811416625977 49.9209823608398 50.2506942749023 50.3091812133789 49.5910339355469 48.5986175537109 47.9950942993164 48.5914688110352 48.1104583740234 47.1419868469238 47.1154747009277 46.6652297973633 46.5885200500488 46.7400131225586 45.7144775390625 46.1249961853027 45.7884292602539 46.0939025878906 45.6318817138672 45.390380859375 45.3407669067383 46.2994003295898 45.0190734863281 45.2769432067871 44.3305473327637 44.4799385070801 44.5515785217285 43.3287239074707 43.6725044250488 44.3261451721191 44.2986907958984 43.7628707885742 44.135196685791 45.3619537353516 44.5341606140137 43.8849143981934 43.9612464904785 43.7845649719238 43.7375221252441 43.509349822998 43.594310760498 44.5827102661133 44.9061965942383 43.9011039733887 44.5554885864258
49.7119445800781 49.0335578918457 50.0461082458496 50.2441177368164 50.0743064880371 50.5965766906738 49.403736114502 48.9127388000488 48.5163536071777 48.3544082641602 47.8472595214844 47.4068412780762 48.2664031982422 47.0544662475586 47.5476531982422 47.3752746582031 46.2957763671875 45.7973556518555 46.7572135925293 46.7868309020996 45.4093246459961 45.505184173584 45.5790748596191 45.2997894287109 44.9003791809082 45.0680961608887 44.4421615600586 44.4828872680664 44.2411117553711 43.8977088928223 43.8565902709961 44.2801742553711 44.305534362793 44.4005928039551 44.3649559020996 45.7644004821777 44.4374351501465 44.0235252380371 44.1594772338867 44.3197555541992 43.7375221252441 43.5265502929688 45.0180778503418 45.1329002380371 44.9094924926758 44.7531089782715 44.7850646972656
49.3269462585449 49.0335578918457 49.9534950256348 49.9971809387207 51.2173347473145 51.4898376464844 50.4226837158203 49.5725936889648 48.9781951904297 47.9980735778809 48.7298431396484 47.587230682373 47.6005210876465 47.7136154174805 47.8757705688477 47.7051544189453 47.5641021728516 47.0496673583984 47.6584281921387 46.9716262817383 45.8570518493652 45.3287506103516 44.7721519470215 45.4087905883789 45.0428771972656 44.8870620727539 44.8873252868652 44.9684562683105 44.3877143859863 43.8420448303223 44.1799926757812 44.2953948974609 44.5734176635742 44.3942451477051 44.9041481018066 44.8717002868652 44.3222160339355 43.9947204589844 44.4630584716797 44.7030715942383 44.5386276245117 43.8061370849609 45.6132736206055 45.8346672058105 45.373722076416 45.1866340637207 45.6411552429199
49.8349533081055 49.5604286193848 50.3278427124023 49.9726104736328 50.5031776428223 51.5111694335938 51.235538482666 50.1317138671875 49.5263404846191 48.6258010864258 48.2212142944336 48.6313552856445 48.4584655761719 47.7859802246094 47.7425880432129 48.2577133178711 48.1986045837402 48.1543464660645 47.0124092102051 46.9716262817383 46.4874496459961 45.353832244873 45.3504180908203 45.4049034118652 45.2038078308105 45.7687301635742 45.3658599853516 45.3332901000977 44.5409126281738 44.5173835754395 43.9199752807617 44.4474182128906 44.7910003662109 45.3403930664062 44.2042388916016 44.8683738708496 44.3724670410156 44.4976921081543 45.3558197021484 44.5416069030762 44.8574180603027 43.9281349182129 44.7214088439941 46.3738555908203 46.7876663208008 45.5861396789551 45.601490020752
49.9518165588379 49.7437171936035 49.9268188476562 50.3396530151367 50.507625579834 50.6130714416504 51.4495429992676 50.8026695251465 50.3682441711426 49.8153991699219 49.632022857666 49.126148223877 48.6396942138672 48.1542625427246 49.1330490112305 48.8816566467285 49.273509979248 47.9093017578125 48.6105728149414 47.4819564819336 46.6992034912109 46.4551391601562 45.8347854614258 45.5237350463867 45.0274848937988 44.8224868774414 45.3766441345215 44.8753089904785 44.6191520690918 44.3668365478516 44.4629707336426 44.2789688110352 44.6148071289062 45.0668449401855 45.431095123291 45.5563125610352 44.7493743896484 45.3074798583984 45.2939338684082 45.5177879333496 44.707332611084 44.6507339477539 44.0440521240234 44.2705001831055 45.0546646118164 45.5976829528809 45.5657119750977
51.7637519836426 50.5295486450195 51.4226341247559 51.1621208190918 51.5961723327637 51.2836608886719 50.7002105712891 51.3238525390625 51.0313682556152 50.0903282165527 50.2631340026855 49.6072845458984 49.6218910217285 49.2512474060059 49.1972045898438 48.7970581054688 48.6726188659668 48.9702911376953 48.7193946838379 47.7534370422363 47.5803413391113 46.908561706543 46.228458404541 46.2937431335449 45.6615028381348 45.488395690918 45.2260780334473 45.328010559082 45.3001441955566 44.759693145752 44.8461532592773 45.1060333251953 44.6166954040527 45.3884048461914 45.910228729248 45.8439712524414 45.8809967041016 45.2329406738281 45.125545501709 45.5942039489746 45.4319496154785 45.4643287658691 44.6348571777344 44.5803527832031 44.3328819274902 44.904972076416 46.0055313110352
