examples/night_lizards/data/train-rasters-2.5m/bclim15.asc
NCOLS 322 
NROWS 151 
XLLCORNER -122.75 
YLLCORNER 31.9166666666667 
CELLSIZE 0.0416666666666677 
NODATA_value -3.4e+38 
[rows 0 to 20 of 151, columns 47 to 93 of 322]
86.4113311767578 86.2497482299805 85.9769973754883 85.4087066650391 84.9137954711914 84.8936767578125 84.6058044433594 84.3972396850586 83.7611923217773 83.3250579833984 83.0960540771484 82.7499008178711 82.5512847900391 82.5259017944336 82.1022491455078 81.404411315918 80.7412796020508 79.9766082763672 79.1726379394531 78.1386108398438 75.2843246459961 73.8590469360352 72.7480926513672 72.2978515625 71.7099533081055 70.2238235473633 69.1744232177734 68.4445114135742 67.9059829711914 67.6481246948242 66.546028137207 65.2667694091797 64.4675827026367 64.4848022460938 63.3162040710449 57.8767356872559 54.8316268920898 53.3617324829102 55.6021347045898 54.7403106689453 52.364875793457 52.469612121582 50.6943473815918 49.8887634277344 45.4235382080078 43.5596504211426 42.2758636474609
86.1362533569336 85.5805511474609 85.3572998046875 85.6095962524414 85.682731628418 85.5186462402344 84.780647277832 84.4801788330078 84.2855453491211 83.7563247680664 83.5019302368164 83.0980758666992 82.7465972900391 82.5562896728516 81.7649002075195 81.5193023681641 80.8736572265625 80.2208099365234 79.2087860107422 77.9361953735352 76.5986785888672 74.7113342285156 73.8333511352539 73.0033187866211 72.2100982666016 71.0478363037109 70.2672500610352 69.2710571289062 68.4526901245117 67.2872543334961 66.7668228149414 66.1809234619141 65.0609588623047 64.1921768188477 62.3951416015625 63.0214462280273 59.3346862792969 57.7331962585449 56.7875328063965 56.4954872131348 54.7300987243652 53.7849426269531 50.2467346191406 48.1458549499512 45.3296279907227 44.1690559387207 43.5641098022461
86.3211669921875 85.7038345336914 85.8903732299805 85.607666015625 85.6355590820312 85.1621170043945 84.8054122924805 84.8669967651367 84.6274108886719 84.4783325195312 84.2192153930664 83.7048568725586 83.3164672851562 82.7922973632812 82.2405166625977 81.8813934326172 81.3090362548828 80.2175521850586 79.5351409912109 78.6596298217773 76.5335083007812 75.6149826049805 74.369743347168 73.3112640380859 72.7074279785156 71.8529815673828 71.2962493896484 69.6394729614258 68.946159362793 68.1293106079102 67.4398574829102 66.3557586669922 66.1470794677734 64.3085479736328 64.2884521484375 63.7350692749023 62.65869140625 60.4670753479004 58.1007499694824 57.1203384399414 55.4740867614746 52.6749610900879 51.1121635437012 49.1453323364258 46.9947204589844 46.150821685791 45.8068771362305
85.8466339111328 85.7468185424805 85.9515380859375 85.7963333129883 85.3813629150391 85.5374145507812 85.5512771606445 85.2279281616211 84.8202743530273 84.6402969360352 84.6951370239258 84.0854797363281 83.6658172607422 83.0907363891602 82.5776748657227 82.0555725097656 81.1974563598633 80.4364242553711 79.7044143676758 78.562614440918 77.7665634155273 77.1941680908203 75.381706237793 73.9696731567383 73.3394012451172 72.5044174194336 71.280876159668 70.7483291625977 69.4316940307617 68.6372680664062 67.7012329101562 67.139045715332 66.311767578125 65.0591201782227 63.7440376281738 63.9542808532715 63.2833404541016 63.4401016235352 59.2242164611816 56.5263366699219 55.8354339599609 54.0371704101562 52.7943878173828 52.0333976745605 49.5456352233887 48.1436004638672 46.3568420410156
85.9775619506836 85.8799209594727 86.0329437255859 85.8877944946289 85.9113616943359 85.4498901367188 85.239990234375 85.3993148803711 85.4023895263672 85.3140716552734 84.8721160888672 84.8816680908203 83.9669342041016 83.3324813842773 82.9145355224609 82.5270462036133 81.3121032714844 81.2302017211914 80.6984100341797 79.4126815795898 78.3707809448242 78.1803359985352 76.6591110229492 75.7897415161133 74.6620864868164 73.2606353759766 72.1450576782227 71.3247375488281 70.2071990966797 68.8590087890625 67.9918899536133 67.8610763549805 66.9794311523438 66.2160034179688 64.9675903320312 63.3146476745605 63.6455154418945 62.5027084350586 60.6820449829102 58.0194396972656 57.1149482727051 56.6239051818848 55.2973251342773 53.8392295837402 53.133430480957 50.7257499694824 49.3479614257812
86.047248840332 85.563606262207 85.9227447509766 86.3072280883789 85.8172836303711 86.0215454101562 86.2439117431641 85.5733184814453 85.67724609375 85.5368194580078 85.2723083496094 84.8987350463867 84.8592071533203 84.2659759521484 83.8195571899414 82.6402282714844 81.8193283081055 81.6181488037109 81.1407852172852 80.4722442626953 79.2790908813477 78.9964218139648 78.5040969848633 77.2908706665039 76.0860977172852 75.292610168457 74.3740768432617 72.7033309936523 71.450813293457 70.2952880859375 69.3518447875977 68.1868286132812 67.1829223632812 66.9563217163086 66.4637680053711 63.9912071228027 64.6843490600586 63.4295425415039 62.856803894043 58.937255859375 59.5433464050293 58.4131660461426 57.5493850708008 57.0131378173828 55.1054763793945 53.919921875 51.3443183898926
84.9086685180664 86.0700378417969 85.9628982543945 85.9113311767578 85.3822784423828 85.8397521972656 85.4231185913086 85.7677841186523 85.4855270385742 85.1697235107422 85.4653091430664 85.5121765136719 85.0787963867188 84.5749816894531 84.6156539916992 83.4390106201172 82.4764709472656 82.4523162841797 81.5817565917969 80.7878723144531 79.9456253051758 79.3986282348633 78.9529647827148 78.4689102172852 77.1076202392578 76.3071517944336 76.4078979492188 74.3366546630859 74.2832794189453 73.0922241210938 71.1155319213867 69.5335388183594 68.1983413696289 67.4111022949219 66.9816589355469 64.0151596069336 64.5781402587891 64.1467132568359 62.8626289367676 61.5577926635742 61.0965614318848 60.7503890991211 60.0182456970215 58.3458709716797 56.6764144897461 54.8641052246094 52.8893585205078
84.7262268066406 84.9387130737305 85.7879638671875 85.767936706543 85.4545822143555 85.1483688354492 85.4322814941406 85.5993194580078 85.1014862060547 85.1137390136719 85.6411285400391 85.2578811645508 84.9446258544922 84.9950103759766 84.9495697021484 84.3547134399414 83.5976104736328 83.5888900756836 83.1985321044922 83.0308990478516 81.8228073120117 80.809944152832 79.6301956176758 78.7118759155273 77.7270889282227 75.8703918457031 74.4606704711914 74.4577865600586 71.9621353149414 71.31982421875 70.3932113647461 70.088020324707 69.1028060913086 68.212516784668 67.1498260498047 67.154426574707 66.255500793457 63.5952796936035 62.7972373962402 61.7549591064453 63.5877113342285 62.8403625488281 60.2443771362305 57.9316787719727 56.4308662414551 55.0393028259277 53.0731925964355
84.9431838989258 84.1168899536133 84.6190185546875 84.9468612670898 85.3379821777344 85.4735336303711 85.2119369506836 85.1879959106445 85.1078643798828 85.2764282226562 85.1466827392578 85.9070129394531 85.7036056518555 85.7773284912109 85.7617340087891 85.4365005493164 84.8300628662109 84.6649932861328 84.3322219848633 83.4481353759766 81.6631240844727 80.7232971191406 80.4574890136719 79.059814453125 77.6411590576172 76.1866607666016 74.8975830078125 73.5193252563477 72.758544921875 72.0054473876953 70.2064971923828 69.8263244628906 69.6382217407227 69.1579437255859 68.5251770019531 67.3436050415039 65.7850875854492 64.3722839355469 63.1607818603516 62.8395919799805 63.767017364502 62.4400672912598 60.0341262817383 57.9776000976562 56.7506484985352 55.592903137207 53.3184432983398
84.5049209594727 85.0901489257812 84.6873931884766 84.1994781494141 84.545166015625 85.157600402832 84.8415603637695 84.9662399291992 84.9945602416992 84.9200897216797 85.0366058349609 85.1613998413086 86.0098419189453 86.0902786254883 85.3802871704102 86.1553039550781 85.3408432006836 85.0910720825195 84.1585464477539 83.3465881347656 82.2687454223633 81.5999145507812 80.9646148681641 80.2220077514648 78.7077560424805 77.188362121582 75.206428527832 73.8098754882812 74.0382080078125 72.7215042114258 71.674934387207 70.8856811523438 69.7422103881836 68.7875061035156 68.2336883544922 67.1428909301758 66.9032516479492 64.2669525146484 63.68359375 63.3178329467773 63.2193260192871 62.3622169494629 61.2087135314941 59.329647064209 57.6209564208984 56.739200592041 54.6943321228027
84.9505386352539 85.1603469848633 84.2715759277344 84.293586730957 85.3129653930664 84.5124130249023 84.5485382080078 84.9445266723633 84.8296737670898 84.81494140625 84.9032897949219 85.8769454956055 86.0303344726562 86.1014938354492 86.0741348266602 85.8721008300781 86.1115798950195 85.706657409668 85.0020294189453 83.3095932006836 82.3758773803711 81.4327163696289 80.9702835083008 80.1161270141602 78.6465606689453 77.0822448730469 75.5188751220703 74.9122085571289 76.1251373291016 75.3601760864258 74.9028396606445 71.6576766967773 70.5449905395508 69.6296615600586 68.4615097045898 66.0791244506836 66.2843704223633 65.5811233520508 64.50390625 63.7270088195801 63.7970275878906 62.3657989501953 61.6251182556152 61.3425636291504 60.1426811218262 58.9055099487305 56.6133232116699
84.8756256103516 84.5130233764648 84.5076675415039 84.0855255126953 84.3672256469727 84.7398376464844 84.7020950317383 84.2273406982422 85.0085296630859 84.8281631469727 85.251594543457 85.4356918334961 86.1580581665039 85.8907318115234 86.1596298217773 86.0863494873047 86.0674591064453 85.8789596557617 85.7812423706055 84.5922241210938 83.5057067871094 82.3731307983398 81.4703598022461 80.5830154418945 80.1730880737305 79.9977722167969 79.3190765380859 78.9285354614258 78.8082809448242 78.4894409179688 75.6259231567383 73.9316558837891 71.7661514282227 70.7362442016602 68.449089050293 66.7025985717773 65.1742324829102 65.443977355957 66.1887817382812 64.6116561889648 63.8835372924805 62.4504508972168 62.5832481384277 64.1059722900391 62.6401519775391 62.6959648132324 62.0172653198242
84.3004531860352 84.4328079223633 84.2406997680664 84.6767654418945 84.6118774414062 84.5659332275391 84.1511383056641 84.4333190917969 84.4816055297852 84.517448425293 84.6613998413086 84.9191207885742 85.4398422241211 85.0919952392578 86.0438842773438 86.546257019043 86.4435577392578 86.0400314331055 85.6879653930664 85.8183288574219 84.5082092285156 83.7016067504883 82.93701171875 82.5759658813477 82.6886444091797 81.9763488769531 79.6018218994141 77.9845352172852 77.0686645507812 76.720947265625 76.1538543701172 74.0786819458008 70.7129058837891 70.4315414428711 70.4293899536133 68.4961624145508 66.6199722290039 65.7658767700195 64.1864776611328 64.8811721801758 64.0511703491211 62.7630996704102 64.3512878417969 63.6189956665039 63.4960174560547 63.0099830627441 64.0712432861328
84.662727355957 84.2021560668945 84.299674987793 84.0771484375 84.6606292724609 84.5623016357422 84.8451614379883 83.8851547241211 84.5358963012695 84.0627136230469 84.2935943603516 84.3875122070312 84.7946395874023 85.7078247070312 85.4326095581055 85.8798446655273 86.5522994995117 85.6588821411133 85.8969192504883 85.6682586669922 84.9540023803711 84.7892150878906 84.5296936035156 83.2371444702148 82.361083984375 81.4652862548828 79.7248458862305 77.956298828125 77.8679885864258 76.4481582641602 75.7830963134766 74.833122253418 71.1790084838867 69.5529479980469 69.5614395141602 68.8493804931641 67.6694717407227 67.8403015136719 65.4405517578125 64.9338531494141 64.9087829589844 64.4887619018555 63.5252075195312 64.2281112670898 65.6799697875977 65.2120132446289 65.3125610351562
84.4246597290039 84.2832260131836 84.8549118041992 84.2328186035156 84.6720199584961 84.7197723388672 84.6680526733398 84.1585693359375 83.898811340332 83.8418579101562 83.7992401123047 84.8098678588867 84.9160308837891 85.581298828125 85.9057388305664 85.7887878417969 85.5019607543945 85.7240447998047 85.5069732666016 85.2336349487305 85.5351715087891 84.7863464355469 84.0488204956055 84.4059448242188 83.7991180419922 83.1600646972656 81.5872650146484 79.8604583740234 77.3820114135742 75.6961288452148 73.9529495239258 73.2322311401367 72.4604415893555 70.4414978027344 69.6444549560547 68.9738388061523 69.5112915039062 70.5912094116211 66.6858978271484 65.8379745483398 67.3543472290039 65.8134384155273 63.4851379394531 63.4402809143066 63.626880645752 63.2652397155762 64.8577346801758
84.4957962036133 84.8417739868164 84.9357147216797 84.2395401000977 84.6712036132812 84.6767044067383 84.2304382324219 84.5330276489258 84.0234146118164 83.6925888061523 84.1758499145508 84.592903137207 84.4831695556641 85.1336898803711 85.6650924682617 86.9795684814453 86.1555786132812 86.2057800292969 86.3863143920898 86.1809158325195 85.518196105957 84.4546890258789 84.3987884521484 84.3026123046875 82.1806869506836 81.9636154174805 82.7549438476562 81.3631057739258 79.2053451538086 77.2390365600586 75.3604278564453 75.2947235107422 74.4238586425781 71.3728179931641 71.6492767333984 72.7551803588867 73.2219009399414 73.6209259033203 73.4708404541016 71.5554275512695 71.7036895751953 66.4925765991211 64.2702941894531 62.5836868286133 62.4140510559082 61.8682899475098 61.2758903503418
83.9510192871094 84.797248840332 84.7181167602539 84.4218292236328 84.8017578125 84.4760818481445 84.4596252441406 84.4524154663086 83.858642578125 84.2446136474609 84.1750030517578 83.7456207275391 84.3992538452148 85.006217956543 84.9943542480469 85.4009780883789 85.7500457763672 86.0238800048828 85.963020324707 85.9930419921875 85.6247634887695 85.1896896362305 84.6512298583984 83.840705871582 82.9908752441406 81.6999359130859 83.2727890014648 83.1421203613281 81.6076965332031 79.036750793457 77.8349151611328 76.3253784179688 75.2848892211914 73.8097915649414 73.0565338134766 75.46484375 76.1659317016602 75.9199905395508 78.5397262573242 74.244010925293 71.7587356567383 69.0028076171875 66.9256057739258 64.4920883178711 62.4390983581543 61.3495826721191 60.9826202392578
83.8403854370117 84.7829437255859 84.4362030029297 84.4596405029297 85.0930023193359 85.5040588378906 84.7485656738281 84.6624603271484 84.4005584716797 84.3782806396484 83.6389007568359 84.3683929443359 84.0474700927734 84.7869110107422 84.9078903198242 84.7981872558594 85.7926712036133 86.4860916137695 86.1830749511719 86.0542373657227 85.9821395874023 85.7866821289062 85.1479873657227 85.1911392211914 83.8763732910156 83.4421997070312 82.2884140014648 82.5272521972656 81.6378402709961 79.2467193603516 76.7123718261719 76.2978363037109 77.8703155517578 78.8890914916992 77.9494171142578 77.4932632446289 77.5506439208984 79.8751983642578 78.7406234741211 73.8068161010742 69.8672561645508 66.6202163696289 65.1117630004883 64.7651748657227 63.4646034240723 62.1627922058105 60.7589378356934
83.5775680541992 84.3091888427734 83.9968948364258 84.919807434082 85.3119430541992 85.8746490478516 85.8205871582031 84.6205291748047 84.4601821899414 84.872688293457 84.3602905273438 84.2459259033203 84.0454940795898 84.5947647094727 84.2533874511719 85.2007217407227 85.3122406005859 86.0723876953125 86.2584457397461 85.5362243652344 85.8385238647461 85.3769683837891 85.2361221313477 85.4727478027344 85.2339324951172 84.8424911499023 83.3176040649414 83.4144821166992 82.2756958007812 81.4406051635742 79.620361328125 78.69970703125 79.7709655761719 81.5979232788086 81.0576019287109 79.7584457397461 80.1592254638672 81.0852127075195 79.7089385986328 77.8616485595703 73.2893295288086 67.5703125 66.0911712646484 65.1964569091797 63.8205070495605 63.1703643798828 62.0945358276367
83.7415008544922 83.8427734375 84.3749923706055 85.5820083618164 85.8442687988281 85.961296081543 86.2929000854492 85.3915405273438 84.8266296386719 84.4063720703125 84.1375198364258 84.2623138427734 83.8996505737305 84.0678482055664 83.5895309448242 84.1696090698242 85.1606750488281 85.2943878173828 85.8473052978516 86.3054580688477 85.7633590698242 85.5595016479492 85.1714096069336 85.4590225219727 85.5705795288086 85.7508697509766 84.9025192260742 84.7790679931641 84.0723876953125 82.3328018188477 80.4265289306641 78.3708267211914 79.9423446655273 83.0478134155273 83.3260040283203 83.1629791259766 83.3339157104492 80.0219955444336 77.5093460083008 78.7425231933594 77.6438674926758 73.728515625 71.7848052978516 71.373291015625 68.0442199707031 63.8756561279297 62.086555480957
83.9905242919922 84.5112686157227 84.6020889282227 85.0974197387695 85.9526519775391 85.7467346191406 85.8314590454102 85.6641159057617 85.4223022460938 85.0141296386719 84.4165344238281 83.7946472167969 83.5933151245117 83.7206878662109 83.9032897949219 83.8691635131836 84.0860977172852 84.592903137207 84.9259490966797 85.5672149658203 85.8817672729492 85.4653778076172 85.0077819824219 84.4604644775391 85.8005828857422 85.9914855957031 86.4013214111328 85.6819152832031 85.1889190673828 83.9252395629883 82.2690200805664 81.8913421630859 79.9187927246094 82.0811157226562 84.1963958740234 85.1417541503906 84.3069381713867 81.8407135009766 78.8191070556641 76.9439926147461 78.9021530151367 78.6095809936523 76.8296279907227 73.0670547485352 68.2194900512695 65.4041213989258 62.9053916931152
