examples/night_lizards/data/train-rasters-2.5m/bclim2.asc
NCOLS 322 
NROWS 151 
XLLCORNER -122.75 
YLLCORNER 31.9166666666667 
CELLSIZE 0.0416666666666677 
NODATA_value -3.4e+38 
[rows 21 to 41 of 151, columns 94 to 140 of 322]
12.6736669540405 12.6206665039062 12.9933338165283 12.7096662521362 13.7043333053589 15.875 16.4696674346924 16.7603340148926 16.7956657409668 16.8676662445068 17.2293338775635 17.7383327484131 17.8956661224365 17.3603324890137 16.2806663513184 15.9983329772949 16.3066673278809 16.951000213623 17.7056674957275 17.8159999847412 16.4300003051758 16.5300006866455 17.1603336334229 17.5389995574951 17.2296657562256 16.5203342437744 15.4409999847412 15.404333114624 15.6836671829224 15.9193334579468 16.1049995422363 16.1056671142578 15.7309999465942 15.5369997024536 15.5389995574951 15.5089998245239 15.3503332138062 15.2093334197998 15.3229999542236 15.8426666259766 16.5380001068115 17.1979999542236 17.5596675872803 17.3403339385986 16.449333190918 16.0756664276123 16.1413326263428
13.0673332214355 13.4233331680298 13.0600004196167 12.5363330841064 13.4153337478638 15.1389999389648 15.5353336334229 15.0550003051758 15.1553335189819 15.4803333282471 16.2259998321533 17.21266746521 17.8106670379639 17.2013339996338 16.0603332519531 16.0100002288818 16.2836666107178 16.8466663360596 17.4956665039062 16.6773338317871 15.7583332061768 16.3296661376953 16.7649993896484 17.4046669006348 17.4253330230713 16.8066673278809 15.7740001678467 15.0690002441406 15.9610004425049 16.5900001525879 16.8493328094482 16.7159996032715 16.2613334655762 16.021333694458 15.8493337631226 15.4336671829224 15.0116662979126 14.8666667938232 15.3653335571289 15.966667175293 16.46266746521 17.2456665039062 17.724666595459 17.7346668243408 17.1459999084473 16.3610000610352 16.4659996032715
13.679666519165 12.82200050354 12.7333335876465 12.4650001525879 12.9309997558594 14.195333480835 14.4860000610352 14.0550003051758 14.7533330917358 14.8020000457764 15.7166662216187 16.8856658935547 17.7933330535889 17.4386672973633 16.9799995422363 16.656665802002 16.1576671600342 16.0613327026367 15.9019994735718 15.2266664505005 15.5910005569458 15.7626667022705 16.1490001678467 16.94700050354 17.3823337554932 16.9293327331543 16.1253337860107 15.5086669921875 15.9169998168945 16.7889995574951 17.2996673583984 17.1533336639404 16.6023330688477 15.8663330078125 15.5089998245239 15.1549997329712 15.0339994430542 15.2993335723877 16.0219993591309 16.578332901001 16.8473320007324 17.3883323669434 17.7203330993652 17.7636661529541 17.4476661682129 16.7143325805664 16.8373336791992
13.3703336715698 13.4366664886475 13.0916662216187 12.2083330154419 12.5563325881958 12.9770002365112 13.7086668014526 13.6006669998169 14.4743337631226 14.7259998321533 15.4836664199829 16.6256675720215 17.5456676483154 17.6133327484131 17.4966659545898 17.3083324432373 16.7180004119873 15.981333732605 15.5753335952759 15.4440002441406 15.8176670074463 15.6736669540405 15.8109998703003 16.5279998779297 17.3213329315186 17.2140007019043 16.3553333282471 15.8243341445923 15.6533336639404 16.2509994506836 17.2560005187988 17.2756671905518 16.7666664123535 16.0033340454102 15.529333114624 15.4186668395996 15.5656671524048 15.864333152771 16.5349998474121 17.0729999542236 17.1319999694824 17.2483329772949 17.7059993743896 17.7213325500488 17.642333984375 17.3159999847412 17.3853340148926
13.1029996871948 13.1370000839233 12.8143329620361 12.3780002593994 12.0170001983643 12.1833333969116 13.0313329696655 12.690333366394 13.3556661605835 14.3546667098999 15.1806669235229 16.2900009155273 17.2196674346924 17.5893325805664 17.5189990997314 17.0816669464111 16.7076663970947 16.2923336029053 15.91100025177 15.932333946228 16.0396671295166 16.1086673736572 16.0803337097168 16.2136669158936 16.7829990386963 17.2453327178955 17.1243324279785 16.7129993438721 15.9799995422363 15.316333770752 16.5266666412354 17.0623340606689 16.9619998931885 16.1936664581299 15.7826671600342 15.8393335342407 15.9939994812012 16.1439990997314 16.6053333282471 16.9183330535889 16.466667175293 16.3793334960938 17.1776676177979 17.4916667938232 17.6723327636719 17.742000579834 17.7919998168945
13.2106666564941 12.8606672286987 12.4359998703003 12.2769994735718 12.3680000305176 13.0240001678467 12.67799949646 12.1583337783813 12.4809999465942 12.9316663742065 14.1219997406006 15.7873334884644 16.9440002441406 17.3503322601318 17.2490005493164 16.5126667022705 15.8886661529541 15.845666885376 15.7469997406006 15.6029996871948 15.9460000991821 16.1516666412354 16.3213329315186 16.0623340606689 16.2566661834717 16.7813339233398 17.3696670532227 17.2930011749268 16.3969993591309 15.0323333740234 15.8446664810181 16.6806659698486 17.1203327178955 16.4079990386963 15.8020000457764 15.8546667098999 16.3500003814697 16.6236667633057 16.6223335266113 16.0596656799316 15.4366664886475 15.6726665496826 16.4653339385986 16.9926662445068 17.4220008850098 17.7756671905518 17.929666519165
13.3503332138062 13.1789999008179 12.7013330459595 12.7103338241577 12.7643327713013 13.3179998397827 13.2563333511353 13.0806665420532 12.3299999237061 12.0263328552246 13.275333404541 15.3600006103516 16.8466663360596 17.1633338928223 17.103666305542 16.6023330688477 15.4800004959106 15.3549995422363 15.4663333892822 15.0446662902832 15.3076667785645 15.6856670379639 16.2000007629395 16.1436672210693 16.2646656036377 16.2770004272461 16.7590007781982 16.7476673126221 16.0406665802002 15.2573337554932 15.686333656311 16.3929996490479 17.1709995269775 17.1783332824707 16.3589992523193 16.1783332824707 16.3490009307861 16.4600009918213 15.9016666412354 15.1613330841064 15.050666809082 15.559666633606 16.0599994659424 16.5713329315186 17.0830001831055 17.4890003204346 17.8443336486816
13.2203330993652 13.1129999160767 12.7980003356934 12.9556665420532 13.5973339080811 13.5670003890991 13.4286670684814 12.6090002059937 12.2576665878296 12.2126665115356 12.7506666183472 14.9226665496826 16.6966667175293 17.2916660308838 17.3903331756592 16.875 15.8476667404175 15.1639995574951 14.9829998016357 14.1366662979126 14.5539999008179 15.368332862854 16.1270008087158 16.3990001678467 16.4246673583984 16.2089996337891 16.2563323974609 16.2053337097168 15.7326669692993 15.3516664505005 15.1426668167114 16.0673332214355 16.7946662902832 17.1986675262451 16.9823341369629 16.5443325042725 16.1693325042725 15.960000038147 15.2186670303345 14.5286664962769 14.5173330307007 15.0256671905518 15.6013336181641 16.2193336486816 16.6639995574951 17.0563335418701 17.486665725708
13.393666267395 13.2766666412354 13.2136669158936 13.1520004272461 13.7919998168945 13.9899997711182 13.3103332519531 12.7086668014526 12.5343332290649 12.7766666412354 12.4806671142578 14.3730001449585 16.4173336029053 17.1823329925537 17.3113327026367 16.7786674499512 15.7316665649414 15.154333114624 14.5386667251587 14.1483335494995 14.5266666412354 15.4390001296997 16.1653327941895 16.5306663513184 16.6046676635742 16.4546661376953 16.1469993591309 16.1336669921875 15.8176670074463 14.9183330535889 14.8120002746582 15.6113328933716 16.0443325042725 15.9000005722046 16.2743320465088 16.4936676025391 16.3266677856445 15.8203325271606 14.7639999389648 14.1686668395996 14.184666633606 14.6843338012695 15.293999671936 15.835000038147 16.2303333282471 16.4956665039062 16.9076671600342
13.1793336868286 13.2623329162598 13.3666667938232 13.2770004272461 13.2693328857422 13.2130002975464 12.6776666641235 12.7873334884644 12.8613338470459 12.4696664810181 12.3909997940063 13.7636671066284 15.6540002822876 16.9990005493164 17.3543338775635 16.9759998321533 16.2356662750244 16.017333984375 15.2019996643066 14.3816661834717 14.8196668624878 15.6770000457764 16.2749996185303 16.5329990386963 16.5813331604004 16.2876663208008 15.8649997711182 16.0766658782959 15.5623331069946 14.5799999237061 14.8436670303345 15.5359992980957 15.3623332977295 14.8946666717529 15.396333694458 15.9530000686646 16.1396656036377 15.9139995574951 15.0386667251587 14.2593336105347 14.1990003585815 14.3823337554932 14.83899974823 15.5350008010864 16.0219993591309 16.1550006866455 16.3320007324219
13.0873336791992 13.1859998703003 12.8206663131714 12.7726669311523 12.8929996490479 12.8003330230713 12.6590003967285 13.1879997253418 12.9906673431396 13.021333694458 12.868332862854 12.9549999237061 14.6633329391479 16.6809997558594 17.3253326416016 17.1413326263428 16.6633338928223 16.292667388916 15.5336666107178 14.7926664352417 15.2046661376953 15.7423334121704 16.2993335723877 16.6429996490479 16.6393337249756 16.2223339080811 15.9283332824707 16.0636672973633 15.3783330917358 14.8376665115356 14.7839994430542 15.311333656311 14.7250003814697 14.3143329620361 14.8236665725708 15.3179998397827 15.7136669158936 15.8319997787476 15.5769996643066 15.0243330001831 14.5973339080811 14.6773338317871 14.9443330764771 15.4206666946411 16.2083339691162 16.5623340606689 16.7019996643066
13.1926670074463 12.9820003509521 13.3663330078125 13.688666343689 13.3059997558594 13.021333694458 13.1046667098999 13.5503330230713 12.9803333282471 12.7613334655762 12.4723329544067 12.8853330612183 14.9633331298828 16.5206661224365 17.0906658172607 17.3493328094482 17.1399993896484 16.6726665496826 15.782000541687 14.607666015625 14.6243333816528 15.1216669082642 16.0073337554932 16.617000579834 16.7163333892822 16.4220008850098 16.2119998931885 16.0290012359619 15.603666305542 15.6660003662109 15.2883338928223 15.5036668777466 15.139666557312 14.9910001754761 14.8719997406006 14.7976665496826 15.2319993972778 15.650333404541 15.7386665344238 15.4406671524048 14.9236669540405 14.953332901001 15.3166666030884 15.2673330307007 15.9713335037231 16.6259994506836 17.0069999694824
13.3366661071777 13.4406661987305 13.804666519165 14.1443338394165 14.0393333435059 13.845666885376 13.860333442688 13.2523336410522 12.6836671829224 12.3453330993652 12.3656663894653 12.8613328933716 14.9763336181641 16.2799987792969 16.7496662139893 17.1523342132568 17.3540000915527 17.1013336181641 16.2789993286133 14.5063333511353 14.0673332214355 14.6483335494995 15.7903337478638 16.591667175293 16.9686660766602 16.6723346710205 15.885666847229 15.3453330993652 15.675666809082 16.3066673278809 15.7403335571289 15.485333442688 15.2443332672119 15.2589998245239 14.8343334197998 14.7213335037231 15.0953340530396 15.4626665115356 15.8420000076294 15.8146667480469 15.3583335876465 15.0290002822876 15.1780004501343 15.4849996566772 15.6433324813843 16.1213340759277 16.6576671600342
12.8476667404175 12.9383335113525 13.0526666641235 13.2723331451416 13.485333442688 13.5966663360596 13.1573333740234 13.0503330230713 12.9743337631226 12.8070001602173 12.5176668167114 12.7146663665771 14.3736667633057 15.9359998703003 16.5380001068115 16.9443340301514 17.3419990539551 17.3560009002686 16.7280006408691 14.7796669006348 13.9460000991821 14.1883335113525 15.2523326873779 16.5086669921875 17.3643341064453 17.1596660614014 16.2709999084473 15.6656665802002 15.7666664123535 16.0799999237061 15.6856670379639 15.6053333282471 15.2103338241577 15.606333732605 15.0579996109009 14.9309997558594 15.1260004043579 15.4313335418701 16.2086658477783 16.7076663970947 16.1609992980957 15.393666267395 15.3920001983643 15.349666595459 15.8610000610352 16.0966663360596 16.3780002593994
13.0216665267944 12.934666633606 12.7303333282471 13.0670003890991 13.6303329467773 13.7273330688477 13.1786670684814 12.4899997711182 12.0740003585815 12.41100025177 12.171667098999 12.1713333129883 13.5246667861938 15.3520002365112 16.1919994354248 16.6173324584961 17.1566677093506 17.3430004119873 17.1089992523193 15.4796667098999 13.9630002975464 13.7916669845581 14.2773332595825 15.6123332977295 17.0596675872803 17.5849990844727 16.9659996032715 16.3463325500488 16.0069999694824 15.7220001220703 15.8866662979126 15.5706672668457 15.6016664505005 15.3503332138062 15.0799999237061 15.0426664352417 15.2320003509521 15.6893329620361 16.6479988098145 17.2613334655762 16.8116664886475 16.0219993591309 15.775333404541 15.8196668624878 16.2333335876465 16.1749992370605 15.9506664276123
13.1576671600342 12.8846664428711 12.7596664428711 13.0349998474121 13.0729999542236 13.03600025177 13.1473331451416 12.6486663818359 11.9670000076294 12.043999671936 11.8833332061768 11.9323329925537 12.6736669540405 13.9836664199829 15.5303335189819 16.2413330078125 16.6599998474121 16.8530006408691 17.0106658935547 16.208667755127 14.923999786377 14.1663331985474 14.1253337860107 14.760666847229 16.3853340148926 17.3363342285156 17.1773338317871 16.7653331756592 16.2323341369629 15.5406665802002 15.832667350769 15.5273332595825 15.8503332138062 15.3699998855591 15.1363334655762 15.1370000839233 15.3439998626709 15.6856670379639 16.7796669006348 17.6613330841064 17.421667098999 16.6626663208008 16.1233329772949 16.1456661224365 16.3246669769287 16.3050003051758 15.9209995269775
13.150333404541 13.0843334197998 12.8666667938232 12.581000328064 12.4753332138062 12.6020002365112 12.5036668777466 12.6420001983643 11.9426670074463 12.3723335266113 12.6169996261597 12.3206663131714 11.7656669616699 12.9913330078125 14.8646669387817 15.9836664199829 16.2999992370605 16.3786659240723 16.8983325958252 16.7870006561279 15.6986665725708 14.3150005340576 14.1153326034546 14.1120004653931 15.132999420166 15.8383331298828 16.0389995574951 16.1909999847412 16.0230007171631 15.4236669540405 15.4143333435059 15.2870006561279 15.6696662902832 15.679666519165 15.1409997940063 15.1180000305176 15.5263328552246 15.7309999465942 16.7339992523193 17.808666229248 17.804666519165 17.1493339538574 16.4966678619385 16.2140007019043 16.3099994659424 16.3716659545898 16.2779998779297
12.9790000915527 13.2443332672119 13.1499996185303 12.6929998397827 12.5313329696655 12.6539993286133 12.4943332672119 12.2906665802002 12.2796669006348 12.5349998474121 12.9946670532227 12.7086668014526 11.9473333358765 12.1243333816528 13.9573335647583 15.5019998550415 15.9816665649414 16.0799999237061 16.6940002441406 16.9193325042725 16.0750007629395 14.9689998626709 14.7123336791992 14.5260000228882 14.3263339996338 14.5023336410522 14.5243330001831 14.7903337478638 15.2326669692993 15.1640005111694 14.8746662139893 14.9373331069946 15.2516660690308 15.3959999084473 15.1203336715698 15.1909999847412 15.4723329544067 15.5916662216187 16.3460006713867 17.1639995574951 17.1710014343262 16.7796669006348 16.4659996032715 16.2663326263428 16.3293323516846 16.3543338775635 16.1773338317871
13.1676664352417 13.2030000686646 13.076000213623 13 13.0476665496826 13.0343332290649 12.5196666717529 12.1203336715698 12.3223333358765 12.6603336334229 13.1719999313354 12.7896661758423 12.2363338470459 12.0023336410522 12.7379999160767 14.1523332595825 14.8986673355103 15.5393333435059 16.3306674957275 16.7639999389648 16.4423332214355 15.8123331069946 15.6183338165283 15.5073337554932 14.8629999160767 14.7533330917358 14.8059997558594 14.9270000457764 15.2053337097168 15.2439994812012 14.9316663742065 14.8743333816528 14.9399995803833 15.0609998703003 15.2333335876465 15.3760004043579 15.3640003204346 15.4583330154419 15.8819999694824 16.1356658935547 15.8333339691162 15.4213333129883 15.3599996566772 15.5173330307007 16.0510005950928 16.2406673431396 15.9863328933716
13.7976665496826 13.554666519165 13.1269998550415 12.8529996871948 12.8326663970947 12.6160001754761 12.2360000610352 12.4373331069946 12.2716665267944 12.5240001678467 13.2589998245239 12.8863334655762 12.7126665115356 12.557333946228 12.3573331832886 12.7846670150757 13.6293334960938 14.6630001068115 15.6873331069946 16.4583339691162 16.228666305542 15.8256664276123 15.5863332748413 15.7286672592163 15.668999671936 15.3809995651245 15.6079998016357 16.0176658630371 16.1520004272461 15.8653335571289 15.5223331451416 15.3730001449585 15.342999458313 15.466667175293 15.6883335113525 15.5009994506836 15.1090002059937 15.324333190918 15.6296672821045 15.576000213623 14.9646663665771 14.6309995651245 14.4666662216187 14.7319993972778 15.4943332672119 15.9636669158936 15.925666809082
13.9129991531372 13.2309999465942 12.960000038147 12.5780000686646 12.4723329544067 12.5473337173462 12.4573335647583 12.4776668548584 12.7999992370605 13.1016664505005 13.4956665039062 13.1153335571289 13.2443332672119 13.2226667404175 12.9029998779297 13.1540002822876 13.3013334274292 13.7266664505005 15.0576667785645 16.1350002288818 15.6373338699341 15.3206672668457 15.2279996871948 15.5970001220703 15.8129997253418 15.7703332901001 15.9516668319702 16.2486667633057 16.3776664733887 16.3696670532227 16.0906677246094 16.05299949646 16.292667388916 16.4886665344238 15.9019994735718 15.2440004348755 14.8273324966431 15.0116662979126 15.4423332214355 15.4596672058105 15.264666557312 15.1746664047241 14.9569997787476 15.0893335342407 15.335000038147 15.7183332443237 15.9619998931885
