examples/night_lizards/data/train-rasters-2.5m/bclim11.asc
NCOLS 322 
NROWS 151 
XLLCORNER -122.75 
YLLCORNER 31.9166666666667 
CELLSIZE 0.0416666666666677 
NODATA_value -3.4e+38 
[rows 42 to 62 of 151, columns 141 to 187 of 322]
12.0393333435059 11.5226669311523 10.4099998474121 8.61999988555908 6.83066654205322 5.69466686248779 5.13000011444092 6.71266651153564 7.03066682815552 7.31666660308838 7.67200040817261 7.91133308410645 7.72466659545898 7.18933343887329 7.0493335723877 6.96000003814697 7.13399982452393 7.16533327102661 6.66599988937378 6.19533348083496 5.27400016784668 3.34866666793823 1.18599998950958 0.235999897122383 0.771333277225494 0.403999954462051 1.40333330631256 1.84266674518585 2.16333341598511 2.38266682624817 2.42866659164429 3.45000004768372 4.34333324432373 5.25666666030884 6.2553334236145 6.6560001373291 6.72599983215332 6.31133317947388 5.97266674041748 5.37199974060059 4.59133338928223 4.32999992370605 4.40866661071777 5.54133319854736 6.4060001373291 7.32600021362305 8.06733322143555
12.3673334121704 11.4659996032715 10.7046670913696 9.6646671295166 8.28066635131836 6.13466644287109 4.6399998664856 5.53399991989136 6.46666669845581 7.21799993515015 7.85933351516724 8.0406665802002 7.82866668701172 7.53933334350586 7.50600004196167 6.94533348083496 6.92199993133545 6.71799993515015 6.08200025558472 6.58733320236206 6.260666847229 5.02866649627686 2.86199998855591 0.53466671705246 0.0759999752044678 -0.0693333968520164 -0.742666661739349 -0.360000044107437 0.0813333168625832 0.531333386898041 1.24666678905487 2.36933326721191 3.32400012016296 4.78333330154419 6.06666660308838 6.59666681289673 6.78800010681152 6.93200016021729 6.98400020599365 6.36866664886475 4.93666648864746 5.13000011444092 6.18666648864746 6.13866662979126 6.55266666412354 7.57733345031738 8.12266635894775
12.5773334503174 12.1313333511353 10.1700000762939 9.21533298492432 8.53733348846436 7.37666654586792 6.69999980926514 6.09533309936523 6.2586669921875 6.86866664886475 7.89266681671143 8.11266613006592 7.81666660308838 7.69199991226196 7.57666635513306 7.55599975585938 6.98400020599365 6.84666681289673 6.49933338165283 6.69533348083496 6.86733341217041 6.06599998474121 4.67799997329712 2.31799983978271 0.649333417415619 0.777333438396454 -0.525333344936371 -2.01399993896484 -1.98200011253357 -1.2593332529068 -0.218666717410088 0.65666675567627 2.2206666469574 4.07800006866455 5.76466655731201 6.31666660308838 6.69799995422363 7.30466651916504 7.84066677093506 8.02933311462402 7.89200019836426 7.66400003433228 7.69799995422363 7.76599979400635 7.73133325576782 7.80399990081787 7.94600009918213
12.6906661987305 12.6540002822876 10.9906663894653 7.6966667175293 7.67999982833862 6.72466659545898 6.94266653060913 7.42733335494995 7.62400007247925 8.00533294677734 8.20600032806396 8.21333312988281 8.010666847229 7.73666667938232 7.32999992370605 7.36999988555908 7.22800016403198 6.86999988555908 6.30000019073486 6.77866697311401 7.09866666793823 6.79733324050903 5.91200017929077 4.17999982833862 2.35000014305115 2.00733327865601 0.103333234786987 -1.82000005245209 -2.67266654968262 -3.04200005531311 -1.44333338737488 -0.199333354830742 1.84466660022736 4.05999994277954 5.42333316802979 5.9980001449585 6.75600004196167 7.49933338165283 8.15533351898193 8.33800029754639 8.44133377075195 8.4506664276123 8.50599956512451 8.59066677093506 8.66933345794678 8.54800033569336 8.38933372497559
12.7406663894653 12.6733331680298 11.7926664352417 7.53733348846436 6.77933311462402 6.49066686630249 6.5406665802002 7.5406665802002 8.01866626739502 8.34066677093506 8.48333358764648 8.38533306121826 8.11333274841309 7.86533308029175 6.6399998664856 6.7480001449585 7.37800025939941 6.89999961853027 6.98600006103516 6.97000026702881 6.93800020217896 6.79733324050903 6.14599990844727 5.2553334236145 4.13800001144409 2.86066675186157 0.832000076770782 -1.37666666507721 -3.59866666793823 -2.14999985694885 -0.928666651248932 0.94133335351944 2.63866639137268 3.89266681671143 4.56333303451538 5.09000015258789 6.8033332824707 7.78933334350586 8.35133361816406 8.50600051879883 8.68933296203613 8.82666683197021 8.90933322906494 8.98066711425781 9.01533317565918 8.84333324432373 8.57733345031738
12.7106666564941 12.6326665878296 11.764666557312 7.22799968719482 6.06799983978271 6.22600030899048 6.24066686630249 6.95599985122681 7.4946665763855 7.96399974822998 8.23333358764648 8.26733303070068 7.85333347320557 7.82466650009155 7.13399982452393 6.8066668510437 7.40133333206177 7.26399993896484 7.33466672897339 7.24333333969116 7.08666658401489 6.92533349990845 6.37666654586792 5.65799999237061 4.39133310317993 3.58933329582214 2.42799997329712 0.317333310842514 -1.53600001335144 -2.2039999961853 -1.06133329868317 0.730666637420654 2.0513334274292 2.4113335609436 3.05266666412354 4.74933338165283 6.5566668510437 8.02799987792969 8.53866672515869 8.6879997253418 8.76933288574219 8.96199989318848 9.16600036621094 9.20600032806396 9.0426664352417 8.42866706848145 8.47866630554199
12.6193332672119 12.8266668319702 12.2933330535889 8.76133346557617 6.55399990081787 5.64066648483276 5.88533353805542 6.2993335723877 6.48600006103516 7.4520001411438 7.88400030136108 8.19333362579346 8.19133377075195 8.21399974822998 7.45666694641113 6.37266635894775 6.58400011062622 7.16933345794678 7.34466695785522 7.38466691970825 7.22866678237915 7.05066680908203 6.89266681671143 6.66733360290527 5.6933331489563 4.97200012207031 3.8659999370575 2.37533330917358 1.97000002861023 0.513333380222321 0.948666751384735 1.06333339214325 1.5846666097641 2.85733318328857 4.25800037384033 5.73733329772949 7.14466667175293 8.17666721343994 8.61066722869873 8.91066646575928 9.08666706085205 9.3033332824707 9.56466674804688 9.50466632843018 9.14200019836426 8.44733333587646 8.90533351898193
12.3940000534058 12.8333339691162 12.6126670837402 10.9440002441406 8.08599948883057 5.24533319473267 4.9980001449585 5.78800010681152 5.86466646194458 6.54933309555054 7.4433331489563 7.64800024032593 7.90666675567627 8.54800033569336 8.04599952697754 6.90866661071777 6.50799989700317 6.89400005340576 7.25400018692017 7.31866645812988 7.26666688919067 7.11733341217041 7.06666660308838 7.06933307647705 6.5 5.97466659545898 5.32733345031738 4.8013334274292 3.72933340072632 2.63066673278809 2.04933333396912 2.46866655349731 2.48266649246216 4.53933334350586 6.10533332824707 6.74133348464966 7.47066640853882 8.24866676330566 8.67866706848145 9.01000022888184 9.26000022888184 9.48266696929932 9.69799995422363 9.70266628265381 9.44533348083496 8.97200012207031 9.2073335647583
12.308666229248 12.8680000305176 12.9126663208008 11.7846660614014 8.02133369445801 5.37733316421509 4.82333326339722 5.99066686630249 6.23999977111816 6.60733318328857 7.01600027084351 6.53399991989136 7.83066654205322 8.70399951934814 8.36666679382324 7.2979998588562 7.46466636657715 6.11533355712891 6.61999988555908 7.04466676712036 7.14466667175293 7.07266664505005 7.10199975967407 7.10733318328857 6.80533313751221 6.54533338546753 6.47733354568481 6.19266653060913 5.22933340072632 3.97733330726624 3.79933309555054 3.74200010299683 2.78400015830994 4.60533332824707 6.08799982070923 6.13000011444092 7.48333358764648 8.26000022888184 8.65533351898193 8.92666625976562 9.14466667175293 9.37866687774658 9.55999946594238 9.77133369445801 9.7006664276123 9.56066703796387 9.72266674041748
12.2273330688477 12.9060001373291 12.9393329620361 11.9286661148071 8.71933364868164 6.64800024032593 5.80666637420654 6.76466655731201 7.28000020980835 7.58599996566772 7.20799970626831 7.06866693496704 7.96066665649414 8.84733295440674 8.39000034332275 7.17000007629395 8.14066696166992 7.63133335113525 6.28399991989136 6.76866674423218 7.04400014877319 7.00933313369751 7.09533309936523 7.08600044250488 6.98266649246216 6.87400007247925 6.91400003433228 6.92533302307129 6.4913330078125 5.60933303833008 5.26999998092651 4.54666662216187 3.69400000572205 4.36533308029175 6.18733310699463 6.36933326721191 7.2553334236145 7.88666677474976 8.33066654205322 8.59266662597656 8.82933330535889 9.11666679382324 9.35799980163574 9.64133262634277 9.78533363342285 9.82600021362305 9.69466686248779
11.8819999694824 12.6226673126221 12.8333330154419 10.956000328064 8.11133289337158 7.36733341217041 6.74666690826416 7.1473331451416 7.57666683197021 7.93666648864746 7.9006667137146 7.90466690063477 8.32266712188721 8.94933319091797 8.97799968719482 8.14666652679443 8.62666606903076 8.51799964904785 7.06866693496704 6.02133321762085 6.94400024414062 7.12466669082642 7.18599987030029 7.14999961853027 7.12133359909058 7.15666675567627 7.20666694641113 7.18533325195312 6.83933353424072 6.41400003433228 5.96466684341431 4.91200017929077 3.82466650009155 3.93466663360596 5.85066652297974 6.60933303833008 7.16000032424927 7.57200002670288 7.93333339691162 8.18599987030029 8.47066688537598 8.79399967193604 8.96000003814697 9.006667137146 9.00533294677734 9.3526668548584 9.33333301544189
11.2513332366943 12.2306661605835 12.8053331375122 12.6633329391479 10.9646663665771 8.94133377075195 8.07733345031738 8.38399982452393 7.84266662597656 7.91733312606812 8.18066692352295 8.6473331451416 9.0086669921875 9.07933330535889 9.2586669921875 9.06866645812988 8.78933334350586 8.83666706085205 7.91666698455811 6.14799976348877 6.85400009155273 7.32066679000854 7.36733341217041 7.28000020980835 7.28533315658569 7.38933324813843 7.36266660690308 7.21133327484131 6.94133329391479 6.65000009536743 6.21333312988281 4.54133319854736 3.0993332862854 3.50933337211609 5.1966667175293 6.19466686248779 6.90733337402344 7.04333353042603 7.46133327484131 7.73133325576782 8.09066677093506 8.42133331298828 8.37600040435791 7.95333337783813 7.96866655349731 8.82200050354004 9.10066699981689
11.0566663742065 12.0753335952759 12.7633333206177 12.7580003738403 12.2986669540405 11.043999671936 10.4700002670288 10.2800006866455 9.74933338165283 8.77533340454102 7.89400005340576 8.3613338470459 9.32733345031738 9.46733283996582 9.6473331451416 9.47399997711182 9.13133335113525 9.15999984741211 8.59200000762939 6.96600008010864 7.29933309555054 7.59866666793823 7.47800016403198 7.4506664276123 7.46799993515015 7.45733308792114 7.3953332901001 7.24133348464966 7.09866666793823 6.81733322143555 6.260666847229 5.32266664505005 3.79866671562195 3.75866675376892 5.23199987411499 5.76666641235352 6.48466682434082 6.61999988555908 6.84333324432373 7.30066680908203 7.77999973297119 8.07733345031738 7.87266635894775 7.07866668701172 7.92600011825562 9.15999984741211 9.59799957275391
10.5659999847412 11.4980001449585 11.9986667633057 11.8526668548584 11.8660001754761 11.9840002059937 11.7993335723877 11.224666595459 10.3093338012695 9.2160005569458 7.98200035095215 7.95599985122681 9.28666687011719 9.78266620635986 9.87333393096924 9.63533306121826 9.45866680145264 9.26200008392334 8.77866649627686 7.8513331413269 8.05866622924805 7.89133358001709 7.41733312606812 7.37266635894775 7.43800020217896 7.44266653060913 7.53666687011719 7.30533313751221 7.30066680908203 6.92933320999146 6.37866687774658 5.7979998588562 4.5053334236145 5.13399982452393 5.84333324432373 5.24066686630249 6.01733350753784 6.59533357620239 6.9946665763855 7.34600019454956 7.51999998092651 7.56533336639404 7.57000017166138 6.95333337783813 8.40266609191895 9.63066673278809 9.90466690063477
10.826000213623 10.9086666107178 10.2919998168945 9.5446662902832 10.2253332138062 11.2379999160767 12.0493335723877 12.1726665496826 10.9919996261597 9.59333324432373 8.77799987792969 8.03400039672852 9.19933319091797 9.71399974822998 9.74466705322266 9.66199970245361 9.57600021362305 9.28666687011719 8.33533382415771 8.12466621398926 8.29666614532471 7.82533311843872 6.98399972915649 6.65399980545044 6.83066654205322 6.92266654968262 7.48866701126099 7.5959997177124 7.49533319473267 7.47733354568481 7.32466697692871 6.72066640853882 5.47800016403198 5.739333152771 6.33400011062622 5.85533332824707 6.19266653060913 6.88800001144409 7.31733322143555 7.37866687774658 7.4539999961853 7.51666641235352 7.40266704559326 8.00800037384033 9.48533344268799 9.85133361816406 9.65133380889893
9.9040002822876 9.40133380889893 8.29666709899902 8.39599990844727 9.20399951934814 10.3680000305176 11.4646663665771 12.029333114624 12.0699996948242 11.2106666564941 10.5126667022705 9.28733348846436 9.80399990081787 9.65666675567627 9.59333324432373 10.03733253479 9.93066692352295 9.42933368682861 8.9379997253418 8.67733383178711 8.22066688537598 7.14266681671143 5.42600011825562 5.6540002822876 6.18200016021729 6.78066682815552 7.37133312225342 7.82933330535889 7.69133329391479 7.49066686630249 7.55866670608521 7.34266662597656 6.63066625595093 5.88600015640259 6.47800016403198 6.93800020217896 7.01533317565918 7.20533323287964 7.44933366775513 7.6046667098999 7.60400009155273 7.46733331680298 7.90133333206177 9.37933349609375 9.91933345794678 9.64799976348877 9.45133304595947
8.67333316802979 8.65266609191895 8.2946662902832 8.82200050354004 9.57400035858154 9.8120002746582 10.6940002441406 11.6719999313354 12.1173334121704 11.9373340606689 11.7093334197998 11.3273334503174 10.8853330612183 10.695333480835 10.6599998474121 10.6933336257935 10.4180002212524 9.57733345031738 8.8633337020874 8.66666698455811 7.92133331298828 6.06933355331421 4.55733346939087 4.7960000038147 5.96533346176147 6.93933343887329 7.43599987030029 7.7093334197998 7.84466648101807 7.56400012969971 7.47933292388916 7.61533355712891 7.2039999961853 6.11866664886475 6.33399963378906 7.20799970626831 7.33533334732056 7.23533344268799 7.24066686630249 7.49266672134399 7.51999998092651 8.04666709899902 9.07800006866455 9.64866638183594 9.5446662902832 9.48400020599365 9.22800064086914
8.37800025939941 8.82866668701172 9.23999977111816 9.76000022888184 9.88599967956543 9.48266696929932 10.0793333053589 11.3366670608521 11.9653339385986 12.0946664810181 12.1406660079956 11.815333366394 11.1466665267944 11.3553333282471 11.3853330612183 11.3986663818359 11.0453329086304 10.4833335876465 9.97200012207031 9.43000030517578 8.48666667938232 6.83133363723755 4.94799995422363 4.6540002822876 6.07133340835571 6.97000026702881 6.91066694259644 6.8600001335144 7.14733362197876 7.46999979019165 7.65666675567627 7.84600019454956 7.46066665649414 6.11199998855591 6.33533334732056 7.27733325958252 7.55533313751221 7.5 7.21533346176147 7.3600001335144 7.23533344268799 7.57866668701172 8.72533321380615 9.00133323669434 9.14999961853027 9.25933361053467 8.8866662979126
8.5086669921875 8.760666847229 9.34866619110107 9.80399990081787 9.21266651153564 9.0193338394165 10.2819995880127 11.6433334350586 11.989333152771 11.941333770752 11.9753332138062 12.0159997940063 11.9466667175293 11.9293327331543 11.6459999084473 11.3940000534058 11.1233329772949 10.8439998626709 10.4473333358765 9.85333347320557 9.18266677856445 8.56666660308838 7.36999988555908 7.3953332901001 7.57333374023438 7.45866680145264 7.03999996185303 6.71333360671997 6.62533330917358 6.87866640090942 7.53133344650269 7.75466680526733 7.7553334236145 6.70600032806396 6.14266633987427 7.42799997329712 7.67066669464111 7.61333322525024 7.03066682815552 6.76866674423218 6.16666650772095 6.45799970626831 7.71199989318848 8.15466690063477 8.69533348083496 8.93466663360596 8.41466617584229
7.24200010299683 8.03466606140137 8.44799995422363 8.78999996185303 9.20866680145264 9.743332862854 10.7159996032715 11.3979997634888 11.5693330764771 11.5539999008179 11.7793340682983 11.9433336257935 11.815333366394 11.7226667404175 11.4886665344238 11.2880001068115 11.1246662139893 10.9466667175293 10.5086669921875 10.2806663513184 9.77266693115234 9.27733325958252 8.76399993896484 8.38799953460693 8.13999938964844 7.6540002822876 7.49866676330566 7.34533357620239 7.00133323669434 6.4486665725708 7.07133340835571 7.17399978637695 7.02933359146118 6.55999994277954 6.74333333969116 7.47066688537598 7.74066686630249 7.58133316040039 6.3513331413269 5.84533309936523 4.89666652679443 5.48400020599365 6.75466680526733 7.06933307647705 7.90333366394043 8.37466621398926 8.22733306884766
7.46533346176147 7.4593334197998 8.24466705322266 9.006667137146 9.50266647338867 9.53999996185303 9.6899995803833 10.0066661834717 10.1999998092651 10.4026660919189 10.5120000839233 10.6879997253418 10.7119998931885 10.8740005493164 10.9440002441406 11.0493335723877 11.1006660461426 11.0679998397827 10.8933334350586 10.3613328933716 9.70866680145264 9.30066680908203 8.63066673278809 7.89666652679443 7.76066637039185 7.44000005722046 7.42466688156128 7.46266651153564 7.30200004577637 6.96666669845581 6.31799983978271 5.73199987411499 6.09533309936523 6.94933319091797 7.5406665802002 7.71866655349731 7.74000024795532 7.36733341217041 6.05066680908203 5.56866645812988 4.25266647338867 4.70266675949097 6.05399990081787 6.30066680908203 7.08999967575073 7.88933324813843 8.02733325958252
