examples/night_lizards/data/train-rasters-2.5m/bclim9.asc
NCOLS 322 
NROWS 151 
XLLCORNER -122.75 
YLLCORNER 31.9166666666667 
CELLSIZE 0.0416666666666677 
NODATA_value -3.4e+38 
[rows 84 to 104 of 151, columns 188 to 234 of 322]
24.0073337554932 23.492000579834 23.7919998168945 24.2560005187988 24.3880004882812 24.478666305542 25.1326675415039 25.6960010528564 25.4813327789307 25.2800006866455 26.5786666870117 26.4013328552246 25.4946670532227 25.6166667938232 25.685998916626 25.5806674957275 25.2586669921875 24.7560005187988 24.1306667327881 24.1946678161621 23.8093338012695 23.2933330535889 22.6626663208008 21.974666595459 21.1513328552246 20.1180000305176 18.8780002593994 19.0020008087158 19.296667098999 20.3013324737549 21.9253330230713 23.0726661682129 23.1660003662109 22.1833324432373 20.0513324737549 19.216667175293 18.271333694458 17.8773326873779 18.1440010070801 19.3126659393311 18.3360004425049 17.771333694458 16.7826671600342 15.4399995803833 14.710000038147 14.3273334503174 14.9440002441406
23.9213333129883 23.5606670379639 23.9686660766602 24.4699993133545 24.7059993743896 24.6660003662109 24.7119998931885 24.238000869751 23.9393329620361 25.191333770752 26.3446674346924 26.6553325653076 25.6119995117188 25.3593330383301 25.232666015625 24.8786678314209 24.5906658172607 24.2813339233398 24.0413341522217 24.0313339233398 23.9266662597656 23.5920009613037 23.1066665649414 22.5559997558594 21.9053344726562 21.3066673278809 20.7613334655762 20.0993328094482 19.1486663818359 19.0826663970947 20.673999786377 22.753999710083 23.5993328094482 22.9939994812012 20.8073329925537 19.5773334503174 19.0413341522217 18.7993335723877 20.3093338012695 20.1259994506836 18.8819999694824 18.7600002288818 17.3799991607666 16.6486663818359 16.1546669006348 15.953332901001 16.949333190918
24.228666305542 24.076000213623 24.5873336791992 24.8640003204346 25.0753326416016 24.9753341674805 24.6713333129883 23.8360004425049 24.0393333435059 25.1286659240723 26.1333332061768 26.810001373291 26.4720001220703 26.0260009765625 24.9846668243408 23.2080001831055 22.5306663513184 22.8853340148926 23.3226661682129 23.6846656799316 23.8080005645752 23.6786670684814 23.3406658172607 22.9053344726562 22.3799991607666 21.8980007171631 21.3980007171631 20.996000289917 20.67799949646 20.2186660766602 20.8439998626709 23.0473327636719 23.5900001525879 23.3159999847412 22.2193336486816 21.5599994659424 20.9720001220703 21.5179996490479 21.9020004272461 20.6299991607666 19.8413333892822 18.7180004119873 17.957332611084 17.9726676940918 17.5386657714844 17.445333480835 18.8593330383301
24.8600006103516 24.9593334197998 25.2933330535889 25.3239994049072 25.3953342437744 25.2826652526855 24.8826675415039 24.253999710083 23.0613327026367 23.7560005187988 25.4119987487793 26.7226676940918 26.6919994354248 26.4086666107178 25.742000579834 24.0646667480469 21.4433326721191 20.4346675872803 21.4326667785645 22.8360004425049 23.6613330841064 23.8159999847412 23.5580005645752 23.1533336639404 22.7313327789307 22.3266658782959 21.6679992675781 21.5986671447754 21.7766666412354 22.2606658935547 22.9526672363281 23.7313327789307 23.9986667633057 23.5879993438721 22.9353332519531 22.9113330841064 22.5593338012695 22.3306674957275 21.4186668395996 19.0960006713867 18.978666305542 19.0853328704834 19.208667755127 19.3360004425049 20.3926658630371 19.8306674957275 19.3493328094482
25.2520008087158 25.5793342590332 25.7213325500488 25.7560005187988 25.7193336486816 25.503999710083 25.1126670837402 24.8066673278809 24.5493335723877 25.234001159668 26.2719993591309 26.8493328094482 26.7373332977295 26.6719989776611 26.1786651611328 24.9566669464111 23.2473335266113 21.564001083374 22.0073337554932 22.7980003356934 23.4506664276123 24.0200004577637 23.966667175293 23.5359992980957 23.1579990386963 22.8880004882812 22.4173336029053 21.9973335266113 22.7113342285156 23.2553329467773 23.8593330383301 24.4466667175293 24.046667098999 22.6586666107178 22.6293334960938 23.2253341674805 22.4773330688477 21.7313327789307 20.8126659393311 19.5480003356934 19.9093341827393 19.9693336486816 20.3193340301514 20.656665802002 21.3606662750244 21.0540008544922 20.4653339385986
25.4326667785645 25.5326671600342 25.7239990234375 25.9286670684814 26.017333984375 25.8453330993652 25.4673328399658 25.3740005493164 25.6200008392334 26.1386661529541 26.7240009307861 27.0226669311523 26.6933326721191 26.6493339538574 26.6153335571289 26.0399990081787 25.1040000915527 24.3546676635742 24.2273330688477 23.9553337097168 23.8646659851074 24.0266666412354 24.3366680145264 24.0106658935547 23.7066669464111 23.4546661376953 23.1266670227051 22.496000289917 23.3853340148926 23.9193344116211 24.4466667175293 24.4566669464111 23.4986667633057 21.9640007019043 21.3146667480469 22.2213325500488 22.2000007629395 21.3780002593994 20.6499996185303 20.906665802002 21.4946670532227 20.9699993133545 20.2473335266113 21.1013336181641 22.1280002593994 21.1026668548584 19.0653324127197
25.1959991455078 24.9226665496826 25.1233329772949 25.6246662139893 26.0086669921875 26.0799999237061 25.9446678161621 25.9233341217041 26.1353340148926 26.490665435791 26.7999992370605 26.990665435791 26.8900012969971 26.5953330993652 26.7133331298828 26.67799949646 26.2733345031738 25.8439998626709 25.1359996795654 24.3280010223389 24.5406665802002 24.8439998626709 24.4500007629395 24.0493335723877 24.2153339385986 23.9693336486816 23.5606670379639 22.9879989624023 23.5246658325195 23.7439994812012 23.8346672058105 24.4833335876465 23.5073337554932 22.492000579834 21.1773338317871 20.449333190918 20.1560001373291 20.5313339233398 20.8899993896484 21.724666595459 22.1480007171631 21.2873344421387 21.9160003662109 22.2253341674805 20.681999206543 19.7553329467773 18.1800003051758
24.8813343048096 24.0446662902832 23.423999786377 24.7473335266113 25.6933326721191 25.9519996643066 25.9993324279785 26.0126667022705 26.1533336639404 26.2706661224365 26.3600006103516 26.5126667022705 26.5919990539551 26.5193328857422 26.6386661529541 26.7946662902832 26.8039989471436 26.792667388916 25.9513320922852 24.4866676330566 24.4039993286133 25.1053333282471 24.986665725708 24.8020000457764 24.7299995422363 24.2973327636719 23.711332321167 23.5599994659424 23.2186660766602 23.0879993438721 22.8266677856445 23.978666305542 24.7099990844727 23.8146667480469 22.8139991760254 21.742000579834 20.7566661834717 20.5900001525879 20.6413326263428 21.5459995269775 22.6313343048096 23.1366672515869 22.6019992828369 22.1046657562256 20.0839996337891 19.3113346099854 18.1053333282471
24.0113334655762 23.0666675567627 23.3193340301514 24.2586669921875 25.3893337249756 25.7940006256104 25.8506660461426 25.7700004577637 25.8093338012695 25.7053337097168 25.5713329315186 25.5753326416016 25.1253337860107 24.9899997711182 25.4733333587646 26.2379989624023 26.3700008392334 26.7493343353271 26.6700000762939 26.0340003967285 25.1800003051758 25.4766674041748 25.9046669006348 25.6440010070801 25.4006671905518 25.0799999237061 24.6873321533203 24.2066669464111 23.7000007629395 23.810001373291 23.5966663360596 24.3740005493164 24.8519992828369 24.9306678771973 23.9833335876465 23.2086658477783 22.6060009002686 22.9860000610352 22.6700000762939 22.970666885376 23.2066669464111 23.4440002441406 23.1399993896484 21.9079990386963 20.8520011901855 19.7406673431396 18.8573341369629
22.9793338775635 21.8759994506836 23.1793327331543 23.740665435791 24.9253330230713 25.5126667022705 25.771333694458 25.6000003814697 25.2993335723877 24.9966659545898 24.720666885376 23.6093330383301 22.4133338928223 23.4806671142578 24.4559993743896 25.0846672058105 25.7013339996338 26.0520000457764 26.5599994659424 26.6033325195312 26.5826663970947 25.9426670074463 26.3246669769287 26.228666305542 26.017333984375 25.6673336029053 25.3693332672119 24.7693328857422 23.996000289917 24.0813331604004 24.7526664733887 25.0106658935547 25.1153335571289 25.0206661224365 24.8706665039062 24.7080001831055 24.5813331604004 24.6000003814697 24.3486671447754 23.8866672515869 22.3526668548584 21.5633335113525 22.716667175293 22.0100002288818 20.8280010223389 19.3866672515869 18.7059993743896
24.1653327941895 22.7399997711182 22.6886672973633 23.9806671142578 24.3666667938232 25.6020011901855 25.9353332519531 25.9220008850098 25.6933326721191 25.3573341369629 25.4053344726562 24.8059997558594 24.3526668548584 24.1560001373291 24.906665802002 25.7679996490479 26.406665802002 26.6046676635742 26.7593326568604 26.0480003356934 26.3806667327881 26.7393341064453 26.6620006561279 26.6306667327881 26.4939994812012 25.8533344268799 25.6853332519531 25.2080001831055 24.792667388916 24.5486660003662 24.8640003204346 25.3159999847412 25.4206657409668 25.1453323364258 25.0799999237061 25.0013332366943 24.6979999542236 24.3606662750244 23.8586673736572 23.4426670074463 22.9906673431396 22.0646667480469 21.9400005340576 21.7513332366943 20.8880004882812 20.017333984375 19.6946659088135
25.2159996032715 23.707332611084 22.8866672515869 24.4473342895508 25.1240005493164 25.6286659240723 26.1053333282471 26.2786674499512 26.2900009155273 26.2253322601318 26.1493339538574 26.1086673736572 26.1026668548584 26.1319999694824 26.4073333740234 26.8133335113525 27.1513328552246 27.199333190918 26.5826663970947 25.808666229248 25.474666595459 25.8920001983643 26.1399993896484 25.8913326263428 25.8653335571289 25.7060012817383 25.9946670532227 26.0219993591309 25.9333343505859 25.3326663970947 24.9966659545898 25.0200004577637 24.8306674957275 25.0186672210693 25.1006660461426 24.9193325042725 24.5779991149902 24.1293334960938 23.7799987792969 23.4753322601318 23.1773319244385 22.3566665649414 22.17799949646 21.7946662902832 21.2620010375977 20.7013339996338 19.6620006561279
25.8859996795654 24.7986660003662 24.0920009613037 25.0573329925537 25.6440010070801 25.9419994354248 26.2399997711182 26.4506664276123 26.6133327484131 26.6499996185303 26.5806674957275 26.5913333892822 26.6619987487793 26.6586666107178 26.6686668395996 26.8613338470459 27.0766677856445 26.8746662139893 26.2526664733887 25.7173328399658 25.699333190918 25.6099987030029 25.0973339080811 24.593334197998 24.8226661682129 25.3453330993652 25.6413326263428 25.6159992218018 25.5793342590332 25.6180000305176 24.6860008239746 23.800666809082 23.5053329467773 24.3159999847412 24.7773342132568 24.7013339996338 24.4906673431396 24.3133335113525 24.0733337402344 23.6733322143555 23.3366661071777 22.941333770752 22.4419994354248 21.9160003662109 21.5806674957275 21.2080001831055 20.7766666412354
26.3120002746582 25.6940002441406 24.9206657409668 25.6620006561279 26.0266666412354 26.2613334655762 26.4833335876465 26.6359996795654 26.7786674499512 26.9093322753906 26.8886661529541 26.8566665649414 26.6606674194336 26.3059997558594 26.3279991149902 26.6366672515869 26.8406658172607 26.8253345489502 26.4853343963623 25.75 25.7493324279785 25.1606674194336 24.5360012054443 24.724666595459 24.7453327178955 24.7333335876465 25.0046672821045 25.0666656494141 24.9099998474121 24.716667175293 24.1660003662109 23.2846660614014 23.199333190918 24.0973339080811 24.3406677246094 24.2800006866455 24.2180004119873 24.0399990081787 23.8439998626709 23.6106662750244 23.3953342437744 22.9780006408691 22.5359992980957 22.1433334350586 21.8606662750244 21.6760005950928 21.4020004272461
26.4546661376953 26.283332824707 26.1140003204346 26.2346668243408 26.3486671447754 26.3546676635742 26.3400001525879 26.5053329467773 26.711332321167 26.9233322143555 27.0313339233398 26.8726654052734 26.0486679077148 25.4720001220703 25.9086666107178 26.4913330078125 26.5406665802002 26.2080001831055 25.9406661987305 25.7626667022705 25.5279998779297 25.2439994812012 24.9973335266113 24.8433322906494 24.7826671600342 24.7186660766602 24.4326667785645 24.1679992675781 24.03466796875 24.0620002746582 24.3713340759277 24.3306655883789 24.1860008239746 23.9286670684814 23.8039989471436 23.6900005340576 23.1860008239746 22.5179996490479 22.0959987640381 22.6393337249756 23.2626667022705 23.1606674194336 22.8313331604004 22.4926662445068 22.2220001220703 21.9313335418701 21.6133327484131
26.3099994659424 26.6193332672119 26.6299991607666 26.6100006103516 26.5060005187988 26.1053333282471 25.42799949646 26.0473327636719 26.4013328552246 26.5246677398682 26.9393329620361 26.533332824707 25.4593334197998 25.2259998321533 26.0446662902832 26.5926666259766 26.3846664428711 25.8946666717529 25.5606670379639 25.3626670837402 25.2173328399658 25.1380004882812 25.0440006256104 24.923999786377 24.8186664581299 24.6266670227051 24.2686672210693 24.1726665496826 24.2593326568604 24.4933338165283 24.4519996643066 24.3400001525879 24.1513328552246 23.8466663360596 23.3766670227051 22.0060005187988 20.2373332977295 19.7700004577637 21.5579986572266 22.8126659393311 23.3139991760254 23.1906661987305 22.8866672515869 22.6873321533203 22.5446662902832 22.3193321228027 21.9060001373291
26.2479991912842 26.6226673126221 26.6813335418701 26.6466674804688 26.5166664123535 26.2353324890137 25.9160003662109 26.058666229248 26.4060001373291 26.0033340454102 26.6633338928223 26.0246677398682 25.234001159668 25.6853332519531 26.4693336486816 26.5120010375977 26.2733345031738 25.8933334350586 25.7220001220703 25.5520000457764 25.3293323516846 25.1646671295166 25.0626678466797 24.982666015625 24.8959999084473 24.8126659393311 24.6973323822021 24.6453323364258 24.5573329925537 24.5086669921875 24.4273338317871 24.2626667022705 23.9033336639404 22.767333984375 21.1280002593994 20.517333984375 22.5026664733887 23.3540000915527 23.6200008392334 23.6973342895508 23.6693344116211 23.5566673278809 23.0733337402344 22.8666667938232 22.7786674499512 22.6186676025391 22.3913326263428
26.3666667938232 26.6033344268799 26.6700000762939 26.6433334350586 26.5713348388672 26.4166679382324 26.3593330383301 26.5746669769287 26.9106674194336 26.8986663818359 26.2406673431396 25.3460006713867 25.1380004882812 25.8479995727539 26.0813331604004 26.0259990692139 26.1793327331543 26.0526676177979 25.8953342437744 25.8193340301514 25.7180004119873 25.4446678161621 25.2566661834717 25.2053337097168 25.1013336181641 24.982666015625 24.8966674804688 24.6940002441406 24.5666675567627 24.4893321990967 24.3099994659424 23.9726657867432 23.0786666870117 20.9680004119873 22.279333114624 23.4220008850098 23.804666519165 23.9153327941895 23.8973331451416 23.8080005645752 23.6019992828369 23.3759994506836 23.1999988555908 23.0739994049072 22.8600006103516 22.6706676483154 22.423999786377
26.1433334350586 26.5013332366943 26.5926666259766 26.5480003356934 26.4246673583984 26.3106670379639 26.0913333892822 26.1246662139893 26.8400001525879 26.6466674804688 25.5686664581299 24.9926662445068 25.042667388916 25.6199989318848 25.9379997253418 25.8573341369629 25.8513336181641 25.7613334655762 25.6759986877441 25.6673336029053 25.6866664886475 25.6619987487793 25.5540008544922 25.3980007171631 25.2053337097168 24.9846668243408 24.8666667938232 24.6493339538574 24.478666305542 24.2226657867432 23.2199993133545 22.1726665496826 22.9406661987305 23.3146667480469 23.7906665802002 23.9393329620361 23.9806652069092 23.8773326873779 23.775333404541 23.6633338928223 23.4899997711182 23.3053340911865 23.1000003814697 22.9946670532227 22.9886665344238 22.7773323059082 22.4820003509521
25.0380001068115 26.0779991149902 26.253999710083 25.8080005645752 25.724666595459 25.4966659545898 25.0693340301514 26.07200050354 26.6979999542236 26.5979995727539 25.5639991760254 25.033332824707 25.2660007476807 25.7253341674805 25.9659996032715 25.8653335571289 25.8193321228027 25.6979999542236 25.5773334503174 25.4473342895508 25.5826663970947 25.6186676025391 25.5006675720215 25.3293342590332 25.1459999084473 24.9906673431396 24.8506660461426 24.5019989013672 24.1433334350586 23.6586666107178 22.6093330383301 22.7193336486816 23.6200008392334 23.8313331604004 23.9780006408691 23.9766654968262 23.996000289917 23.9053325653076 23.7666664123535 23.4220008850098 23.0906658172607 23.2186660766602 23.2586669921875 23.0893325805664 23.0233345031738 22.7880001068115 22.4179992675781
25.9306659698486 25.3553333282471 25.8986663818359 26.0499992370605 25.6793327331543 24.9946670532227 24.9479999542236 26.1046657562256 26.8479995727539 26.6000003814697 25.5639991760254 25.1440010070801 25.576000213623 25.966667175293 26.0093326568604 25.9519996643066 25.8740005493164 25.7426662445068 25.5799999237061 25.4220008850098 25.533332824707 25.538667678833 25.4793319702148 25.3033332824707 25.0973339080811 24.9593334197998 24.8419990539551 24.3266677856445 22.8573341369629 22.9526672363281 23.5279998779297 23.7140007019043 23.7906665802002 23.8199996948242 23.8406677246094 23.8833332061768 23.8806667327881 23.2853336334229 21.8380012512207 21.6466674804688 21.7859992980957 22.8959999084473 23.253999710083 23.2533340454102 23.1459999084473 22.7173328399658 22.8059997558594
