examples/night_lizards/data/train-rasters-2.5m/bclim4.asc
NCOLS 322 
NROWS 151 
XLLCORNER -122.75 
YLLCORNER 31.9166666666667 
CELLSIZE 0.0416666666666677 
NODATA_value -3.4e+38 
[rows 84 to 104 of 151, columns 192 to 239 of 322]
842.097106933594 843.472778320312 855.791870117188 867.320373535156 862.315979003906 852.179870605469 861.883850097656 855.54931640625 850.726013183594 869.302368164062 881.2900390625 882.56982421875 876.437072753906 865.870971679688 852.7763671875 858.31201171875 853.572204589844 843.414855957031 831.713562011719 816.6630859375 797.3544921875 771.020751953125 742.353149414062 751.260925292969 766.127075195312 783.702087402344 810.186157226562 824.412170410156 822.3310546875 807.159912109375 770.43359375 754.412841796875 736.684448242188 728.73583984375 730.225463867188 746.828063964844 734.232727050781 728.568969726562 712.019165039062 693.170043945312 684.843505859375 680.612548828125 685.464660644531 688.770690917969 686.182922363281 680.936462402344 688.168151855469 691.011657714844
845.386291503906 847.55517578125 848.662841796875 837.320007324219 827.106994628906 840.708557128906 854.404907226562 852.445434570312 836.919677734375 848.66796875 863.552612304688 867.04736328125 866.442810058594 860.504821777344 855.2421875 857.6748046875 860.078369140625 854.748046875 844.121826171875 831.527465820312 815.983154296875 800.67041015625 783.158935546875 766.40087890625 751.188232421875 751.741271972656 775.984985351562 808.38427734375 826.750183105469 819.793701171875 777.27685546875 751.50634765625 738.728576660156 730.861694335938 754.179931640625 755.156433105469 740.268920898438 740.810424804688 716.13037109375 702.832702636719 694.447631835938 689.588256835938 698.299377441406 711.397216796875 710.16650390625 701.816650390625 697.356811523438 694.582153320312
850.288696289062 851.803466796875 844.0732421875 823.284301757812 826.557922363281 843.072509765625 851.795043945312 856.680847167969 850.303527832031 850.187316894531 841.041870117188 822.418395996094 825.093811035156 833.832458496094 840.4560546875 848.752319335938 856.554382324219 858.864440917969 851.474975585938 840.848754882812 828.2451171875 815.685852050781 800.790405273438 784.522094726562 769.821472167969 755.246032714844 764.548461914062 807.70654296875 826.00341796875 827.01220703125 805.170043945312 793.174865722656 776.792663574219 783.669128417969 792.980407714844 770.973022460938 756.485168457031 737.28662109375 721.120544433594 713.835510253906 704.858459472656 706.911865234375 729.260559082031 738.478881835938 719.789367675781 707.374206542969 706.445007324219 702.717895507812
855.775024414062 854.169616699219 842.978881835938 825.860168457031 806.110107421875 821.406433105469 841.447692871094 862.406921386719 858.815795898438 855.313232421875 847.252502441406 820.023193359375 784.240539550781 779.894287109375 796.94921875 824.078247070312 845.13330078125 856.167297363281 851.910339355469 841.970092773438 831.215270996094 819.136962890625 799.353454589844 793.51611328125 792.63037109375 796.225891113281 807.071228027344 820.504089355469 827.098266601562 829.254028320312 823.967224121094 823.57568359375 818.055908203125 816.656433105469 799.714721679688 750.246826171875 741.106750488281 738.645935058594 736.400695800781 733.592407226562 748.451965332031 737.675231933594 732.575927734375 730.306396484375 705.910339355469 703.820251464844 700.42919921875 700.543090820312
860.662414550781 856.061340332031 845.562438964844 834.445434570312 821.88037109375 828.242370605469 846.268249511719 868.701965332031 870.057312011719 864.300659179688 854.064636230469 832.1943359375 801.319091796875 770.805725097656 778.181945800781 800.284545898438 826.974243164062 849.15869140625 854.031555175781 844.039672851562 834.126159667969 825.990661621094 808.842468261719 800.601745605469 815.714294433594 821.682861328125 830.966613769531 842.09423828125 836.416076660156 816.334533691406 825.017639160156 841.525817871094 824.863525390625 809.142395019531 787.288696289062 751.636291503906 747.279541015625 747.23291015625 754.675048828125 759.7861328125 771.769653320312 764.386169433594 757.141723632812 729.829833984375 710.104248046875 702.405395507812 696.462097167969 684.967651367188
861.440246582031 856.655822753906 848.868347167969 843.976684570312 843.90478515625 849.354919433594 859.368469238281 872.991333007812 859.947448730469 854.260437011719 857.115905761719 850.073120117188 835.073852539062 818.893493652344 819.9560546875 822.309753417969 824.266418457031 829.315673828125 847.895141601562 848.134643554688 843.361206054688 835.972412109375 823.949157714844 813.642639160156 834.286865234375 841.590515136719 848.972351074219 847.46826171875 826.674377441406 799.313354492188 794.607421875 822.751770019531 823.680969238281 803.697021484375 784.026977539062 775.969787597656 776.88427734375 764.786071777344 748.585754394531 763.470031738281 787.879760742188 767.083740234375 729.839294433594 718.013610839844 725.430541992188 718.391052246094 707.733764648438 697.653198242188
855.809204101562 856.385681152344 853.425537109375 853.006408691406 857.65283203125 865.081970214844 870.63427734375 873.307006835938 866.719177246094 849.079711914062 850.813720703125 863.688903808594 861.475219726562 851.747802734375 842.008361816406 835.578735351562 839.986511230469 843.8369140625 840.717651367188 836.478210449219 844.89404296875 841.800476074219 831.494995117188 824.18115234375 841.169982910156 846.138061523438 841.50341796875 843.612182617188 818.70947265625 799.397521972656 777.50439453125 774.193420410156 778.142700195312 785.486572265625 783.986022949219 789.367553710938 790.701354980469 769.069946289062 781.075500488281 793.660827636719 768.126037597656 750.958190917969 724.018310546875 720.159606933594 725.094604492188 722.784057617188 716.220458984375 713.695861816406
845.588745117188 852.438720703125 853.940307617188 855.264465332031 858.687622070312 863.242004394531 865.941833496094 867.948852539062 869.54833984375 859.802185058594 853.881652832031 857.482666015625 862.45458984375 870.352478027344 856.581298828125 831.443054199219 837.064086914062 849.348937988281 839.18408203125 832.245178222656 837.885864257812 832.75439453125 821.228942871094 825.800659179688 828.824890136719 827.023376464844 814.316528320312 826.111938476562 836.282958984375 818.606262207031 802.428649902344 784.756896972656 766.846862792969 763.166198730469 764.196533203125 778.879760742188 797.189758300781 805.242248535156 799.59326171875 794.939880371094 752.491821289062 734.058959960938 714.93994140625 716.522766113281 721.997863769531 718.736633300781 713.838684082031 713.552429199219
839.96484375 848.291870117188 850.684387207031 850.420349121094 852.47412109375 853.51171875 850.643493652344 852.223327636719 849.9384765625 842.462341308594 840.698791503906 851.528991699219 853.955322265625 860.480651855469 864.799377441406 857.013061523438 841.706420898438 849.717651367188 854.494995117188 846.889221191406 843.654296875 838.497863769531 831.046508789062 826.399841308594 822.024780273438 823.185485839844 813.144470214844 827.070373535156 840.392883300781 843.001647949219 823.812072753906 808.931579589844 791.249938964844 794.509826660156 788.765075683594 794.017211914062 803.302551269531 818.730834960938 820.921936035156 795.15673828125 767.247009277344 741.927368164062 726.78515625 728.516723632812 721.074645996094 708.375671386719 700.228576660156 699.363891601562
829.747131347656 839.877746582031 844.588073730469 841.523376464844 838.712341308594 838.365051269531 830.709838867188 815.095825195312 802.689147949219 814.500427246094 820.597290039062 828.222412109375 838.498352050781 843.452026367188 849.051452636719 853.918334960938 858.639892578125 851.377014160156 862.907470703125 864.595520019531 858.785705566406 850.350952148438 845.123718261719 836.142211914062 823.574829101562 823.982666015625 834.437561035156 840.048583984375 843.58349609375 844.173278808594 842.263122558594 836.750366210938 830.492980957031 829.363403320312 824.3564453125 816.341369628906 789.808532714844 785.486206054688 817.807678222656 801.540954589844 770.136169433594 737.543151855469 727.185913085938 738.6865234375 726.654968261719 702.873657226562 685.218383789062 694.859985351562
811.398986816406 832.657836914062 842.271606445312 840.31396484375 834.460815429688 830.013549804688 828.468688964844 821.50146484375 815.301330566406 805.269348144531 813.083251953125 829.077209472656 840.696166992188 845.0927734375 848.630065917969 844.859985351562 857.3662109375 866.620910644531 869.613586425781 876.342529296875 875.665893554688 860.750671386719 855.583923339844 847.477783203125 837.607177734375 831.485412597656 840.116149902344 850.523742675781 856.6591796875 856.884399414062 858.621215820312 854.252624511719 846.893737792969 840.947265625 833.709228515625 827.571716308594 815.2705078125 793.895324707031 794.660217285156 794.322937011719 771.205383300781 747.793212890625 741.95361328125 741.399108886719 731.995178222656 705.003601074219 684.032104492188 691.737121582031
817.977661132812 827.5244140625 841.753295898438 842.815551757812 836.973388671875 832.554626464844 831.096801757812 831.049133300781 827.984191894531 823.871765136719 828.439147949219 838.368225097656 843.872802734375 846.464233398438 848.480590820312 844.721618652344 846.119384765625 854.795043945312 864.746215820312 863.921630859375 864.954467773438 859.588134765625 863.392822265625 865.515686035156 861.654968261719 847.72216796875 844.919067382812 852.779541015625 857.710571289062 865.144592285156 868.577880859375 866.001892089844 858.243591308594 849.308898925781 843.557189941406 837.8837890625 828.816284179688 803.764221191406 796.130554199219 793.781005859375 780.791809082031 761.398315429688 739.278930664062 725.168518066406 720.619567871094 722.173828125 702.397399902344 688.9951171875
829.459533691406 834.60595703125 841.388671875 845.075439453125 843.155639648438 839.641296386719 837.560119628906 837.161682128906 837.194396972656 833.90869140625 832.795654296875 839.029907226562 846.093078613281 846.286376953125 839.019775390625 834.057495117188 842.371948242188 843.334899902344 838.935302734375 833.25048828125 839.140014648438 848.939331054688 858.132507324219 864.179016113281 866.197509765625 863.220825195312 845.23583984375 831.502136230469 827.5478515625 844.968139648438 860.496276855469 863.924621582031 860.44140625 856.710876464844 851.708862304688 842.580017089844 833.750061035156 822.840087890625 809.41015625 798.7783203125 791.093200683594 775.779846191406 763.00537109375 749.428527832031 736.602416992188 736.156127929688 735.010803222656 715.282531738281
837.476318359375 844.085632324219 849.596069335938 851.392456054688 847.942199707031 843.440063476562 838.964965820312 835.748779296875 830.788452148438 822.908386230469 826.937622070312 843.747497558594 854.225341796875 851.322631835938 847.964172363281 835.457275390625 840.236755371094 829.726013183594 817.133544921875 828.08984375 836.480102539062 837.29345703125 845.853820800781 854.156311035156 854.486511230469 848.687072753906 836.771118164062 815.264282226562 812.511413574219 836.844970703125 852.8671875 855.192443847656 855.04052734375 851.9580078125 848.293640136719 841.976623535156 837.350891113281 827.669921875 814.585205078125 803.490356445312 796.123840332031 791.109741210938 785.268859863281 779.606201171875 773.527648925781 764.623291015625 754.32373046875 744.825866699219
841.321838378906 847.910522460938 851.181823730469 853.816955566406 850.645263671875 845.667846679688 838.780334472656 829.415771484375 810.981262207031 805.184020996094 823.2822265625 846.181823730469 854.144165039062 850.389221191406 852.105407714844 846.561096191406 845.938781738281 842.296142578125 836.851867675781 834.026977539062 834.366882324219 834.943115234375 832.657287597656 832.403076171875 832.513854980469 833.067810058594 842.143798828125 844.772705078125 842.5673828125 839.01123046875 842.600280761719 844.38720703125 836.054748535156 820.166259765625 806.803344726562 810.863464355469 823.103271484375 827.769653320312 823.304809570312 813.07568359375 802.510681152344 791.926086425781 783.949096679688 785.16064453125 781.920043945312 774.163208007812 765.322143554688 755.379455566406
846.094604492188 837.763427734375 823.293395996094 836.124328613281 840.740234375 834.872375488281 829.278564453125 815.988708496094 795.733520507812 797.738342285156 824.64892578125 847.895446777344 854.031982421875 849.914367675781 847.95166015625 843.727172851562 842.351257324219 842.363037109375 840.572570800781 838.141052246094 836.697937011719 833.734069824219 823.1328125 820.506591796875 830.470153808594 845.618225097656 851.503601074219 848.992797851562 845.005798339844 840.981750488281 835.295288085938 808.860961914062 772.023559570312 752.269104003906 775.645690917969 794.807556152344 808.127075195312 817.625793457031 819.038513183594 814.31591796875 809.571228027344 799.066711425781 782.498107910156 775.402770996094 782.909851074219 780.261840820312 772.294006347656 761.957946777344
854.966430664062 843.212097167969 828.381591796875 824.524108886719 824.788391113281 809.34375 811.911437988281 802.745483398438 794.381286621094 812.973754882812 837.958740234375 847.564697265625 850.041931152344 845.916259765625 846.435668945312 843.696594238281 840.998718261719 839.881774902344 838.197082519531 836.6669921875 837.904846191406 839.222045898438 835.173034667969 838.496032714844 846.267944335938 850.956481933594 851.217651367188 846.982482910156 838.634155273438 819.12646484375 784.572814941406 762.690246582031 792.464599609375 809.835205078125 819.736572265625 822.201477050781 821.119812011719 815.939086914062 803.428588867188 802.110534667969 806.682739257812 803.205139160156 794.1435546875 789.88623046875 790.88818359375 788.176818847656 779.328735351562 768.10205078125
868.494384765625 858.008666992188 846.155883789062 837.126220703125 832.219604492188 817.009460449219 796.493286132812 785.156311035156 789.948913574219 815.343444824219 833.767028808594 842.825439453125 853.365417480469 853.665649414062 852.440856933594 848.567138671875 846.508239746094 843.568298339844 839.167907714844 836.421936035156 832.812255859375 835.848876953125 843.155578613281 847.457641601562 848.479675292969 847.190246582031 844.881591796875 838.388488769531 816.755187988281 769.318908691406 786.307006835938 810.789733886719 825.729187011719 833.6474609375 837.200256347656 835.349609375 825.030578613281 813.978454589844 810.207763671875 809.315185546875 805.132629394531 807.037780761719 803.301879882812 798.98828125 793.35888671875 789.145935058594 784.085632324219 776.323547363281
865.104187011719 861.655029296875 852.495239257812 839.104309082031 835.082397460938 815.748901367188 789.806335449219 779.875732421875 781.219970703125 811.758850097656 841.902099609375 849.680725097656 853.187438964844 851.443664550781 846.278686523438 835.473449707031 834.754028320312 842.381958007812 838.246765136719 832.308837890625 827.128845214844 827.470031738281 838.103332519531 843.372253417969 841.696594238281 838.44140625 822.78955078125 801.229309082031 805.365661621094 809.74853515625 822.210205078125 832.0185546875 839.2509765625 839.649597167969 837.670349121094 834.456726074219 829.825805664062 818.79541015625 806.02734375 802.756103515625 808.797912597656 809.008911132812 805.326232910156 800.007690429688 790.324645996094 784.948120117188 780.932983398438 776.813781738281
840.656005859375 838.937194824219 825.860656738281 823.667602539062 824.076232910156 815.323974609375 789.619689941406 779.7353515625 792.827941894531 825.008117675781 849.153381347656 852.749938964844 852.208984375 847.630249023438 838.877746582031 825.281860351562 827.696533203125 841.174926757812 843.693542480469 838.583618164062 836.383239746094 833.854370117188 836.363159179688 837.275695800781 833.597473144531 821.701232910156 794.587829589844 793.205383300781 813.809020996094 822.630493164062 834.196655273438 839.89453125 843.801330566406 842.929626464844 838.567504882812 828.076293945312 820.541320800781 824.243835449219 819.964782714844 811.361450195312 810.390380859375 801.565063476562 791.449951171875 782.45703125 775.281555175781 769.567626953125 762.61474609375 763.563293457031
815.354248046875 807.297485351562 802.461242675781 812.080627441406 827.01611328125 818.05859375 790.893371582031 782.788452148438 804.32958984375 830.760681152344 844.59228515625 848.352355957031 846.250305175781 839.792846679688 834.68603515625 825.522521972656 830.42578125 840.797119140625 844.890014648438 843.661437988281 840.943237304688 836.726745605469 833.561218261719 823.265686035156 798.864807128906 801.689392089844 810.182556152344 816.873413085938 820.848754882812 824.011962890625 833.175842285156 834.471313476562 836.513122558594 825.168823242188 797.082763671875 788.593872070312 780.669860839844 807.036376953125 822.652709960938 816.543823242188 804.065185546875 785.355346679688 782.067749023438 776.819702148438 769.130981445312 762.267883300781 759.2294921875 758.983642578125
