examples/night_lizards/data/train-rasters-2.5m/bclim7.asc
NCOLS 322 
NROWS 151 
XLLCORNER -122.75 
YLLCORNER 31.9166666666667 
CELLSIZE 0.0416666666666677 
NODATA_value -3.4e+38 
[rows 84 to 104 of 151, columns 144 to 191 of 322]
36.9359970092773 36.7000007629395 36.6599998474121 36.931999206543 37.4640007019043 37.2999992370605 37.447998046875 37.955997467041 38.3040008544922 39.8759994506836 40.2799987792969 39.5639991760254 38.9000015258789 38.544002532959 38.3600006103516 38.3320007324219 38.7279968261719 38.8600006103516 38.3199996948242 37.5359992980957 37.2879981994629 37.0919990539551 35.9599990844727 36.0919990539551 36.7320022583008 36.8999977111816 35.8639984130859 35.3400001525879 36.0359992980957 36.7679977416992 36.4519996643066 35.9400024414062 36.2519989013672 37.2560005187988 38.015998840332 37.7360000610352 36.8320007324219 35.7919998168945 34.7679977416992 34.2639999389648 34.8680000305176 35.4680023193359 36.2760009765625 37.1319999694824 36.3919982910156 35.2000007629395 35.5120010375977 36.2040023803711
36.7119979858398 36.9640007019043 36.2439994812012 36.4519996643066 37.4440002441406 37.0919990539551 36.9799995422363 36.9960021972656 37.2639999389648 39.6879997253418 40.3479995727539 39.7439994812012 38.6559982299805 37.6720008850098 38.076000213623 38.492000579834 38.9360008239746 39.1599998474121 38.6040000915527 37.6759986877441 37.1040000915527 36.9959983825684 37.0240020751953 36.0719985961914 36.1239967346191 37.2399978637695 37.2360000610352 35.871997833252 35.6240005493164 36.7039985656738 37.4839973449707 37.7639999389648 37.7719993591309 37.9039993286133 37.5800018310547 36.6640014648438 35.7399978637695 35.036003112793 34.5839996337891 34.8320007324219 35.0439987182617 35.3999977111816 36.4119987487793 37.0919990539551 35.9440002441406 34.9879989624023 35.6520004272461 36.4199981689453
37.4720001220703 37.3120002746582 37.455997467041 37.6199989318848 37.3839988708496 37.576000213623 38.0720024108887 37.1319999694824 37.7360000610352 38.5800018310547 38.7599983215332 38.6559982299805 38.2879981994629 37.7799987792969 38.1319999694824 38.7680015563965 39.447998046875 39.7039985656738 39.2439994812012 38.6720008850098 38.4440002441406 38.4360008239746 38.3839988708496 38.068000793457 36.8400001525879 36.439998626709 37.3599967956543 37.6559982299805 36.7480010986328 36.4199981689453 37.560001373291 38.6559982299805 38.6640014648438 38.0920028686523 36.8479995727539 35.3080024719238 34.2999992370605 33.9599990844727 34.0839996337891 34.8040008544922 35.2639999389648 35.8400001525879 36.7800025939941 37.0120010375977 35.7080001831055 35.0839996337891 36.2319984436035 36.8240013122559
37.8200035095215 37.4440002441406 37.9440002441406 38.3599967956543 38.523998260498 39.0039978027344 39.2719993591309 38.6319999694824 37.6920013427734 37.2599983215332 36.931999206543 36.971996307373 37.6160011291504 38.3480033874512 38.7039985656738 38.8240013122559 39.2399978637695 39.6839981079102 39.6520004272461 39.7159996032715 39.7959976196289 39.6800003051758 39.484001159668 39.4200019836426 39.2280006408691 38.8120002746582 38.455997467041 38.7519989013672 39.068000793457 38.7439994812012 38.423999786377 38.8079986572266 38.568000793457 37.7840003967285 36.3439979553223 34.2080001831055 32.2879981994629 32.2919998168945 33.5040016174316 34.6079978942871 35.4079971313477 36.1360015869141 36.8000030517578 37.1719970703125 36.2919998168945 35.8240013122559 37.052001953125 37.5039978027344
38.0839996337891 37.8319969177246 38.4560012817383 38.7560005187988 38.4039993286133 38.8759994506836 38.7919998168945 38.3039970397949 38.1480026245117 37.5640029907227 37.431999206543 36.8559989929199 36.9599990844727 37.5279998779297 37.8040008544922 38.455997467041 38.7599983215332 38.8919982910156 39.1040000915527 39.4759979248047 39.939998626709 39.9640007019043 39.7840003967285 39.8919982910156 40.2519989013672 40.0039978027344 39.8039970397949 39.8600006103516 40.0040016174316 39.6879997253418 39.0080032348633 38.1119995117188 36.5800018310547 36.7719993591309 36.6519966125488 35.3000030517578 33.439998626709 32.6480026245117 32.6240005493164 33.6640014648438 34.9280014038086 36.0960006713867 36.9960021972656 37.1599998474121 37.0559997558594 37.3239974975586 37.8640022277832 38.0519981384277
38.3800010681152 37.8640022277832 38.4200019836426 39.2440032958984 39.0120010375977 38.4759979248047 38.4160003662109 38.1679992675781 38.2360000610352 38 38.068000793457 38.2520027160645 37.871997833252 37.3919982910156 36.9039993286133 37.1679992675781 37.8080024719238 38.023998260498 37.9519996643066 37.6160011291504 38.8400001525879 39.7080001831055 39.9119987487793 39.7159996032715 39.2960014343262 39.5960006713867 39.939998626709 40.068000793457 40.1160011291504 39.7239990234375 38.8320007324219 37.052001953125 34.947998046875 37.052001953125 37.3120002746582 36.3160018920898 34.060001373291 32.8039970397949 33.7679977416992 33.2360000610352 34.6439971923828 36.1559982299805 37.2439994812012 37.628002166748 37.4599990844727 37.4679985046387 37.8559989929199 38.0200004577637
38.576000213623 38.6800003051758 39.0919990539551 39.4560012817383 39.0400009155273 38.4759979248047 37.8959999084473 37.4759979248047 38.7520027160645 38.7119979858398 36.8279991149902 37.923999786377 38.515998840332 38.0960006713867 36.6999969482422 36.6320037841797 37.0200004577637 37.7280006408691 38.4199981689453 38.1399993896484 38.2200012207031 38.7720031738281 38.7159996032715 38.3720016479492 38.4679985046387 39.0040016174316 39.3160018920898 39.5359992980957 39.5880012512207 39.576000213623 39.1920013427734 38.2439994812012 37.447998046875 38.0200004577637 37.9080009460449 36.8440017700195 34.6679992675781 33.8199996948242 34.2799987792969 34.992000579834 36.0719985961914 37.1160011291504 37.6279983520508 37.620002746582 36.8839988708496 36.3080024719238 36.5 37.023998260498
37.9080009460449 38.4200019836426 39.2400016784668 39.6959991455078 39.2760009765625 38.971996307373 38.4039993286133 37.7319984436035 38.9640007019043 39.5559997558594 38.492000579834 37.7959976196289 38.1599998474121 38.5919990539551 38.2040023803711 36.8680000305176 36.9360008239746 36.6480026245117 37.8520011901855 37.6879997253418 37.1399993896484 37.7799987792969 36.7360000610352 36.2080001831055 37.536003112793 38.7200012207031 39.2999992370605 38.9000015258789 38.476001739502 38.9759979248047 39.4960021972656 39.4199981689453 39.015998840332 38.8159980773926 38.3600006103516 37.4440002441406 35.6679992675781 33.992000579834 34.9080009460449 36.2119979858398 36.8999977111816 37.6319999694824 37.6079978942871 37.2480010986328 36.3520011901855 35.0639991760254 34.2800025939941 35.2719993591309
36.7680015563965 37.3759994506836 38.2960014343262 39.0359992980957 38.9880027770996 38.5920028686523 38.5279998779297 38.3160018920898 39.0200004577637 39.6480026245117 39.5839996337891 39.068000793457 38.9080009460449 39.1079978942871 39.439998626709 37.9119987487793 36.931999206543 36.0120010375977 35.8800010681152 36.1800003051758 35.1559982299805 36.1399993896484 36.1240005493164 35.8359985351562 37.0960006713867 38.3599967956543 39.2200012207031 38.7919998168945 38.0480003356934 38.5480003356934 39.5319976806641 40.0359992980957 39.8520011901855 39.2079963684082 38.1879997253418 37.8439979553223 36.5719985961914 34.0279998779297 35.1160011291504 36.8199996948242 37.3800010681152 37.6959991455078 37.2520027160645 36.3880004882812 35.2999992370605 34.3120002746582 34.0399971008301 34.6319999694824
34.484001159668 35.4400024414062 35.8400001525879 36.560001373291 36.9799995422363 37.0999984741211 37.7519989013672 38.2840003967285 38.4959983825684 38.7919998168945 39.3959999084473 39.4200019836426 39.1839981079102 39.4199981689453 39.8919982910156 39.2639999389648 37.6080017089844 36.871997833252 36.2480010986328 36.8720016479492 36.8280029296875 35.8839988708496 36.1759986877441 35.6040000915527 36.9079971313477 38.1359977722168 38.9199981689453 38.8640022277832 38.2400016784668 38.1640014648438 39.0200004577637 39.939998626709 39.9480018615723 39.1160011291504 37.6999969482422 38.023998260498 37.5 35.5399971008301 35.923999786377 37.3999977111816 37.8279991149902 37.8239974975586 37.0359992980957 35.3759994506836 33.9599990844727 33.4759979248047 34.1920013427734 34.2919998168945
33.8519973754883 34.0919990539551 34.5200004577637 34.8040008544922 35.3999977111816 35.9640007019043 36.8800010681152 37.9199981689453 38.4039993286133 38.3360023498535 38.9080009460449 39.1319999694824 39.0320014953613 39.2159996032715 39.5279998779297 39.6679992675781 38.6800003051758 38.0240020751953 37.9960021972656 38.2519989013672 38.4560012817383 37.4160003662109 35.7000007629395 35.7719993591309 36.4000015258789 36.9039993286133 37.6759986877441 38.4280014038086 38.2439994812012 37.3439979553223 37.8199996948242 39.0479965209961 39.5999984741211 39.3999977111816 38.2560005187988 37.923999786377 37.7159996032715 37.3920021057129 37.6079978942871 38.1040000915527 38.1759986877441 38.0400009155273 37.2560005187988 35.7799987792969 34.431999206543 33.4440002441406 33.5200004577637 34.3120002746582
33.1079978942871 33.3720016479492 34 34.5480003356934 35.3680000305176 36.2200012207031 36.7319984436035 37.7120018005371 38.2600021362305 38.1679992675781 38.4960021972656 38.9280014038086 39.0999984741211 39.1440010070801 39.3520011901855 39.6679992675781 39.507999420166 39.1279983520508 39.076000213623 39.0319976806641 39.2879981994629 38.963996887207 37.6440010070801 37.0559997558594 36.6679992675781 35.0040016174316 35.8800010681152 37.3880004882812 37.8120002746582 36.3680000305176 36.484001159668 37.6400032043457 38.9400024414062 39.5640029907227 38.9799995422363 37.5719985961914 36.3120002746582 37.2959976196289 38.076000213623 38.2840003967285 38.1679992675781 38.1039962768555 37.5919990539551 36.8959999084473 35.4119987487793 33.5559997558594 32.9960021972656 34.5279998779297
31.6959991455078 32.1360015869141 33.1160011291504 34.2600021362305 35.3559989929199 36.2040023803711 36.3959999084473 36.9280014038086 37.628002166748 38.0799980163574 38.3720016479492 39.1839981079102 39.8120002746582 39.3599967956543 39.4720001220703 39.6599998474121 39.7960014343262 39.8120002746582 39.5880012512207 39.3720016479492 39.423999786377 39.5639991760254 39.7040023803711 39.6760025024414 39.1240005493164 37.5199966430664 36.0719985961914 36.8840026855469 37.476001739502 36.7159996032715 35.7320022583008 36.2600021362305 37.9119987487793 39.0679969787598 39.0120010375977 37.6360015869141 35.0559997558594 35.2439994812012 36.4199981689453 37.3560028076172 37.9280014038086 38.2159996032715 38.0999984741211 37.5960006713867 36.4039993286133 34.507999420166 33.6839981079102 35.2200012207031
31.6520004272461 31.7480010986328 32.4599990844727 33.6559982299805 34.4199981689453 35.0879974365234 35.7200012207031 36.2719993591309 37.2080001831055 37.879997253418 38.2039985656738 38.9720001220703 39.5160026550293 38.6399993896484 38.7319984436035 38.6679992675781 38.9959983825684 39.3640022277832 39.1479988098145 39.0719985961914 39.2360000610352 39.5320014953613 39.992000579834 40.1999969482422 40.2039985656738 39.6240005493164 39.0359992980957 37.6760025024414 37.492000579834 37.2280006408691 36.1240005493164 35.6040000915527 36.923999786377 38.2280006408691 38.7519989013672 37.9960021972656 35.8360023498535 34.0879974365234 35.4120025634766 36.923999786377 38.1279983520508 38.5519981384277 38.5839996337891 38.2360000610352 37.3959999084473 35.8920021057129 34.7760009765625 36.2639999389648
31.5279998779297 32.492000579834 33.0999984741211 33.8800010681152 34.6360015869141 35.1680030822754 35.4520034790039 36.3400001525879 36.9400024414062 36.9160003662109 37.2719993591309 37.2319984436035 36.9440002441406 36.3279991149902 36.6840019226074 35.6400032043457 36.4200019836426 37.7639999389648 37.1000022888184 37.6839981079102 38.3600006103516 38.8040008544922 39.2200012207031 39.2600021362305 39.0719985961914 38.5879974365234 38.3599967956543 38.0359992980957 37.3800010681152 37.0480003356934 36.3880004882812 36.076000213623 36.5040016174316 37.2840003967285 38.1279983520508 37.9919967651367 35.8680000305176 34.9360008239746 36.7119979858398 37.8479995727539 38.3479995727539 38.5039978027344 38.6599998474121 38.5 38.0399971008301 37.2120018005371 36.7119979858398 37.2880020141602
31.8839988708496 32.8320007324219 33.8560028076172 34.9280014038086 35.423999786377 35.3159980773926 34.7919998168945 34.8439979553223 35.1599998474121 35.5880012512207 36.1479988098145 36.8279991149902 36.7439994812012 36.5319976806641 35.3079986572266 34.1559982299805 35.0559997558594 36.6599998474121 35.7200012207031 35.7280006408691 37.0480003356934 36.7800025939941 37.3759994506836 37.7880020141602 37.1879997253418 35.8199996948242 36.052001953125 36.1839981079102 36.628002166748 36.9879989624023 36.3919982910156 35.2999992370605 34.5320014953613 35.5 37.1440010070801 37.7680015563965 36.7360000610352 35.8239974975586 36.5200004577637 37.2840003967285 37.4919967651367 37.7560005187988 37.8560028076172 37.7119979858398 38.0480003356934 38.3479995727539 38.3400001525879 38.4120025634766
31.0399990081787 32.8479995727539 34.2360000610352 34.9519996643066 34.9279975891113 34.8400001525879 34.2039985656738 34.8359985351562 34.5880012512207 34.4519996643066 35.060001373291 35.3360023498535 35.8199996948242 36.3759994506836 36.1800003051758 36.0920028686523 35.9120025634766 36.015998840332 35.8279991149902 35.8159980773926 36.1599998474121 36.0119972229004 36.2959976196289 36.8519973754883 37.3040008544922 36.0359992980957 36.0800018310547 35.568000793457 35.3119964599609 36.076000213623 36.0279998779297 34.3800010681152 33.0200004577637 33.5960006713867 35.4360008239746 37.1719970703125 36.4440002441406 34.8280029296875 34.6279983520508 35.3880004882812 35.8599967956543 36.6240005493164 36.9879989624023 36.7439994812012 37.5719985961914 38.6879997253418 39.2239990234375 39.2360000610352
31.5279998779297 32.5839996337891 34.3079986572266 35.6440010070801 36.2600021362305 36.0719985961914 35.3759994506836 35.2480010986328 35.1440010070801 34.7840003967285 34.4280014038086 34.3120002746582 34.8199996948242 36.1439971923828 36.3360023498535 36.2439994812012 36.0879974365234 36.044002532959 35.7039985656738 35.9200019836426 36.2919998168945 36.2960014343262 35.5639991760254 36.0439987182617 37.0240020751953 37.2399978637695 37.6879997253418 37.5960006713867 37.3680000305176 37.5319976806641 37.1800003051758 36.1839981079102 34.8959999084473 33.431999206543 34.7080001831055 36.620002746582 36.8559989929199 35.8040008544922 34.484001159668 33.3440017700195 33.3759994506836 35.2759971618652 36.3159980773926 36.9480018615723 37.6079978942871 38.484001159668 39.1319999694824 39.439998626709
33.8119964599609 34.2239990234375 34.8040008544922 35.8040008544922 36.6720008850098 36.9839973449707 36.8759994506836 36.6079978942871 36.2439994812012 35.3240013122559 35.1759986877441 33.9400024414062 34.3720016479492 34.3320007324219 35.015998840332 36.2039985656738 36.0559997558594 35.6800003051758 35.992000579834 36.9839973449707 37.7319984436035 38.1119995117188 36.8840026855469 36.7119979858398 38.1399993896484 38.7280006408691 38.5 38.1040000915527 37.9119987487793 37.9720001220703 37.6800003051758 36.9720001220703 35.931999206543 34.1520004272461 34.9360008239746 36.7639999389648 37.4279975891113 36.7159996032715 35.620002746582 34.6800003051758 33.9400024414062 34.9599990844727 35.5039978027344 35.6080017089844 36.6160011291504 37.8880004882812 38.6000022888184 38.8199996948242
33.5640029907227 34.1679992675781 34.7680015563965 35.6639976501465 36.507999420166 37.1560020446777 37.4600028991699 37.4480018615723 37.1480026245117 37.1599998474121 36.3919982910156 35.8599967956543 35.6640014648438 35.1199989318848 34.4679985046387 34.6759986877441 36.1599998474121 36.3720016479492 35.6520004272461 36.0519981384277 37.3720016479492 38.2439994812012 38.6840019226074 38.7159996032715 38.8840026855469 38.7439994812012 37.8839988708496 36.7000007629395 35.9640007019043 35.1879997253418 35.6639976501465 36.3720016479492 36.4079971313477 34.8800010681152 35.120002746582 36.923999786377 37.8840026855469 37.6560020446777 36.8319969177246 36.1199989318848 35.0999984741211 34.9079971313477 35.2560005187988 34.4039993286133 34.628002166748 36.4679985046387 37.0279998779297 36.3640022277832
30.8759994506836 32.023998260498 32.2719993591309 34.015998840332 35.7919998168945 36.5519981384277 36.8840026855469 36.8920021057129 36.8680000305176 36.7639999389648 37.0839996337891 36.9480018615723 36.515998840332 35.4480018615723 34.2760009765625 33.7600021362305 34.5960006713867 35.8640022277832 35.1160011291504 35.5120010375977 35.431999206543 35.4680023193359 36.6839981079102 38.1079978942871 38.5240020751953 38.1720008850098 37.3759994506836 36.4640007019043 35.3440017700195 34.9199981689453 35.5399971008301 36.6480026245117 36.939998626709 35.5319976806641 34.2360000610352 36.2560005187988 38.2600021362305 38.3240013122559 37.3639984130859 36.5800018310547 35.2119979858398 34.3759994506836 35.6799964904785 36.1359977722168 35.3800010681152 34.6440010070801 35.6720008850098 36.0599975585938
