examples/night_lizards/data/train-rasters-2.5m/bclim12.asc
NCOLS 322 
NROWS 151 
XLLCORNER -122.75 
YLLCORNER 31.9166666666667 
CELLSIZE 0.0416666666666677 
NODATA_value -3.4e+38 
[rows 0 to 38 of 151, columns 174 to 260 of 322]
243 224 219 231 233 236 231 234 233 236 258 250 266 296 292 262 252 264 288 320 311 301 288 288 301 326 350 391 367 335 324 313 323 354 373 323 308 329 375 439 372 335 309 294 296 310 327 310 286 281 297 243 236 236 235 237 239 240 245 252 260 270 294 307 308 302 300 306 299 297 301 328 395 479 489 355 266 230 227 239 249 254 246 237 229 291 391
227 220 222 240 228 227 250 263 251 237 235 240 255 271 268 250 250 261 276 288 294 289 286 288 299 310 334 380 404 358 326 305 304 342 383 343 316 322 357 419 397 344 323 305 297 308 323 329 280 262 273 238 237 238 240 241 251 258 261 265 268 294 316 332 351 338 324 321 307 293 299 320 384 424 363 299 252 232 238 288 368 376 285 239 242 279 377
220 219 224 238 223 223 238 266 279 260 247 236 242 257 259 246 244 249 261 269 304 323 288 287 293 299 314 340 365 366 331 305 302 335 381 354 326 314 329 357 383 370 335 307 299 315 307 307 293 265 252 246 244 242 246 267 288 287 295 322 317 315 330 350 365 377 331 299 288 300 305 316 352 351 337 286 272 255 266 329 431 371 297 254 242 259 305
217 216 228 221 220 225 229 249 274 315 281 254 237 250 265 250 242 241 251 278 306 375 316 287 289 294 304 319 336 352 341 310 312 346 396 368 338 320 320 336 366 374 352 311 294 306 290 303 300 258 251 251 251 249 252 279 286 287 313 321 313 311 315 335 337 329 293 285 296 312 325 361 347 315 299 268 301 317 345 449 440 372 316 274 250 272 368
216 217 223 226 220 222 227 244 272 324 322 274 242 246 264 251 240 238 240 263 302 391 346 302 287 289 296 304 318 329 335 318 335 362 397 390 345 330 323 340 346 322 322 314 299 278 275 274 272 257 256 255 256 256 255 264 272 291 318 310 304 303 319 326 310 295 289 291 335 324 352 326 328 307 271 260 311 403 471 490 428 381 319 286 265 299 407
220 229 231 218 219 219 225 246 273 327 329 273 240 253 281 249 236 236 240 259 297 364 358 320 301 285 286 295 304 308 298 316 338 378 420 392 356 340 349 379 347 302 289 291 278 270 269 266 262 262 262 261 259 262 265 264 273 290 290 292 294 300 323 321 293 284 286 303 331 370 349 315 295 273 254 256 310 399 476 451 412 371 330 302 279 326 430
231 251 247 217 219 218 228 251 275 277 295 267 236 254 263 250 237 237 238 274 313 369 375 339 335 311 285 286 293 296 292 312 337 364 388 410 364 342 342 318 295 276 272 270 269 271 272 269 268 266 266 268 272 271 268 271 271 278 281 281 285 306 313 297 290 292 308 325 382 365 384 347 286 260 254 258 308 364 425 440 394 360 306 281 284 365 480
246 286 257 221 222 224 226 265 278 259 254 249 243 271 258 241 235 235 238 267 303 373 407 336 306 312 305 289 280 285 301 310 343 353 362 368 355 332 310 281 271 271 274 273 276 275 275 277 276 276 277 277 279 279 276 278 276 275 276 281 296 305 299 304 306 307 329 350 372 410 367 316 280 261 259 260 324 386 437 417 405 348 297 281 297 373 485
265 300 240 220 223 226 226 259 265 243 234 231 250 280 253 239 232 236 241 258 289 342 365 309 284 278 286 286 280 293 310 325 351 351 334 335 356 322 288 275 274 279 280 281 282 283 285 283 283 286 285 284 289 287 284 287 283 280 279 287 313 307 309 316 322 341 391 415 422 436 382 331 288 261 262 270 309 377 421 388 371 329 295 285 313 356 431
263 262 232 223 222 228 229 227 249 230 216 239 259 279 256 236 234 236 244 257 281 308 311 285 268 266 262 279 288 301 328 359 374 363 328 317 316 287 276 279 284 289 289 292 297 292 292 295 294 294 296 294 296 296 297 296 286 282 284 290 304 315 329 355 352 392 446 497 468 434 416 347 302 271 267 279 332 353 398 378 337 305 289 292 328 362 430
258 259 237 231 227 240 234 225 215 209 223 244 266 288 263 240 239 241 245 270 279 295 306 280 262 262 263 271 287 309 335 368 366 344 324 305 292 296 284 286 295 299 301 306 310 308 305 312 318 330 323 316 308 305 299 311 289 292 292 300 333 375 387 413 399 431 499 501 465 420 386 376 352 315 295 284 325 354 363 340 322 315 297 309 337 397 490
268 278 262 249 241 246 225 230 203 210 224 246 269 288 261 241 238 245 256 291 291 307 341 304 266 258 268 278 299 320 352 355 342 329 315 306 308 301 294 292 296 306 311 317 319 321 322 328 354 369 353 339 323 321 318 306 301 294 298 350 441 467 449 489 502 527 508 470 434 422 427 402 373 335 303 294 344 345 340 325 311 312 327 329 349 390 473
284 290 305 290 253 238 210 204 228 228 237 260 287 303 261 246 239 244 265 300 303 303 323 303 261 264 278 294 314 331 345 347 335 333 331 336 346 339 330 318 319 320 321 326 330 336 337 346 369 384 375 360 344 345 340 319 313 306 321 373 442 494 509 558 600 569 517 468 444 422 396 382 370 337 305 322 382 374 344 329 322 307 288 283 314 341 409
281 288 337 294 247 220 198 218 223 215 224 241 257 263 256 250 245 254 280 320 312 298 281 274 271 273 283 314 346 364 354 348 346 342 353 351 346 352 356 358 345 337 335 337 340 345 356 358 361 370 387 385 374 363 346 330 326 335 376 430 408 440 458 516 578 548 515 471 433 410 414 399 363 334 335 371 403 380 361 356 336 294 270 267 276 308 299
244 271 285 240 214 197 188 207 209 209 225 244 243 245 247 247 260 283 310 329 319 295 276 261 278 277 280 311 335 349 352 345 340 349 359 354 351 350 344 352 356 358 354 348 355 366 385 378 382 387 393 405 404 387 369 357 353 363 439 508 500 475 490 552 576 545 520 478 441 414 397 387 368 356 371 421 432 398 391 373 334 286 271 275 268 273 286
227 277 285 240 205 189 184 206 201 218 249 267 247 244 244 253 273 311 342 337 316 293 265 293 309 310 304 309 332 339 330 335 338 349 351 363 374 369 366 355 369 360 359 366 377 385 403 398 406 405 410 430 447 433 384 375 383 458 518 529 496 512 497 534 552 532 511 485 454 430 410 389 379 379 410 457 433 410 392 338 309 286 268 265 267 273 292
211 263 249 226 202 189 183 208 209 232 292 301 256 250 244 252 276 323 367 346 315 271 289 330 339 328 330 326 328 328 324 329 340 337 335 357 388 396 375 373 407 389 379 388 398 398 410 410 418 447 454 418 412 409 397 389 431 484 531 508 489 468 457 479 520 517 506 481 457 432 415 406 400 411 447 459 429 424 368 336 312 292 267 261 264 261 273
208 244 233 219 212 195 182 186 206 242 317 319 269 251 240 247 274 315 356 345 319 291 272 340 368 355 340 334 334 340 333 339 348 363 334 347 380 405 402 385 384 393 407 410 398 415 436 434 432 461 487 440 432 424 408 406 457 442 486 507 473 461 444 468 459 453 487 482 455 439 426 417 420 423 437 461 445 439 400 343 309 291 276 261 260 265 273
190 209 235 240 242 210 183 176 189 239 256 290 261 239 236 245 265 305 322 348 320 307 269 321 352 345 334 344 344 344 355 347 352 359 327 316 343 384 385 374 382 377 378 382 394 402 423 438 443 471 512 488 436 420 406 416 436 426 480 461 461 412 433 457 428 426 461 479 457 435 422 418 414 416 456 467 455 425 372 344 322 312 290 274 283 273 278
184 194 220 260 267 223 185 174 185 221 226 242 246 239 234 243 262 306 346 340 313 293 255 284 319 321 304 331 360 362 366 343 319 323 311 299 310 326 344 374 392 368 342 355 379 402 428 434 452 513 540 452 434 421 407 413 417 454 480 443 414 398 419 409 411 434 444 448 444 418 421 425 402 409 439 423 411 384 356 334 334 333 305 272 293 275 280
183 186 228 307 302 250 204 176 177 208 209 220 236 231 234 245 272 312 375 347 307 277 240 238 288 290 282 313 348 383 383 346 300 313 300 285 283 309 369 367 354 329 315 340 367 414 460 503 509 527 498 438 417 383 412 412 421 433 452 441 415 399 400 398 427 441 425 422 419 393 407 414 394 398 397 385 378 365 345 336 326 318 300 269 272 269 269
181 181 208 266 274 249 235 192 174 187 194 212 230 233 240 254 280 335 336 321 290 259 256 261 239 244 260 298 340 331 318 304 280 291 282 267 260 287 317 317 313 298 303 338 369 409 431 473 508 451 437 418 368 377 394 420 406 415 420 429 435 399 405 424 455 435 415 392 394 378 392 389 386 396 380 362 357 349 337 347 329 317 287 278 265 263 258
180 179 185 208 245 234 235 199 176 169 189 217 241 242 276 273 299 331 280 256 240 243 273 251 212 229 261 309 324 297 285 279 258 264 254 251 248 266 279 288 281 280 326 349 358 372 414 419 420 400 387 345 324 339 374 414 384 394 407 428 426 408 420 421 426 404 388 373 372 404 399 386 392 383 364 356 356 363 358 325 311 308 306 286 258 259 254
179 174 177 208 221 223 216 211 183 166 170 196 213 258 271 275 293 263 230 214 221 259 242 222 194 217 247 285 288 270 267 266 270 247 243 246 234 268 306 304 276 283 336 349 302 346 372 367 363 335 296 297 295 298 361 360 368 389 396 412 403 408 410 403 393 383 378 368 383 425 390 385 395 387 370 358 363 378 371 332 317 312 314 272 254 246 258
177 171 172 206 203 204 202 197 189 172 169 174 200 280 271 256 263 219 197 199 239 233 217 207 186 207 238 253 246 243 247 252 249 238 234 224 240 288 366 365 291 253 246 271 263 293 297 283 296 278 261 260 281 307 324 331 347 366 372 389 393 392 387 381 377 371 368 373 389 394 376 367 374 369 353 357 368 374 350 344 323 297 287 272 261 247 258
183 170 171 188 186 206 198 192 192 191 202 162 175 252 259 241 227 192 186 219 215 209 201 195 177 197 217 216 220 225 236 249 248 237 221 212 245 300 390 385 311 269 247 231 225 249 254 244 247 241 245 273 295 343 363 384 383 371 367 379 379 390 396 389 384 385 387 386 390 384 372 370 373 360 355 362 351 342 356 334 304 288 284 287 262 238 235
213 174 175 170 168 191 187 189 227 193 179 156 160 225 213 210 186 175 207 240 203 204 185 182 182 201 213 204 208 215 232 236 247 227 212 204 234 284 347 348 354 313 264 238 223 224 226 217 232 247 264 274 311 361 372 388 396 395 393 406 393 424 404 401 396 408 412 408 400 391 378 375 379 377 357 349 352 356 347 326 305 299 294 291 262 230 223
201 186 177 181 156 157 156 176 252 215 170 158 154 181 190 181 175 203 212 195 187 180 172 183 211 231 232 212 199 216 221 223 225 210 201 198 215 236 262 312 379 328 266 225 218 212 216 222 236 279 318 300 316 383 411 402 389 384 399 434 444 410 411 410 397 410 421 430 405 386 378 367 376 376 355 342 345 342 324 316 319 324 320 278 264 254 234
168 193 187 171 151 150 149 161 242 247 172 148 143 153 160 168 218 215 186 176 163 163 187 224 277 292 261 235 200 194 202 206 202 200 192 187 193 205 222 280 327 313 280 223 206 210 219 222 235 252 268 275 291 361 378 372 371 370 368 378 402 400 406 387 375 381 392 431 382 366 362 358 353 346 335 331 327 322 311 310 333 342 326 273 267 249 238
155 165 200 164 145 148 149 160 246 272 176 146 139 144 149 179 230 201 174 162 152 170 213 294 339 319 247 223 206 192 186 186 192 190 183 184 178 183 188 232 240 235 231 237 225 221 227 230 239 247 269 262 313 347 347 356 368 367 361 362 370 381 378 370 402 400 373 372 339 333 335 336 339 342 326 320 318 314 315 330 348 350 321 287 283 270 265
151 150 183 198 155 151 151 157 221 273 183 151 138 138 144 181 202 188 166 152 143 166 204 266 329 330 272 225 233 192 178 176 175 181 178 182 176 173 173 213 206 238 293 264 249 259 244 260 274 290 292 301 352 351 346 356 367 371 362 351 347 344 352 364 406 382 360 323 322 317 318 324 324 321 316 314 315 320 332 358 362 354 313 305 308 298 293
151 148 172 201 191 201 184 166 209 284 191 160 142 135 140 185 189 186 173 144 144 164 186 218 253 269 235 223 227 188 172 170 166 174 171 176 173 167 175 251 278 322 342 286 319 329 285 331 317 310 328 340 362 355 349 350 353 356 352 350 344 338 344 350 382 346 309 303 305 301 301 308 313 316 321 324 328 332 354 376 375 371 332 319 317 321 311
152 146 179 230 229 228 211 190 224 304 209 169 144 135 134 165 179 176 163 143 142 154 170 190 231 238 201 193 187 175 165 159 171 163 163 168 165 169 207 327 337 378 391 342 329 352 336 368 355 329 324 318 364 359 347 347 349 346 345 342 340 332 325 314 308 294 289 290 290 293 296 307 316 321 329 336 340 359 381 401 390 390 345 339 334 338 332
150 146 163 206 204 259 235 223 258 322 217 171 147 134 132 144 150 160 152 142 131 143 158 170 183 174 172 174 172 170 162 154 165 152 154 157 163 193 258 394 375 423 406 346 369 393 370 388 359 329 321 316 343 362 355 345 342 342 340 342 339 335 325 312 297 292 285 285 285 288 298 310 322 330 340 350 364 404 422 426 418 391 335 364 357 355 343
156 148 161 179 182 229 250 264 304 303 214 177 152 134 135 132 134 142 137 134 131 134 148 158 164 155 154 157 160 161 152 146 148 155 159 163 173 231 348 417 430 379 393 354 367 383 360 355 349 332 320 315 319 360 355 347 337 336 338 340 342 345 334 317 296 288 284 282 285 291 306 318 328 336 348 364 392 448 456 449 430 377 312 343 360 364 350
145 150 170 199 188 221 281 330 352 292 220 185 156 137 149 145 137 140 130 128 130 127 140 150 153 151 154 151 150 145 143 152 163 173 184 185 204 269 344 364 342 326 339 348 357 344 344 356 349 342 326 317 312 345 360 350 339 334 334 334 336 340 321 304 293 288 287 290 289 294 312 322 332 350 362 383 431 472 483 470 446 384 320 282 272 267 296
137 156 192 200 193 248 341 439 374 298 243 204 166 137 168 174 156 147 134 126 128 127 129 140 146 148 150 146 139 135 162 183 203 223 234 234 286 295 305 321 311 305 305 339 343 343 345 353 348 351 335 321 318 321 359 361 343 335 332 329 327 323 312 303 297 293 293 298 288 304 310 335 355 363 380 403 475 492 504 501 475 381 358 284 262 252 247
128 139 195 195 223 288 400 449 378 323 258 192 156 152 178 176 153 146 131 127 125 128 129 133 131 142 149 145 133 151 180 213 257 334 350 320 302 272 285 298 319 284 302 321 340 345 352 353 354 349 340 330 323 321 361 357 346 338 331 329 328 323 313 310 311 300 294 299 292 283 322 344 366 383 406 440 494 510 516 519 484 402 374 311 265 247 234
124 139 175 191 244 352 421 381 341 324 274 202 156 148 175 164 145 136 131 127 129 143 144 134 129 133 146 143 134 158 184 214 307 400 370 290 269 254 277 288 285 290 318 323 345 351 354 354 353 348 346 337 330 335 375 365 364 358 340 332 329 328 322 319 311 316 305 291 292 287 338 355 378 400 437 465 503 519 524 532 492 438 394 355 268 250 237
