examples/night_lizards/data/train-rasters-2.5m/bclim12.asc
NCOLS 322 
NROWS 151 
XLLCORNER -122.75 
YLLCORNER 31.9166666666667 
CELLSIZE 0.0416666666666677 
NODATA_value -3.4e+38 
[rows 39 to 77 of 151, columns 87 to 173 of 322]
530 606 567 631 645 572 608 715 775 747 706 715 707 743 833 788 707 627 721 850 857 682 453 298 214 165 149 143 166 244 302 376 273 229 242 216 154 180 263 259 197 148 119 100 83 76 75 89 100 77 62 58 59 59 66 77 104 135 135 123 102 102 104 104 107 108 109 113 113 112 117 123 129 143 157 166 162 156 150 146 141 142 141 136 132 128 126
479 559 503 583 572 530 624 549 541 615 666 684 712 780 758 831 778 625 713 800 815 828 667 458 279 189 156 148 141 150 188 281 354 290 243 224 244 224 215 230 183 137 131 119 92 85 94 159 167 106 73 56 57 56 63 80 115 133 157 155 107 101 102 103 104 105 109 107 109 109 111 117 123 151 178 198 183 178 168 164 163 168 173 163 148 134 128
400 471 474 574 524 491 482 528 666 749 771 747 734 784 741 676 651 616 686 692 718 773 663 604 457 243 160 151 147 140 142 181 282 290 233 205 194 193 123 111 120 141 174 164 115 100 109 170 179 123 85 60 58 56 61 79 107 134 159 175 134 101 101 101 103 102 103 110 109 109 109 115 124 153 195 266 234 219 204 199 195 200 194 193 186 168 148
363 407 416 489 483 442 520 609 578 661 712 750 736 791 774 716 632 623 726 705 639 670 642 617 459 269 168 156 154 144 142 157 269 309 227 199 189 163 116 97 91 105 194 235 152 142 139 187 183 112 80 72 59 58 59 73 83 112 140 142 152 110 103 103 103 103 102 109 115 115 112 118 137 148 174 238 304 313 271 307 248 236 233 231 243 208 181
343 356 378 426 441 469 512 684 731 789 768 763 800 812 788 749 663 616 644 644 626 612 606 624 515 324 175 158 152 146 148 165 215 284 217 187 173 156 119 93 89 89 114 164 190 245 190 174 185 135 97 76 60 57 57 76 81 89 106 142 175 141 115 105 102 102 103 106 109 131 126 132 152 139 151 180 249 341 320 341 374 317 305 297 273 238 216
330 347 388 461 459 532 545 574 641 732 790 759 760 730 720 778 678 597 624 620 607 584 575 605 556 389 182 164 156 155 171 179 180 192 199 197 188 149 111 95 91 88 93 116 178 247 239 183 196 201 139 86 62 57 58 68 98 99 104 120 126 139 132 120 102 99 102 104 107 112 132 132 140 139 132 154 193 277 330 301 385 452 420 377 333 308 250
332 353 378 428 467 534 664 696 777 799 793 780 762 706 672 699 696 595 665 679 682 596 572 573 575 346 184 169 165 189 242 250 205 191 216 216 205 149 124 124 94 88 89 104 155 208 186 199 251 188 142 91 71 60 57 59 88 143 118 139 126 114 111 107 101 100 100 106 114 114 121 130 148 130 123 133 156 214 286 275 361 453 476 501 402 366 278
319 350 366 360 402 475 675 583 569 688 801 784 758 702 636 664 678 584 635 631 639 636 581 619 630 367 197 175 186 221 308 340 281 237 232 231 188 156 154 178 111 95 91 93 117 145 162 193 293 313 207 107 73 60 56 56 71 146 135 134 142 119 107 105 99 98 98 107 142 132 115 130 123 119 120 131 144 174 210 249 335 445 556 438 388 304 250
289 324 340 389 417 440 507 445 489 657 759 700 754 696 618 607 606 587 530 566 603 601 554 573 596 371 232 185 198 229 322 372 336 353 282 232 185 157 187 228 129 96 91 92 98 119 190 238 334 340 209 114 79 61 57 56 66 158 156 139 147 135 124 113 102 100 102 108 132 142 116 122 119 120 121 127 141 162 207 235 276 380 472 498 417 318 274
282 291 310 340 378 410 456 404 469 598 607 662 762 729 665 601 567 558 522 632 636 603 557 544 560 515 295 195 189 217 255 340 358 391 339 258 218 173 196 261 130 101 91 88 91 98 145 255 404 321 168 117 79 61 58 55 62 124 167 173 150 144 146 123 109 103 102 102 126 152 133 115 118 120 119 124 129 139 169 190 233 295 296 381 334 345 317
272 282 289 304 331 352 388 392 423 532 614 607 648 701 659 563 522 501 542 628 622 605 585 564 542 513 315 206 200 259 260 293 297 334 323 274 241 190 223 326 178 106 91 86 84 85 126 265 379 362 201 130 85 65 58 56 60 85 143 207 180 152 162 147 122 118 112 98 111 143 143 125 116 118 118 122 125 128 141 160 186 200 245 286 308 288 288
266 274 292 320 309 305 314 339 496 681 732 710 730 724 685 597 557 583 559 585 612 598 594 554 508 559 361 205 200 258 243 238 239 236 267 280 262 238 262 358 205 114 95 89 84 83 119 213 327 360 202 127 88 73 59 56 56 76 150 202 199 155 156 148 134 152 119 98 103 131 124 165 132 117 117 121 121 127 134 147 155 168 202 248 247 252 300
257 264 274 288 300 311 316 388 469 505 616 632 724 743 624 537 569 678 655 606 626 574 540 482 521 557 374 207 173 183 206 218 179 176 231 257 279 286 269 321 242 119 97 91 85 84 100 186 293 369 218 145 100 74 60 58 56 67 122 155 179 144 134 124 135 143 122 97 108 139 110 128 163 133 119 120 121 126 132 138 142 148 164 192 200 227 260
248 254 261 273 282 313 322 364 405 518 531 649 749 658 555 510 609 714 682 649 629 580 521 454 456 492 461 247 175 164 173 196 162 159 194 234 246 280 271 258 216 139 99 94 88 86 113 217 282 317 243 164 115 82 62 58 56 94 179 165 165 150 131 117 119 129 121 98 92 117 104 108 158 181 124 121 117 122 128 134 136 142 156 171 186 214 245
240 245 250 263 275 285 324 424 501 638 712 736 707 615 535 490 560 641 705 618 556 496 455 446 463 462 484 337 182 165 188 213 141 119 146 186 211 275 291 252 218 143 109 96 89 85 114 222 276 223 164 141 124 92 71 63 58 59 96 137 147 133 145 133 116 110 106 103 88 98 107 104 135 191 137 119 116 118 124 127 132 141 149 161 179 250 308
235 239 246 253 280 316 320 342 453 509 602 703 700 657 566 484 601 652 719 678 619 543 472 450 530 521 501 412 255 170 193 188 119 102 106 117 143 239 284 263 219 175 112 106 92 84 99 196 210 148 135 110 106 94 79 66 59 57 61 86 98 96 103 117 133 114 97 100 87 85 101 101 118 167 136 127 126 119 124 128 131 132 141 153 172 211 291
230 236 241 250 258 281 313 368 403 438 499 566 685 710 574 445 520 659 659 664 589 564 467 477 527 525 454 392 253 154 142 133 116 101 97 103 120 199 251 269 201 137 106 102 109 87 88 163 194 157 164 126 130 106 90 77 66 64 61 60 69 83 94 108 136 128 95 89 84 83 87 94 108 131 122 130 137 132 127 128 129 130 133 153 178 197 255
224 225 232 238 248 270 299 343 442 448 492 591 686 727 661 498 413 592 685 640 590 513 449 440 500 477 430 350 240 150 126 118 107 100 92 91 101 145 169 203 211 128 100 99 107 127 88 103 128 153 145 128 129 103 84 80 86 99 79 63 60 61 84 109 126 137 101 86 83 85 87 96 124 124 116 128 144 153 148 150 136 123 124 129 146 171 215
220 222 227 237 244 266 291 337 389 465 533 631 695 694 602 442 430 539 644 615 579 519 389 445 393 392 432 349 280 158 115 106 95 88 84 82 87 108 132 173 158 105 98 95 102 149 111 89 119 135 117 105 98 88 87 97 126 121 101 82 62 56 62 83 93 122 98 98 97 84 89 99 111 111 117 139 197 182 173 162 149 127 123 123 127 147 178
213 217 227 235 245 274 321 424 527 488 518 619 698 657 578 494 364 429 528 536 574 478 326 362 302 339 432 324 234 149 111 99 90 83 79 76 77 87 114 132 113 97 96 93 94 111 146 96 99 101 99 93 89 95 107 107 126 115 93 93 75 58 57 65 72 78 85 89 88 84 86 106 117 113 128 186 241 224 177 155 140 135 127 121 123 133 156
209 217 225 229 233 269 316 372 485 477 498 543 577 654 566 444 351 342 412 365 431 377 268 245 241 281 407 397 234 157 109 95 86 77 72 73 73 79 93 96 100 93 92 91 88 101 169 112 91 98 99 96 103 133 112 103 104 97 86 96 87 65 57 58 61 66 82 76 76 74 79 93 102 107 123 170 246 272 194 158 158 158 145 126 121 123 145
204 217 229 233 238 263 321 404 481 448 479 537 647 613 509 370 305 310 300 278 260 259 251 329 419 327 362 382 261 175 113 98 88 76 70 72 76 76 79 83 88 89 89 87 88 92 121 122 91 109 151 121 115 127 110 106 100 93 105 114 91 65 60 58 57 60 63 63 64 67 74 77 84 98 111 125 169 167 157 152 162 174 176 156 128 126 133
201 218 231 239 241 261 324 397 455 434 516 579 641 568 449 320 329 283 274 281 248 285 321 425 475 431 371 287 287 175 117 103 91 80 73 71 77 75 77 82 86 86 85 85 88 111 167 162 109 90 113 148 153 174 138 122 119 112 105 98 81 71 68 67 63 60 61 62 65 63 69 74 82 85 99 108 119 127 131 143 147 155 170 187 153 147 154
195 211 223 240 248 263 309 386 435 388 468 567 566 453 334 308 373 368 373 409 295 252 346 452 455 394 324 272 196 150 120 105 96 87 79 76 83 93 89 86 85 85 84 86 91 160 173 135 99 91 103 121 140 161 153 149 121 105 91 93 100 93 90 86 84 79 80 73 70 64 68 75 79 85 98 107 124 141 139 145 147 148 158 172 188 208 187
182 188 202 213 223 239 283 374 414 417 504 452 369 387 355 409 439 404 482 480 307 262 297 378 381 298 226 193 165 138 124 115 106 100 106 110 116 115 111 85 79 83 86 91 90 99 106 96 91 89 92 100 110 133 138 131 114 99 93 94 106 122 129 123 128 160 143 122 87 73 67 70 80 87 101 115 132 153 148 157 152 148 159 191 236 250 181
175 189 194 197 205 211 231 305 387 453 392 417 410 524 368 434 550 540 543 553 414 305 299 379 304 248 192 168 152 138 162 148 137 118 131 127 115 92 82 78 79 83 91 89 88 89 90 94 95 103 104 103 135 182 167 159 151 145 123 124 144 166 164 170 187 219 233 227 132 82 70 66 85 103 121 127 145 160 162 157 155 155 166 209 313 285 192
165 176 192 204 197 211 228 284 335 332 394 546 587 530 404 489 585 651 616 497 447 350 328 371 295 227 189 167 153 161 227 165 145 144 173 134 124 126 106 90 89 98 93 91 94 103 121 98 106 132 122 115 124 145 156 140 128 150 168 167 159 163 163 145 162 168 192 219 164 94 73 70 79 91 118 143 166 177 187 176 164 164 170 188 212 231 220
154 155 165 170 173 182 192 214 305 370 385 461 581 487 372 389 461 613 594 541 474 331 369 356 296 226 188 170 157 165 192 204 124 122 125 119 123 164 172 124 108 98 95 114 119 128 154 159 151 161 133 132 126 136 134 131 126 130 129 146 198 178 154 142 141 136 144 145 123 92 71 71 79 93 113 136 177 173 183 192 181 176 175 182 198 252 251
151 150 152 168 185 185 198 217 251 296 340 384 404 389 345 349 375 417 461 538 461 287 305 319 262 215 170 143 139 145 131 100 87 93 103 126 130 147 130 119 142 105 109 128 148 192 163 144 164 195 163 152 133 127 142 144 137 135 127 132 141 135 136 125 128 128 115 113 96 79 72 73 76 94 118 142 152 146 169 191 190 185 188 189 198 222 253
152 152 157 162 166 176 191 210 238 264 307 330 346 348 360 391 316 296 307 393 383 266 280 277 208 184 154 125 116 97 92 88 90 104 168 171 174 147 97 95 104 105 135 164 148 187 171 133 125 133 138 155 141 123 133 176 177 143 127 115 108 104 101 102 103 103 102 102 95 75 70 74 73 77 94 112 119 133 155 181 205 196 201 204 211 232 260
155 157 159 164 168 174 184 199 208 232 245 288 284 289 302 300 272 266 269 312 375 279 245 207 173 167 131 112 101 94 91 99 124 172 174 143 125 107 89 86 87 102 139 169 158 164 180 129 119 120 122 134 132 128 153 143 141 127 123 108 105 121 124 107 99 100 93 95 90 96 82 81 73 73 85 92 103 118 146 181 211 207 211 224 251 258 249
157 160 164 167 170 176 183 193 200 226 265 269 273 304 350 333 289 277 294 303 344 314 236 236 224 173 118 108 101 101 116 127 146 145 127 120 112 110 94 87 92 101 121 152 147 144 169 125 115 118 120 122 130 146 156 165 129 122 110 104 115 150 100 86 82 91 91 97 99 124 124 99 77 73 78 87 94 107 133 160 191 202 212 240 271 265 232
162 165 167 170 176 181 187 192 196 222 304 401 322 289 302 321 385 371 342 350 392 382 297 231 189 133 116 110 106 109 117 118 122 114 106 103 103 111 113 97 99 109 120 137 131 125 122 114 116 117 121 131 137 146 178 175 148 132 110 102 102 97 83 77 78 81 101 106 115 127 101 95 76 74 77 84 91 104 122 153 178 196 227 238 242 236 221
169 169 172 174 180 184 191 193 217 290 362 449 435 323 306 325 395 373 320 324 358 393 303 217 159 128 119 112 104 105 106 107 106 104 100 97 98 98 103 123 129 95 107 119 118 116 125 128 119 138 130 147 164 139 144 150 126 128 118 95 97 94 85 83 84 75 77 98 126 117 86 83 75 72 76 80 88 108 125 146 168 194 226 217 207 198 200
176 177 179 183 188 195 201 211 279 347 372 363 345 371 346 284 295 304 296 294 400 344 234 167 143 130 120 112 104 104 101 101 99 97 96 98 99 95 92 94 99 91 84 91 100 141 128 112 120 141 141 149 156 122 115 108 93 102 111 109 116 110 100 93 85 76 72 74 86 94 82 87 81 76 74 80 89 117 144 154 175 190 192 179 168 170 192
188 191 196 198 204 208 215 234 274 317 335 334 317 329 334 337 304 285 287 290 292 225 184 160 142 132 119 110 105 100 99 95 92 92 94 105 100 95 90 85 82 78 74 74 80 92 100 93 111 145 161 168 167 108 87 80 79 81 92 116 129 127 114 98 93 91 82 81 75 79 85 75 73 74 73 78 84 99 152 154 198 208 170 150 148 162 196
205 205 206 218 224 229 232 242 271 294 309 330 431 473 494 548 441 342 302 274 241 203 171 155 143 131 121 113 106 97 95 92 90 89 89 95 96 92 88 82 79 74 74 71 76 76 81 86 107 147 197 192 166 105 89 81 78 78 81 95 105 104 102 100 89 89 94 95 76 73 73 72 71 71 73 77 86 91 111 147 159 175 152 134 140 167 214
244 252 271 254 248 252 249 257 280 306 324 333 342 393 448 591 453 370 283 237 221 193 171 155 141 131 125 116 106 98 91 90 88 85 87 86 84 83 84 81 80 76 75 73 75 78 78 83 94 117 129 128 122 136 139 109 84 78 80 85 89 91 90 87 89 93 92 89 81 78 75 76 74 77 88 89 83 87 98 119 128 129 122 124 145 183 244
351 370 332 299 287 281 276 287 324 345 343 346 443 419 381 366 375 310 260 234 216 196 186 155 142 131 122 113 109 98 92 91 89 88 88 89 88 86 82 84 80 77 76 75 76 78 81 81 87 108 114 106 102 124 157 129 90 84 82 83 84 85 88 88 110 120 103 95 91 81 79 83 90 100 101 111 101 89 91 99 106 110 112 126 158 235 287
