examples/night_lizards/data/train-rasters-2.5m/bclim4.asc
NCOLS 322 
NROWS 151 
XLLCORNER -122.75 
YLLCORNER 31.9166666666667 
CELLSIZE 0.0416666666666677 
NODATA_value -3.4e+38 
[rows 0 to 20 of 151, columns 144 to 191 of 322]
828.010986328125 847.024047851562 845.436645507812 848.079040527344 850.962280273438 842.559265136719 828.053527832031 814.532531738281 843.169799804688 883.264770507812 899.392761230469 906.188110351562 906.086730957031 903.055114746094 903.226989746094 894.869079589844 908.943969726562 923.939575195312 931.212707519531 934.158569335938 932.112670898438 929.919372558594 919.753479003906 884.946838378906 832.170043945312 768.579467773438 760.215026855469 764.379089355469 764.313903808594 804.1064453125 838.354919433594 858.2783203125 860.396301269531 852.354919433594 848.268493652344 849.589416503906 861.998596191406 866.094970703125 865.504211425781 859.574401855469 834.910583496094 834.680480957031 826.223388671875 808.533203125 804.424255371094 820.131774902344 833.757385253906 831.759582519531
812.479248046875 839.011413574219 846.577209472656 851.054260253906 854.168090820312 847.489685058594 838.487609863281 828.815307617188 840.657897949219 883.054992675781 899.638488769531 906.352233886719 894.102172851562 870.212951660156 890.169616699219 911.569641113281 925.016784667969 930.806213378906 933.52294921875 927.311645507812 911.129638671875 899.5458984375 854.334106445312 789.319519042969 782.846801757812 743.738342285156 773.807189941406 790.084228515625 792.171264648438 824.934997558594 853.910766601562 871.797973632812 863.578002929688 843.01953125 849.912536621094 850.831848144531 834.054077148438 830.685546875 842.845031738281 858.394409179688 857.151428222656 847.484558105469 837.662963867188 825.944458007812 822.796569824219 833.449829101562 835.346557617188 829.131408691406
818.742492675781 832.686218261719 845.151306152344 853.423278808594 854.612548828125 846.881042480469 828.749938964844 810.885620117188 830.439392089844 868.392028808594 897.671813964844 896.399291992188 866.423950195312 853.844543457031 868.838684082031 900.388000488281 923.876159667969 930.861572265625 927.726867675781 907.555786132812 872.708862304688 861.309936523438 816.795715332031 757.515625 736.75048828125 761.077514648438 793.147216796875 801.201477050781 825.703247070312 845.1884765625 866.304931640625 877.905090332031 862.957824707031 839.582214355469 848.177429199219 851.40087890625 839.525817871094 819.352844238281 815.425598144531 834.365661621094 849.157104492188 854.686401367188 848.73486328125 837.856506347656 834.344970703125 841.2900390625 847.012145996094 843.421325683594
814.071228027344 829.338012695312 852.121154785156 861.573913574219 852.821228027344 833.617370605469 820.513549804688 808.492980957031 811.463745117188 866.633605957031 891.888488769531 878.915649414062 845.851440429688 842.018981933594 864.240661621094 901.856018066406 924.60546875 929.450134277344 924.520812988281 901.085571289062 862.2041015625 832.545715332031 793.516662597656 747.766296386719 752.289611816406 801.086059570312 826.865783691406 835.375061035156 850.788879394531 865.260925292969 876.889221191406 877.945556640625 861.085876464844 856.727905273438 858.64501953125 855.671813964844 847.508666992188 834.493835449219 817.568786621094 796.165405273438 814.326354980469 833.893127441406 846.805786132812 838.539978027344 829.78662109375 839.867431640625 850.089782714844 851.515930175781
835.055541992188 840.375915527344 856.687316894531 859.816101074219 838.355224609375 800.055969238281 752.166015625 758.648559570312 813.364624023438 866.287109375 887.846801757812 877.869262695312 851.279663085938 822.703796386719 852.176635742188 901.501342773438 923.763732910156 927.445556640625 926.470947265625 902.603088378906 848.634338378906 804.520324707031 795.831176757812 754.775390625 779.693969726562 814.755432128906 835.246948242188 850.628112792969 860.328674316406 870.960571289062 880.127807617188 881.215393066406 869.295837402344 857.673034667969 862.349975585938 860.162109375 854.294067382812 841.840454101562 820.060363769531 787.98974609375 786.694519042969 808.639221191406 836.0791015625 839.093872070312 831.528137207031 841.966430664062 852.636352539062 858.213623046875
855.780822753906 857.861572265625 855.098205566406 840.702880859375 822.520568847656 788.861267089844 745.931274414062 745.393249511719 808.784057617188 860.54248046875 878.819946289062 874.481506347656 854.699645996094 819.868896484375 837.398376464844 898.210021972656 928.762817382812 931.430908203125 926.156677246094 899.060546875 843.452575683594 797.930541992188 814.696105957031 811.739929199219 822.886413574219 829.758666992188 843.615478515625 856.950988769531 868.459045410156 875.652648925781 880.27783203125 873.283081054688 860.120056152344 861.318725585938 861.872375488281 861.087890625 859.012512207031 845.007080078125 820.73974609375 787.544677734375 778.629638671875 805.961242675781 833.563659667969 833.322814941406 822.22216796875 840.968200683594 853.527954101562 857.239868164062
860.583374023438 862.822082519531 849.275451660156 827.707275390625 802.441284179688 757.034729003906 750.569885253906 738.080322265625 789.857849121094 842.784423828125 866.998901367188 870.681091308594 860.219543457031 832.270874023438 819.122131347656 882.182189941406 934.367065429688 943.095581054688 932.803771972656 892.864196777344 827.308654785156 817.271423339844 834.668518066406 847.680419921875 852.495727539062 852.588806152344 843.449890136719 822.379943847656 861.130310058594 874.317321777344 868.228271484375 848.178466796875 843.945678710938 862.233154296875 862.145324707031 862.146789550781 860.941101074219 846.02197265625 823.381774902344 811.609802246094 795.312438964844 810.544555664062 837.70458984375 835.088012695312 832.742309570312 839.322021484375 852.600158691406 857.377380371094
867.871337890625 867.942199707031 857.663818359375 840.914978027344 819.822875976562 805.424072265625 795.029418945312 767.67626953125 765.56884765625 816.032104492188 851.97216796875 866.670043945312 867.411010742188 843.368286132812 802.472534179688 854.738952636719 930.129028320312 943.789001464844 926.926696777344 882.750915527344 838.380798339844 846.419555664062 861.611389160156 866.439575195312 866.322814941406 861.607482910156 839.577819824219 787.097229003906 840.810424804688 862.206298828125 854.573913574219 818.414855957031 828.770446777344 859.835876464844 860.834838867188 861.976928710938 859.088317871094 833.192932128906 817.553405761719 820.887878417969 820.203735351562 823.0732421875 836.109191894531 827.190856933594 837.639953613281 851.077392578125 856.835388183594 861.107055664062
875.378845214844 872.885986328125 867.291442871094 855.77587890625 842.789001464844 831.618713378906 818.702880859375 807.298706054688 779.932373046875 790.473449707031 839.454528808594 858.493225097656 868.453735351562 852.336364746094 799.571960449219 836.642333984375 911.545593261719 932.486328125 905.810791015625 863.202880859375 861.428649902344 867.257385253906 872.671752929688 873.774475097656 871.001525878906 865.571411132812 848.196655273438 799.65380859375 836.471923828125 852.069885253906 833.259033203125 795.983459472656 832.518859863281 865.109375 865.839111328125 864.327270507812 857.1220703125 828.094055175781 819.025817871094 829.195495605469 837.492980957031 839.849487304688 837.255004882812 823.408630371094 840.078369140625 857.819580078125 863.05810546875 865.993469238281
876.564331054688 877.627014160156 874.600036621094 865.948364257812 856.186950683594 847.214294433594 837.727966308594 827.019653320312 808.319763183594 778.990661621094 810.149963378906 848.015808105469 864.686645507812 868.646179199219 845.491394042969 861.69482421875 901.922973632812 919.823547363281 900.87255859375 872.272705078125 863.298156738281 870.60205078125 873.965209960938 875.613586425781 875.736450195312 872.573852539062 860.458068847656 812.201965332031 833.026123046875 834.216247558594 826.669860839844 817.063049316406 843.3037109375 864.246887207031 867.491149902344 861.096801757812 854.215515136719 846.8125 824.960327148438 836.903198242188 851.613586425781 844.362182617188 836.136596679688 825.340881347656 844.289428710938 862.7275390625 866.258056640625 867.228698730469
873.114318847656 878.021850585938 876.19921875 869.788208007812 863.182434082031 856.822326660156 848.757751464844 837.963623046875 823.582885742188 792.79150390625 786.646362304688 835.637634277344 859.115417480469 873.580200195312 880.055847167969 887.13037109375 901.853515625 908.5 888.134155273438 854.576049804688 857.264892578125 868.687927246094 875.169982910156 876.646606445312 877.579895019531 873.346496582031 863.914184570312 839.6181640625 826.994689941406 824.888061523438 830.888793945312 826.096069335938 845.476379394531 858.263732910156 861.7880859375 848.731628417969 847.701049804688 852.166687011719 850.006896972656 854.125427246094 855.347778320312 846.570068359375 834.363403320312 819.240783691406 841.027465820312 865.062622070312 869.616027832031 870.065307617188
864.028686523438 872.952331542969 874.074951171875 870.948120117188 864.912475585938 858.763366699219 854.834594726562 848.047180175781 836.894775390625 803.681091308594 792.970092773438 823.5830078125 847.091857910156 868.096862792969 880.394592285156 872.225036621094 887.340637207031 879.246826171875 854.311889648438 854.999328613281 862.017883300781 866.040649414062 876.993347167969 877.128234863281 875.095031738281 869.212219238281 860.636962890625 846.466857910156 827.402893066406 816.072875976562 820.81201171875 815.677734375 826.1669921875 833.259399414062 836.830017089844 827.251953125 836.740539550781 838.543212890625 857.755676269531 857.822204589844 855.574035644531 844.328735351562 826.113891601562 812.279235839844 838.086486816406 866.799987792969 873.325134277344 873.624572753906
846.970886230469 864.537475585938 872.250671386719 873.082763671875 864.092651367188 856.824462890625 860.477844238281 858.036193847656 848.869934082031 813.484985351562 796.981689453125 815.252624511719 844.13037109375 864.916442871094 868.647033691406 852.479736328125 863.185546875 862.379028320312 840.652648925781 850.865905761719 867.016357421875 869.009521484375 865.968994140625 865.195495605469 870.188232421875 866.737670898438 853.594360351562 839.76220703125 826.198425292969 806.085693359375 800.726928710938 796.404541015625 786.072448730469 791.909423828125 805.705932617188 813.202270507812 828.616882324219 840.405395507812 831.648864746094 839.215698242188 840.650451660156 828.696960449219 810.547241210938 799.408935546875 831.964599609375 861.877197265625 873.509826660156 871.300109863281
818.848266601562 850.760803222656 870.366516113281 875.952331542969 864.755432128906 860.436645507812 864.108337402344 865.346496582031 855.174682617188 828.432861328125 828.770629882812 838.135192871094 856.016906738281 870.572937011719 868.378234863281 851.062683105469 857.697143554688 862.592712402344 855.0634765625 860.726806640625 869.410888671875 869.737060546875 859.784729003906 859.060424804688 866.02783203125 860.213439941406 826.680114746094 807.734741210938 790.857238769531 782.019165039062 790.637634277344 786.572326660156 759.095764160156 779.482360839844 801.079772949219 817.603149414062 834.349182128906 826.583312988281 826.076416015625 839.427429199219 843.456359863281 837.406616210938 825.26513671875 819.228698730469 833.228820800781 856.253234863281 866.973571777344 860.275329589844
809.659545898438 839.752197265625 862.941711425781 868.513793945312 855.952819824219 853.809020996094 864.572509765625 868.887329101562 859.360412597656 832.699401855469 828.678100585938 850.8623046875 865.901123046875 874.380004882812 866.851501464844 842.007690429688 840.191284179688 854.102355957031 858.064697265625 865.611206054688 870.706298828125 872.858032226562 869.949279785156 865.261657714844 855.702453613281 849.171264648438 815.93994140625 802.340881347656 788.142211914062 787.866760253906 797.293334960938 790.067321777344 787.016174316406 808.223815917969 825.997253417969 837.55615234375 842.084533691406 830.065612792969 841.380065917969 849.604553222656 848.783325195312 841.704956054688 843.333557128906 842.980346679688 847.325378417969 855.756103515625 850.878112792969 833.066040039062
830.467712402344 842.330871582031 852.964050292969 850.991149902344 849.053283691406 858.714477539062 867.895874023438 873.230285644531 867.955810546875 843.727783203125 834.591125488281 856.631042480469 871.273620605469 876.253540039062 859.081604003906 824.163818359375 816.397705078125 839.76904296875 855.097229003906 861.571838378906 861.151794433594 859.431518554688 846.570678710938 823.184204101562 829.059326171875 833.986328125 829.947448730469 822.663269042969 811.965698242188 802.177368164062 803.739562988281 785.086669921875 787.636962890625 812.392395019531 837.755859375 846.835510253906 842.211608886719 828.297607421875 848.538757324219 850.086791992188 837.038879394531 827.0693359375 843.348876953125 848.430358886719 849.638916015625 844.993896484375 830.144287109375 805.612976074219
835.493469238281 843.540710449219 849.745239257812 849.52587890625 851.222229003906 861.9189453125 873.404174804688 877.1982421875 873.264282226562 860.020629882812 830.955017089844 864.551879882812 875.1123046875 876.281860351562 857.297119140625 820.29296875 785.278259277344 817.498291015625 838.507385253906 834.23193359375 829.097717285156 838.405090332031 821.756958007812 789.66845703125 810.041870117188 826.887145996094 831.997253417969 833.310241699219 828.796142578125 821.9580078125 813.127624511719 788.983459472656 805.861755371094 823.67724609375 842.960693359375 850.01318359375 843.740295410156 821.560546875 838.435119628906 839.139221191406 808.189880371094 805.133422851562 833.606506347656 841.403625488281 844.321655273438 839.254760742188 818.88720703125 785.858276367188
826.957397460938 837.334228515625 850.625915527344 858.337097167969 863.156555175781 871.444458007812 878.032531738281 880.47314453125 879.366760253906 867.668212890625 843.356628417969 866.15673828125 874.508422851562 873.608154296875 860.600036621094 821.519348144531 792.581726074219 807.404602050781 825.867553710938 838.326538085938 834.936096191406 832.221069335938 813.131469726562 785.805053710938 778.859741210938 815.259094238281 828.581298828125 835.525451660156 837.850219726562 834.902465820312 818.699462890625 799.250366210938 819.263244628906 837.116882324219 840.175598144531 846.76171875 845.912719726562 830.974853515625 831.734130859375 823.787963867188 789.072998046875 788.397583007812 816.691528320312 828.844116210938 839.554138183594 838.5986328125 818.2763671875 785.747131347656
844.040832519531 852.230346679688 862.548461914062 869.419189453125 873.742309570312 878.285888671875 881.833374023438 880.674865722656 874.841735839844 850.867736816406 844.532043457031 868.803100585938 878.758117675781 878.024597167969 852.199584960938 805.633911132812 791.738952636719 809.4443359375 825.343444824219 840.691772460938 840.1552734375 830.966064453125 806.538757324219 788.205688476562 751.563354492188 793.277770996094 810.988037109375 831.475524902344 841.136657714844 843.313049316406 835.434875488281 820.542663574219 812.022094726562 820.329040527344 820.000305175781 831.819274902344 846.368103027344 843.217102050781 839.683410644531 818.96728515625 809.546936035156 789.869445800781 805.877624511719 825.537841796875 838.252197265625 838.530456542969 819.467956542969 791.193237304688
853.866027832031 861.1611328125 867.359741210938 867.114074707031 872.741027832031 879.478881835938 880.098022460938 876.182250976562 855.315795898438 831.23876953125 828.194702148438 861.781005859375 875.343688964844 866.7783203125 817.451416015625 803.154235839844 806.664733886719 815.568969726562 833.635131835938 843.309020996094 843.888916015625 835.644897460938 813.787719726562 791.060913085938 769.350158691406 797.334228515625 808.731323242188 825.3955078125 838.589416503906 845.308959960938 844.472595214844 833.737060546875 815.461791992188 799.120727539062 802.981689453125 819.703735351562 842.910766601562 849.564697265625 839.102905273438 825.928527832031 822.318298339844 810.426574707031 811.0361328125 828.35791015625 841.692749023438 841.006591796875 824.849975585938 794.093078613281
857.997863769531 860.064331054688 856.656127929688 853.605529785156 864.716003417969 872.440368652344 867.361145019531 859.052856445312 833.037414550781 818.088500976562 816.212158203125 840.134094238281 861.365478515625 844.260192871094 811.512145996094 821.143249511719 821.633239746094 828.656127929688 844.032348632812 848.916076660156 849.175109863281 846.482543945312 822.844421386719 794.086608886719 778.012023925781 797.738586425781 811.511291503906 823.278625488281 836.350219726562 844.508117675781 846.788757324219 840.09326171875 808.762451171875 769.105102539062 778.201477050781 805.087341308594 833.257202148438 851.930419921875 842.985534667969 826.449584960938 827.911865234375 824.494445800781 821.184020996094 831.852416992188 842.248168945312 842.039978027344 822.821166992188 798.945556640625
