examples/night_lizards/data/train-rasters-2.5m/bclim15.asc
NCOLS 322 
NROWS 151 
XLLCORNER -122.75 
YLLCORNER 31.9166666666667 
CELLSIZE 0.0416666666666677 
NODATA_value -3.4e+38 
[rows 63 to 83 of 151, columns 94 to 140 of 322]
80.8489379882812 81.7078018188477 81.4917907714844 81.5974502563477 81.3681182861328 80.7935562133789 82.0955505371094 82.1466445922852 81.7434768676758 81.5728988647461 80.1140975952148 80.7641830444336 79.8977203369141 80.3684768676758 80.340217590332 78.8632965087891 77.6912689208984 77.4560394287109 76.869010925293 76.1884155273438 74.0207824707031 73.0263366699219 72.4029159545898 71.4189071655273 69.6046142578125 69.7634582519531 68.8832168579102 67.0139694213867 66.4251708984375 65.8478393554688 65.6438980102539 63.7887649536133 64.7047653198242 62.2232475280762 59.3594627380371 57.1561088562012 56.0850105285645 55.7485046386719 57.228645324707 54.8215827941895 55.4544525146484 53.1479339599609 54.4366226196289 54.6395111083984 51.3500480651855 52.3564567565918 52.5143394470215
80.2935562133789 82.0955505371094 81.4893035888672 81.87890625 81.4481353759766 81.6522445678711 82.2497482299805 81.3881072998047 80.6590347290039 81.5201568603516 80.6454849243164 80.7278137207031 80.4099578857422 79.8232498168945 79.821662902832 78.9812393188477 78.5457382202148 77.5605850219727 77.2385177612305 75.2891006469727 73.470947265625 72.3905181884766 72 73.3703079223633 74.4067459106445 72.3984298706055 69.5052795410156 70.2510147094727 68.5189361572266 66.868896484375 64.7750244140625 63.4417610168457 63.6911735534668 59.0959548950195 61.519416809082 60.5292053222656 57.6425971984863 56.1297187805176 53.9630813598633 53.6787605285645 57.0820274353027 56.0662689208984 55.6546440124512 51.5042343139648 50.6252365112305 53.0326728820801 55.3777618408203
80.4397201538086 80.7860870361328 80.8757171630859 80.8051071166992 81.0721817016602 81.914306640625 82.0510787963867 81.2951126098633 80.588134765625 80.8035888671875 79.8177719116211 80.2768325805664 80.9940795898438 79.8767623901367 79.2035446166992 79.254150390625 79.0430297851562 76.8220062255859 76.2500457763672 74.5725708007812 74.5123519897461 73.2624969482422 73.0173034667969 74.8546905517578 74.5552597045898 73.200309753418 72.0109939575195 71.2954864501953 71.0362243652344 67.7574081420898 68.4194183349609 62.8138084411621 62.3539505004883 62.3483695983887 60.7985916137695 61.0848121643066 56.9582633972168 58.4933319091797 58.2614593505859 57.7672119140625 56.1740341186523 56.6766548156738 55.391170501709 53.7087249755859 52.602367401123 52.0422782897949 53.5982284545898
79.2696914672852 79.4945831298828 81.1888275146484 80.8858413696289 80.3541488647461 80.9648513793945 81.1533508300781 79.8391494750977 79.107307434082 80.3177261352539 79.7602233886719 80.3362503051758 80.4435806274414 80.4064712524414 79.6458435058594 79.3064804077148 79.3322601318359 76.947868347168 75.9453582763672 75.3030242919922 75.3252029418945 72.6937637329102 73.8230590820312 74.5754470825195 74.4602737426758 70.1187591552734 71.2165145874023 70.3172607421875 68.3776702880859 68.7616958618164 68.6348571777344 69.8733291625977 65.8503570556641 64.1021881103516 60.7985916137695 59.4321975708008 60.9821357727051 61.6918258666992 59.6464538574219 59.836540222168 59.8551635742188 59.5163879394531 57.6150360107422 55.6235466003418 54.8183403015137 53.1528701782227 53.3741035461426
79.1078109741211 78.0034866333008 79.8521270751953 81.017951965332 80.5275192260742 79.8019027709961 79.1278915405273 79.3775024414062 79.9099655151367 79.0448913574219 78.7936477661133 78.5051422119141 79.8233947753906 78.9510726928711 77.4915237426758 79.0838394165039 78.5424575805664 77.6921157836914 76.089241027832 77.1396942138672 74.8033065795898 74.9688415527344 74.4234924316406 72.669792175293 70.0847625732422 69.750846862793 67.0170135498047 69.7093353271484 71.0803375244141 70.9633560180664 71.8243865966797 68.3537368774414 66.6832656860352 66.0216064453125 62.0221862792969 62.0720634460449 62.2759437561035 60.9582557678223 64.2913284301758 59.3095703125 59.4035263061523 59.8175277709961 61.5558280944824 57.2559928894043 54.6076126098633 56.1804466247559 54.0339546203613
79.0574645996094 78.9737854003906 81.2346725463867 81.1490173339844 79.9213333129883 79.1520156860352 78.8682556152344 78.7880020141602 78.0978927612305 77.5203857421875 77.3057098388672 76.497673034668 78.1389694213867 78.0626602172852 77.7378005981445 77.7241592407227 77.9726486206055 76.5169677734375 75.9476852416992 75.1145553588867 72.9462356567383 70.7608795166016 71.5724639892578 71.523796081543 69.8465881347656 70.1411895751953 72.1221160888672 74.2912673950195 75.189208984375 72.7059860229492 71.2453002929688 65.7973861694336 64.5948638916016 62.7444953918457 61.867805480957 63.2443542480469 62.7820472717285 61.6257019042969 63.0069236755371 62.2165946960449 57.386604309082 55.8312835693359 55.1739807128906 54.8452377319336 55.7824897766113 55.6732177734375 52.6726760864258
78.9703826904297 80.6137237548828 80.4661331176758 80.7380447387695 80.6158142089844 80.4397201538086 80.2122497558594 78.8416137695312 78.3263626098633 78.6029739379883 78.1507034301758 76.9644241333008 76.2966232299805 77.7740707397461 76.4050903320312 77.7619171142578 77.2132720947266 76.7719802856445 76.4608383178711 74.7541427612305 73.0434875488281 71.9476013183594 72.8622665405273 70.6855316162109 70.3835754394531 72.9873046875 74.9978485107422 74.6067810058594 72.5851440429688 69.1167297363281 68.3199920654297 64.3737411499023 60.8523025512695 59.4096794128418 59.9672546386719 63.4367828369141 64.431266784668 62.8363876342773 62.6472702026367 63.5144920349121 56.7005043029785 54.4680557250977 55.229866027832 54.6506614685059 55.3952140808105 53.7718696594238 52.7534942626953
79.460075378418 80.3524703979492 80.1213073730469 81.1825714111328 80.2338485717773 79.810905456543 79.3981094360352 79.0014877319336 78.6638717651367 77.7424163818359 76.9813690185547 76.7830352783203 77.2245864868164 77.6323852539062 77.829963684082 77.6207046508789 77.4834747314453 77.9728012084961 75.3640441894531 73.8286666870117 70.5819931030273 72.5153350830078 75.8325424194336 70.7608795166016 72.4598770141602 73.5525131225586 73.1277160644531 69.7926025390625 68.5801010131836 66.9624176025391 65.3573150634766 64.3725357055664 62.0489387512207 59.9219512939453 60.6601219177246 62.8004722595215 64.5724105834961 62.5778274536133 62.9215202331543 62.4791450500488 57.795539855957 55.1630859375 54.6572265625 53.5725898742676 52.8880004882812 53.4266967773438 54.174201965332
80.6937484741211 80.8940124511719 81.5984039306641 80.4153060913086 80.2107238769531 79.6016235351562 81.2680892944336 77.8928375244141 77.8840103149414 79.5083770751953 80.3309326171875 78.6597366333008 78.1241149902344 79.7047882080078 79.5791015625 78.2349243164062 77.4000778198242 75.9929275512695 75.5582427978516 73.2029037475586 71.5257110595703 70.9659805297852 69.4161224365234 69.8519592285156 70.0602951049805 69.0332412719727 68.2556457519531 68.8136367797852 67.6921768188477 67.6921768188477 66.0545501708984 63.0788269042969 63.9288024902344 59.4147682189941 61.4931755065918 63.9308433532715 62.332405090332 61.6092185974121 60.5075416564941 60.1139068603516 57.9310722351074 56.721508026123 56.3923530578613 54.3343353271484 55.7163200378418 53.5828666687012 54.077320098877
82.1584320068359 80.6701736450195 80.5436248779297 81.3185958862305 81.8534317016602 82.0370788574219 79.0049285888672 78.4077301025391 78.2419662475586 80.3475646972656 80.4313812255859 79.3585968017578 78.082893371582 79.4409027099609 80.8595809936523 78.6297836303711 78.2511672973633 75.2324600219727 74.0355453491211 74.3631286621094 71.8684539794922 72.2568817138672 72.1436767578125 70.3004531860352 70.3203506469727 68.9501266479492 67.9549789428711 67.8144073486328 65.9646301269531 64.9290161132812 65.9212036132812 63.4658050537109 64.8922119140625 65.9356079101562 58.6575927734375 59.3407363891602 63.278881072998 60.4448280334473 59.3376083374023 60.1607360839844 60.9753761291504 58.2576484680176 56.3108253479004 55.219367980957 55.0030975341797 55.5689125061035 51.5536422729492
83.4738006591797 82.1196670532227 81.9943466186523 81.8812866210938 80.8521881103516 79.6229858398438 79.5382537841797 78.5171432495117 76.7906646728516 76.7858352661133 77.4083099365234 77.7329483032227 78.2439804077148 80.8346862792969 79.8364028930664 78.1457290649414 76.0858764648438 75.5282211303711 73.1260833740234 73.0365295410156 71.8684539794922 72.2568817138672 72.2568817138672 71.3753509521484 68.7412872314453 67.7687454223633 66.7945785522461 66.1596908569336 65.0954360961914 65.2120132446289 62.9816017150879 62.492603302002 61.0278015136719 61.5232620239258 58.6657867431641 55.6470222473145 57.1744918823242 56.9395751953125 61.7682418823242 60.5356407165527 57.5243682861328 57.234016418457 56.767391204834 55.1686935424805 55.6364936828613 56.1603851318359 52.3336982727051
83.4987487792969 83.1657485961914 83.2241668701172 81.6028900146484 80.0470352172852 79.2644195556641 79.0235137939453 79.4299240112305 79.1368713378906 77.272705078125 77.2230453491211 78.0563507080078 78.247673034668 80.5870361328125 77.3066329956055 77.414192199707 76.7345733642578 75.3897857666016 74.3660049438477 74.3631286621094 74.1816635131836 72.2761077880859 74.5580673217773 72.1723327636719 71.9631652832031 69.8110885620117 66.6173400878906 67.3791732788086 66.6307983398438 65.3057632446289 64.0616226196289 61.5414848327637 60.7110595703125 61.061840057373 58.396068572998 57.6341667175293 55.1225662231445 54.0187683105469 56.3837623596191 58.2084083557129 55.5892715454102 56.7540893554688 57.1469917297363 60.1408653259277 58.672176361084 56.8456497192383 53.7671737670898
84.6047897338867 83.2584533691406 83.8002014160156 84.2291259765625 80.9510040283203 81.7099075317383 82.6720199584961 82.4683685302734 82.4390487670898 82.6042633056641 81.4521789550781 80.5080490112305 80.4662780761719 78.965461730957 78.6257934570312 77.8959121704102 75.4542846679688 74.5844573974609 73.5454483032227 75.4349975585938 74.6377410888672 73.3118743896484 74.4400100708008 73.6902160644531 74.1819305419922 72.7823028564453 69.7325210571289 66.7230834960938 64.4176025390625 63.3873596191406 62.1040458679199 60.1815452575684 61.061840057373 58.5585021972656 57.6341667175293 57.6341667175293 56.3192253112793 54.9571228027344 53.0794715881348 52.8087272644043 53.2037467956543 55.1417922973633 59.3501815795898 62.0065879821777 60.7181510925293 56.2451095581055 53.5846672058105
84.7361297607422 84.1363983154297 84.7244110107422 84.8167266845703 82.3791275024414 81.8615493774414 82.1618347167969 83.0125350952148 82.9339981079102 84.107048034668 83.9805755615234 81.6781005859375 81.6598968505859 80.8214797973633 79.7340240478516 77.8959121704102 76.8106918334961 76.7830352783203 77.0316543579102 75.1131973266602 74.9289398193359 74.8349609375 75.5565414428711 73.4255142211914 72.7823028564453 71.1464538574219 69.0728607177734 67.6116333007812 68.4427642822266 66.5718994140625 66.0669708251953 61.6994171142578 60.3022689819336 58.9476356506348 58.2424774169922 57.9623756408691 53.9966087341309 55.8345832824707 58.11865234375 51.9518051147461 53.1723403930664 53.7171325683594 55.9722900390625 57.2782096862793 55.3484497070312 54.7839012145996 53.9310646057129
85.0584564208984 85.6330795288086 84.5165634155273 84.1986694335938 82.9207382202148 83.3587036132812 83.3362808227539 83.1962356567383 83.4504089355469 84.4343566894531 83.5561676025391 83.7143936157227 83.6023101806641 82.9450378417969 81.1554183959961 80.7552642822266 78.6823120117188 77.6263580322266 76.3639144897461 77.3034286499023 74.6377410888672 73.0560836791992 75.5565414428711 70.6726303100586 69.8072280883789 69.9163131713867 71.1464538574219 67.7535629272461 67.6779098510742 67.1714248657227 65.3872375488281 62.7372665405273 59.1127586364746 56.8098449707031 56.1716041564941 55.8722915649414 55.5239601135254 54.338451385498 54.3835983276367 52.8087272644043 52.8087272644043 54.2384986877441 55.5959434509277 55.0107269287109 54.3046569824219 53.3916397094727 55.5931167602539
86.9313125610352 86.1113128662109 85.3727264404297 84.4211273193359 83.5590438842773 84.3853225708008 84.8677291870117 84.4546279907227 85.2476119995117 85.6151428222656 85.3906936645508 86.0509567260742 84.6763687133789 84.4059066772461 83.0713500976562 82.1187362670898 80.2653121948242 79.3295745849609 77.6638259887695 76.9333419799805 75.6936721801758 76.3928909301758 73.9960632324219 71.0034408569336 69.4532012939453 69.983772277832 72.029670715332 69.9088668823242 68.1444549560547 66.1823577880859 63.6296005249023 61.2257881164551 59.3050651550293 58.5853233337402 57.5598068237305 57.5598068237305 57.3364067077637 56.0762672424316 55.2240676879883 53.8412933349609 54.2525520324707 55.6964569091797 52.0596199035645 54.1767654418945 56.150318145752 56.0625305175781 57.5120544433594
87.8374862670898 86.4564514160156 86.7054672241211 85.8956527709961 86.6353302001953 86.3591156005859 86.5790634155273 87.6157989501953 88.0409927368164 89.5556945800781 89.2404174804688 88.5873107910156 86.1505355834961 86.7305603027344 84.2918853759766 83.0867538452148 80.5339965820312 80.3683090209961 78.901481628418 77.2967224121094 77.3794021606445 79.2777786254883 76.7649459838867 72.7851028442383 71.2639007568359 71.4086456298828 71.7262420654297 69.0863418579102 71.5583267211914 68.9498443603516 67.3445892333984 66.0267486572266 65.0328750610352 60.5248680114746 57.2110633850098 56.536937713623 56.6794738769531 57.158073425293 54.6824836730957 51.7904090881348 53.5660171508789 53.9916801452637 55.1393127441406 52.6214942932129 56.2909698486328 55.5184860229492 58.0450630187988
87.9635620117188 87.5190353393555 87.1199111938477 88.3790435791016 89.1834030151367 89.5655364990234 90.9298400878906 90.4021148681641 91.1490325927734 90.8703231811523 89.5848388671875 88.4492721557617 87.3563842773438 86.7716217041016 85.8656845092773 83.3001861572266 82.3133239746094 79.2827224731445 78.3343124389648 76.8652648925781 75.4349975585938 76.6827087402344 73.2270126342773 74.3147811889648 73.4297561645508 72.7851028442383 71.994514465332 69.2769546508789 71.3009719848633 69.5234680175781 67.8505172729492 63.6876945495605 63.061149597168 59.0849609375 59.0849609375 57.6425971984863 56.6588668823242 56.7450904846191 56.0850105285645 53.4593315124512 53.003303527832 52.5446739196777 55.4564666748047 55.3100242614746 56.0278511047363 56.9395751953125 57.2469787597656
89.7998886108398 88.7261123657227 90.1514892578125 91.0175018310547 90.5280151367188 91.1572952270508 92.7836837768555 91.9846725463867 92.6992874145508 92.3863830566406 90.9265594482422 88.8444061279297 88.7939224243164 87.7038803100586 86.0385437011719 84.0143966674805 82.5387573242188 80.7236633300781 78.7270278930664 78.4125900268555 76.2575454711914 76.5079727172852 77.1763534545898 74.3145751953125 75.4641799926758 73.0434875488281 71.2117919921875 71.1043472290039 72.8396072387695 68.9133377075195 68.4286117553711 66.1573333740234 61.0848121643066 58.8235282897949 58.3941535949707 57.9616012573242 55.9509963989258 57.3505821228027 55.8645629882812 57.6573333740234 53.3436698913574 56.0278511047363 56.140926361084 56.0770492553711 59.6831207275391 57.8436241149902 57.8479614257812
90.5968475341797 90.8557357788086 90.4726943969727 91.2480850219727 92.0661315917969 92.9323959350586 93.6783599853516 93.9264755249023 94.7519302368164 94.8752899169922 94.1390228271484 91.2431869506836 89.4979476928711 88.7748947143555 86.9306793212891 84.0542373657227 83.2831802368164 82.3614349365234 79.8706436157227 77.5552139282227 78.3098983764648 78.8197479248047 78.3948669433594 77.3775329589844 75.1666412353516 75.1666412353516 72.9593200683594 72.669792175293 72.1265869140625 71.7265472412109 70.3589401245117 68.0620040893555 63.756217956543 60.1050415039062 58.178279876709 55.9357566833496 56.4113082885742 54.9739379882812 57.6747093200684 56.8894271850586 57.9609527587891 58.2576332092285 59.5142822265625 57.248893737793 59.2459411621094 60.2890434265137 61.9077758789062
91.3130264282227 90.9563598632812 90.5344619750977 90.2409820556641 89.3668899536133 90.0738906860352 90.8651733398438 92.7721939086914 94.6522979736328 96.7867202758789 96.202018737793 92.9447631835938 91.5205383300781 90.7283096313477 88.8551940917969 86.4365997314453 84.7893981933594 83.3630142211914 80.004638671875 77.6574325561523 75.8880844116211 79.0021438598633 78.437614440918 78.7717590332031 77.2349700927734 76.2312164306641 74.5796890258789 73.1277694702148 73.7193298339844 74.3260879516602 74.0176162719727 71.3081283569336 65.301139831543 59.0461654663086 55.7485046386719 55.1393127441406 56.2581825256348 59.4761695861816 59.2713851928711 61.1006774902344 63.3437538146973 62.2585411071777 61.0859107971191 59.2566032409668 60.7199096679688 60.0330009460449 62.6727027893066
