examples/night_lizards/data/train-rasters-2.5m/bclim3.asc
NCOLS 322 
NROWS 151 
XLLCORNER -122.75 
YLLCORNER 31.9166666666667 
CELLSIZE 0.0416666666666677 
NODATA_value -3.4e+38 
[rows 21 to 41 of 151, columns 0 to 46 of 322]
-3.4e+38 -3.4e+38 -3.4e+38 -3.4e+38 -3.4e+38 -3.4e+38 -3.4e+38 -3.4e+38 60.651798248291 60.3550796508789 59.5477981567383 58.5553131103516 55.9597396850586 52.8662261962891 51.8022384643555 53.9968032836914 55.7015266418457 55.8656005859375 55.8495063781738 55.714282989502 55.4817733764648 55.1419296264648 54.7075958251953 53.8342399597168 50.9449195861816 49.0075950622559 45.3104209899902 42.392276763916 44.667308807373 45.287410736084 45.6586761474609 44.7048416137695 43.3949699401855 45.0207939147949 45.7299842834473 45.4741020202637 45.6533546447754 46.0189590454102 45.998420715332 45.6467819213867 45.3529434204102 45.2662582397461 45.4177398681641 45.4989395141602 45.7363090515137 46.0073127746582 46.2463836669922
-3.4e+38 -3.4e+38 -3.4e+38 -3.4e+38 -3.4e+38 -3.4e+38 -3.4e+38 -3.4e+38 61.2880325317383 61.0255317687988 60.2591133117676 59.4179840087891 58.454418182373 55.9521598815918 52.0365676879883 52.7772941589355 55.0984497070312 55.9338798522949 55.8855590820312 55.7390060424805 55.6315689086914 55.3718872070312 54.9354019165039 54.052604675293 52.2208480834961 50.5900764465332 48.7692680358887 45.2188606262207 44.1021881103516 45.71484375 46.6510696411133 46.2778167724609 46.1563720703125 46.4810028076172 45.7563400268555 45.7137298583984 45.5146903991699 45.7098350524902 45.7150230407715 45.3543128967285 44.9778518676758 45.1032257080078 45.253547668457 45.3001899719238 45.6450042724609 45.9271545410156 45.9480209350586
-3.4e+38 -3.4e+38 -3.4e+38 -3.4e+38 -3.4e+38 -3.4e+38 -3.4e+38 -3.4e+38 61.929573059082 61.6416473388672 60.7824020385742 58.8473739624023 56.4904823303223 57.2754859924316 54.699291229248 50.7625465393066 51.9436225891113 53.6182403564453 55.6100044250488 55.3938789367676 55.6499404907227 55.4925727844238 54.8623962402344 54.4649658203125 53.321361541748 52.2204704284668 51.4073028564453 48.4352378845215 46.1476173400879 45.5504951477051 46.9826622009277 46.5707893371582 46.9253425598145 47.0345344543457 46.5579261779785 45.9765281677246 45.668872833252 45.6561698913574 45.4084396362305 44.9976844787598 44.7567863464355 45.0251350402832 45.1381607055664 44.8224105834961 44.9415168762207 45.314640045166 45.5708389282227
-3.4e+38 -3.4e+38 -3.4e+38 -3.4e+38 -3.4e+38 -3.4e+38 -3.4e+38 -3.4e+38 62.549072265625 62.3550491333008 61.3318023681641 59.3190116882324 57.1817588806152 56.2382507324219 56.701358795166 55.0607833862305 53.1988296508789 53.0521049499512 54.7391510009766 51.4547691345215 52.849925994873 54.3428153991699 54.7866821289062 54.3962669372559 54.3731727600098 53.4868049621582 52.5083389282227 50.808837890625 47.6376991271973 47.2644577026367 47.7020530700684 46.9252166748047 47.2453689575195 47.0231094360352 46.7351417541504 46.3532905578613 46.0121231079102 45.746768951416 45.5416870117188 45.142993927002 44.6023597717285 44.7844505310059 44.9141731262207 44.3459968566895 43.9136047363281 44.3887939453125 45.0903167724609
-3.4e+38 -3.4e+38 -3.4e+38 -3.4e+38 -3.4e+38 -3.4e+38 -3.4e+38 -3.4e+38 -3.4e+38 62.9908256530762 62.8242721557617 61.5099754333496 58.0344161987305 55.3505592346191 56.8235397338867 57.2804527282715 56.6733055114746 55.1802597045898 54.7508811950684 53.2515182495117 50.0647926330566 52.3164939880371 52.9667053222656 53.7731018066406 53.9921913146973 53.775707244873 53.3102149963379 52.473560333252 50.5666923522949 48.0754356384277 48.5512351989746 47.5648307800293 47.874439239502 47.8174591064453 47.4901695251465 47.3707122802734 46.8042449951172 46.3873634338379 46.1740455627441 45.3701324462891 44.4792976379395 44.2940864562988 44.6261901855469 44.2146644592285 43.8810043334961 44.4612731933594 44.8244819641113
-3.4e+38 -3.4e+38 -3.4e+38 -3.4e+38 -3.4e+38 -3.4e+38 -3.4e+38 -3.4e+38 -3.4e+38 64.3213577270508 64.4041595458984 63.4294090270996 60.865535736084 57.0903434753418 54.4985809326172 57.8520469665527 58.2039794921875 57.8405418395996 57.4811592102051 56.4637565612793 54.3227081298828 49.8812294006348 51.2714004516602 53.3656921386719 54.1199378967285 53.6114120483398 53.6560134887695 53.4994621276855 52.7303810119629 49.9975929260254 49.7168807983398 48.5706825256348 48.669506072998 48.552734375 48.4634475708008 48.2213020324707 47.6831398010254 47.1482124328613 46.6514625549316 46.146125793457 44.2853927612305 43.8112258911133 44.2828063964844 44.3318328857422 44.5260353088379 44.948055267334 44.8128051757812
-3.4e+38 -3.4e+38 -3.4e+38 -3.4e+38 -3.4e+38 -3.4e+38 -3.4e+38 -3.4e+38 -3.4e+38 -3.4e+38 -3.4e+38 63.6342926025391 63.6234474182129 61.0946273803711 57.7840194702148 57.958438873291 59.5307083129883 59.1639251708984 59.4302101135254 59.8740882873535 57.4517211914062 54.7005081176758 53.0525856018066 52.8308448791504 54.098747253418 54.0438003540039 54.0498657226562 54.0355072021484 53.7709159851074 52.9574584960938 51.6685829162598 50.695930480957 49.7748069763184 49.583683013916 49.2319030761719 48.6600646972656 47.9029808044434 47.0685768127441 46.4455146789551 45.8843536376953 44.3419723510742 43.796012878418 44.1588516235352 44.4384803771973 44.7417602539062 45.135570526123 45.1344566345215
-3.4e+38 -3.4e+38 -3.4e+38 -3.4e+38 -3.4e+38 -3.4e+38 -3.4e+38 -3.4e+38 -3.4e+38 -3.4e+38 -3.4e+38 -3.4e+38 65.4975662231445 64.6155700683594 62.5759048461914 61.0870513916016 60.9107666015625 60.9665107727051 61.3418197631836 61.2337760925293 60.7492027282715 59.5014266967773 58.5995330810547 57.4757461547852 55.1520004272461 54.8495292663574 54.689884185791 54.302619934082 54.3210334777832 54.6010475158691 53.3215179443359 52.1060066223145 51.473217010498 51.0343284606934 50.1128196716309 49.0871925354004 48.0410308837891 47.1765632629395 46.5824317932129 46.036865234375 46.099006652832 45.6335678100586 44.7952346801758 44.5579109191895 44.7821083068848 45.5856285095215 45.9877777099609
-3.4e+38 -3.4e+38 -3.4e+38 -3.4e+38 -3.4e+38 -3.4e+38 -3.4e+38 -3.4e+38 -3.4e+38 -3.4e+38 -3.4e+38 -3.4e+38 -3.4e+38 65.7458572387695 64.9455337524414 64.1747894287109 62.9069709777832 62.064868927002 61.7798385620117 61.6212310791016 61.8786849975586 61.7197303771973 60.4669189453125 59.500789642334 58.916259765625 55.5179786682129 54.430118560791 54.1130180358887 54.7583770751953 55.140510559082 54.6287994384766 53.7060089111328 52.8803634643555 51.9461708068848 51.0046081542969 50.1212921142578 48.3647537231445 46.6169204711914 46.8431015014648 46.575553894043 46.2815856933594 46.3715286254883 45.6394424438477 45.1569595336914 45.2283477783203 45.7088088989258 46.4439392089844
-3.4e+38 -3.4e+38 -3.4e+38 -3.4e+38 -3.4e+38 -3.4e+38 -3.4e+38 -3.4e+38 -3.4e+38 -3.4e+38 -3.4e+38 -3.4e+38 -3.4e+38 -3.4e+38 -3.4e+38 63.671875 62.7441062927246 62.2622032165527 -3.4e+38 -3.4e+38 62.8136215209961 62.7419242858887 61.361499786377 60.0640182495117 59.7240295410156 58.9974212646484 56.9914283752441 56.2194671630859 55.7778663635254 55.7155609130859 54.9628143310547 54.3570709228516 53.8540115356445 52.9841766357422 51.9864196777344 50.9898529052734 48.8310050964355 47.5046730041504 47.2380676269531 47.1175346374512 46.8942260742188 46.3584022521973 46.697151184082 46.4287147521973 46.4029273986816 46.1475791931152 46.3865242004395
-3.4e+38 -3.4e+38 -3.4e+38 -3.4e+38 -3.4e+38 -3.4e+38 -3.4e+38 -3.4e+38 -3.4e+38 -3.4e+38 -3.4e+38 -3.4e+38 -3.4e+38 -3.4e+38 -3.4e+38 -3.4e+38 -3.4e+38 -3.4e+38 -3.4e+38 -3.4e+38 -3.4e+38 63.470817565918 62.3510894775391 61.0289726257324 60.5113067626953 59.7029991149902 58.6261863708496 57.3972663879395 56.4861183166504 55.7824974060059 55.298267364502 54.9693946838379 54.613712310791 54.0878448486328 52.9561424255371 51.7589149475098 49.9131736755371 48.3644561767578 48.1598777770996 48.2898292541504 48.4018936157227 47.8093528747559 47.417049407959 47.6421127319336 47.8486213684082 47.770938873291 46.9812812805176
-3.4e+38 -3.4e+38 -3.4e+38 -3.4e+38 -3.4e+38 -3.4e+38 -3.4e+38 -3.4e+38 -3.4e+38 -3.4e+38 -3.4e+38 -3.4e+38 -3.4e+38 -3.4e+38 -3.4e+38 -3.4e+38 -3.4e+38 -3.4e+38 -3.4e+38 -3.4e+38 -3.4e+38 -3.4e+38 62.3829765319824 61.5672721862793 60.5141143798828 59.5582542419434 58.5926361083984 57.5144500732422 56.6042213439941 56.842472076416 56.6443939208984 55.7151336669922 55.0047760009766 54.2875213623047 53.6153259277344 53.0088920593262 51.8549003601074 50.5860443115234 49.0137023925781 49.0361976623535 49.1155204772949 48.8683395385742 48.2919578552246 48.1586532592773 48.4036026000977 48.5514259338379 48.1817626953125
-3.4e+38 -3.4e+38 -3.4e+38 -3.4e+38 -3.4e+38 -3.4e+38 -3.4e+38 -3.4e+38 -3.4e+38 -3.4e+38 -3.4e+38 -3.4e+38 -3.4e+38 -3.4e+38 -3.4e+38 -3.4e+38 -3.4e+38 -3.4e+38 -3.4e+38 -3.4e+38 -3.4e+38 -3.4e+38 62.3822975158691 61.6034202575684 60.6426963806152 60.0444488525391 59.0551948547363 58.140567779541 57.3904647827148 56.2068099975586 55.6382942199707 55.177661895752 54.8543319702148 54.4694290161133 54.1550941467285 53.7983131408691 52.9414253234863 51.958137512207 50.7787399291992 50.0320167541504 49.9607315063477 49.5465507507324 49.0125045776367 48.9143486022949 48.985969543457 49.1009979248047 48.9996910095215
-3.4e+38 -3.4e+38 -3.4e+38 -3.4e+38 -3.4e+38 -3.4e+38 -3.4e+38 -3.4e+38 -3.4e+38 -3.4e+38 -3.4e+38 -3.4e+38 -3.4e+38 -3.4e+38 -3.4e+38 -3.4e+38 -3.4e+38 -3.4e+38 -3.4e+38 -3.4e+38 -3.4e+38 -3.4e+38 61.7820129394531 61.3334732055664 60.6349716186523 60.109016418457 59.2851142883301 58.7438278198242 58.432315826416 55.3013343811035 53.5656242370605 53.9984245300293 54.3412704467773 54.4547424316406 54.4222030639648 54.2016639709473 53.5211563110352 52.7412948608398 52.0253982543945 50.9801559448242 50.5018424987793 50.1112442016602 49.8064994812012 49.8004989624023 49.6397399902344 49.4548454284668 49.2940101623535
-3.4e+38 -3.4e+38 -3.4e+38 -3.4e+38 -3.4e+38 -3.4e+38 -3.4e+38 -3.4e+38 -3.4e+38 -3.4e+38 -3.4e+38 -3.4e+38 -3.4e+38 -3.4e+38 -3.4e+38 -3.4e+38 -3.4e+38 -3.4e+38 -3.4e+38 -3.4e+38 -3.4e+38 -3.4e+38 60.9983558654785 61.0618171691895 61.0815963745117 60.478214263916 59.8005752563477 59.0503997802734 58.8804054260254 57.2990570068359 54.2969703674316 53.266658782959 53.6209602355957 54.3130226135254 54.6141014099121 54.5736541748047 54.1973838806152 53.600269317627 52.7430458068848 51.9259605407715 51.6193656921387 51.4286842346191 50.640796661377 50.2904014587402 50.1667060852051 50.1248054504395 50.1212921142578
-3.4e+38 -3.4e+38 -3.4e+38 -3.4e+38 -3.4e+38 -3.4e+38 -3.4e+38 -3.4e+38 -3.4e+38 -3.4e+38 -3.4e+38 -3.4e+38 -3.4e+38 -3.4e+38 -3.4e+38 -3.4e+38 -3.4e+38 -3.4e+38 -3.4e+38 -3.4e+38 -3.4e+38 -3.4e+38 60.3977584838867 60.5048675537109 60.9733543395996 60.8098449707031 59.8829193115234 59.261905670166 58.7178802490234 58.7662696838379 55.6323928833008 53.8357467651367 52.7938423156738 53.532543182373 54.2952766418457 54.5933113098145 54.5456504821777 54.1765747070312 53.3244323730469 52.7754783630371 52.3644142150879 51.8994026184082 51.3719482421875 50.854923248291 50.8805770874023 50.7864303588867 50.8490562438965
-3.4e+38 -3.4e+38 -3.4e+38 -3.4e+38 -3.4e+38 -3.4e+38 -3.4e+38 -3.4e+38 -3.4e+38 -3.4e+38 -3.4e+38 -3.4e+38 -3.4e+38 -3.4e+38 -3.4e+38 -3.4e+38 -3.4e+38 -3.4e+38 -3.4e+38 65.4694366455078 -3.4e+38 62.4444427490234 60.9933624267578 59.8686943054199 59.9483757019043 60.1124153137207 59.8112373352051 59.4417533874512 59.0986099243164 59.0581016540527 58.8079566955566 56.5228576660156 54.0668563842773 53.2548789978027 53.315299987793 53.9741325378418 54.2751998901367 54.0474128723145 53.7073287963867 52.8894119262695 52.161449432373 52.1556091308594 51.9436073303223 51.6401710510254 51.7044792175293 51.6617240905762 51.4927291870117
-3.4e+38 -3.4e+38 -3.4e+38 -3.4e+38 -3.4e+38 -3.4e+38 -3.4e+38 -3.4e+38 -3.4e+38 -3.4e+38 -3.4e+38 -3.4e+38 -3.4e+38 -3.4e+38 -3.4e+38 -3.4e+38 -3.4e+38 -3.4e+38 67.3553771972656 65.5932159423828 62.8422889709473 61.5352096557617 60.9277076721191 59.8836822509766 59.2046051025391 59.2848167419434 59.5102615356445 59.4722099304199 59.4573593139648 59.2407875061035 59.2639350891113 58.8215484619141 56.8492660522461 54.5889015197754 53.0493316650391 53.0216484069824 53.9117202758789 54.1578216552734 53.3972930908203 52.6692085266113 51.5241737365723 51.4059677124023 51.6880989074707 51.5786590576172 51.7818222045898 51.8049774169922 51.6979522705078
-3.4e+38 -3.4e+38 -3.4e+38 -3.4e+38 -3.4e+38 -3.4e+38 -3.4e+38 -3.4e+38 -3.4e+38 -3.4e+38 -3.4e+38 -3.4e+38 -3.4e+38 -3.4e+38 -3.4e+38 -3.4e+38 -3.4e+38 -3.4e+38 67.6974182128906 65.60791015625 62.9486198425293 61.7565536499023 60.9154663085938 59.9397964477539 58.8523139953613 59.0213508605957 58.2518768310547 58.7793998718262 58.5283660888672 58.9658699035645 59.6593589782715 59.9278526306152 58.9653854370117 57.0010643005371 55.1269302368164 54.2105598449707 53.9375419616699 54.0421905517578 53.7670822143555 53.2834320068359 52.4904899597168 51.8251876831055 51.8241729736328 51.4252815246582 51.462574005127 51.8008460998535 51.9790878295898
-3.4e+38 -3.4e+38 -3.4e+38 -3.4e+38 -3.4e+38 -3.4e+38 -3.4e+38 -3.4e+38 -3.4e+38 -3.4e+38 -3.4e+38 -3.4e+38 -3.4e+38 -3.4e+38 -3.4e+38 -3.4e+38 -3.4e+38 -3.4e+38 -3.4e+38 65.5060272216797 62.8100624084473 60.4275703430176 59.6790199279785 59.4326820373535 59.5703353881836 59.2158584594727 57.2934494018555 55.6695938110352 56.5900764465332 58.2275352478027 59.4509048461914 60.2954978942871 60.4680519104004 59.2704772949219 57.5872650146484 56.09326171875 54.7292175292969 54.0083961486816 54.0030212402344 53.9592170715332 53.7838020324707 53.2962951660156 52.6682548522949 52.0178108215332 51.7115592956543 51.6932563781738 51.9017105102539
-3.4e+38 -3.4e+38 -3.4e+38 -3.4e+38 -3.4e+38 -3.4e+38 -3.4e+38 -3.4e+38 -3.4e+38 -3.4e+38 -3.4e+38 -3.4e+38 -3.4e+38 -3.4e+38 -3.4e+38 -3.4e+38 -3.4e+38 -3.4e+38 -3.4e+38 65.5000991821289 63.2269287109375 60.3012046813965 59.4542503356934 59.5242729187012 59.2473449707031 59.7794532775879 58.8707504272461 57.2904090881348 55.5891876220703 56.2480201721191 58.4507484436035 59.4719200134277 60.2490577697754 59.9881401062012 58.8404273986816 57.7979736328125 56.0967826843262 54.7264785766602 54.734016418457 54.7916412353516 54.6844100952148 53.9237632751465 53.4315452575684 53.0653991699219 52.2311172485352 51.9313011169434 51.8810615539551
