examples/night_lizards/data/train-rasters-2.5m/bclim8.asc
NCOLS 322 
NROWS 151 
XLLCORNER -122.75 
YLLCORNER 31.9166666666667 
CELLSIZE 0.0416666666666677 
NODATA_value -3.4e+38 
[rows 63 to 83 of 151, columns 188 to 234 of 322]
9.3353328704834 9.27866649627686 10.2293329238892 11.9980001449585 13.1193332672119 13.8486671447754 13.6513338088989 12.7506666183472 11.0946664810181 8.47200012207031 8.37533283233643 9.35799980163574 9.56666660308838 9.44999980926514 9.33199977874756 8.75 25.2066669464111 23.7199993133545 26.4346656799316 9.21399974822998 9.29733371734619 9.11600017547607 9.03933334350586 28.4486656188965 28.3740005493164 27.9853324890137 26.3013343811035 24.3680000305176 21.953332901001 20.8379993438721 21.2613334655762 22.3360004425049 22.9633331298828 23.6133346557617 23.9893341064453 23.6886672973633 22.4340000152588 21.7806663513184 21.71266746521 21.521333694458 21.4026660919189 21.441333770752 21.6606674194336 21.7280006408691 20.8393325805664 18.7299995422363 19.1673336029053
9.0339994430542 9.48400020599365 11.2253332138062 12.2220001220703 13.3553333282471 13.9126672744751 13.6706666946411 13.010666847229 11.7620000839233 9.68400001525879 8.97599983215332 9.39599990844727 9.42933368682861 9.23133373260498 9.01866626739502 8.58199977874756 24.724666595459 22.1059989929199 25.1986656188965 8.76733303070068 9.06533336639404 9.01200008392334 8.93000030517578 28.2146682739258 28.1146659851074 28.0373344421387 27.7493343353271 26.4360008239746 22.771333694458 20.8746662139893 21.8613338470459 23.2346668243408 23.7360000610352 23.6453342437744 23.3819999694824 22.8353328704834 22.0813331604004 21.7806663513184 21.441333770752 21.2333335876465 21.2060012817383 21.3946666717529 21.7593326568604 21.8420009613037 21.6300010681152 20.3033332824707 19.6180000305176
9.21533298492432 10.1366662979126 11.5633335113525 12.6293334960938 13.3686666488647 13.764666557312 13.6253337860107 13.3906669616699 12.3660001754761 10.3013334274292 9.24266624450684 9.28333377838135 9.34666633605957 9.16133308410645 8.83399963378906 8.09000015258789 24.3519992828369 22.3866653442383 24.2239990234375 26.25 27.5146675109863 28.0766677856445 28.1746654510498 8.86200046539307 27.9753341674805 27.8126659393311 27.6626663208008 26.8153343200684 23.5646667480469 22.7846660614014 23.5893325805664 24.1186676025391 24.1793327331543 23.9253330230713 23.2800006866455 22.0340003967285 21.7159996032715 21.4206657409668 21.2000007629395 20.8199996948242 20.9099998474121 21.0620002746582 21.6853332519531 21.8379993438721 21.8179988861084 21.5646667480469 19.8766670227051
9.84733390808105 10.2653331756592 11.4906663894653 12.4946670532227 13.2986669540405 13.7526664733887 13.6339998245239 13.4180002212524 12.7846670150757 11.2440004348755 9.77200031280518 9.39933300018311 9.29333400726318 9.05000019073486 8.77400016784668 8.16066646575928 25.2986679077148 23.8473320007324 22.7466659545898 23.6166667938232 25.7940006256104 27.2553329467773 27.753999710083 27.6893329620361 27.8826675415039 27.5846672058105 27.1346664428711 26.8613319396973 25.2299995422363 23.7486667633057 24.4246673583984 24.2339992523193 23.9220008850098 23.5993328094482 23.2700004577637 22.2633323669434 21.2213325500488 20.8439998626709 20.8813323974609 20.8966674804688 20.8913326263428 20.8706665039062 21.2553329467773 21.5066661834717 21.5993347167969 21.6020011901855 20.8833332061768
10.3559999465942 10.6160001754761 11.0593338012695 11.7133331298828 12.7806663513184 13.550666809082 13.8366661071777 13.510666847229 13.03600025177 12.3946666717529 11.2426671981812 9.80200004577637 9.0446662902832 8.68866634368896 8.77266693115234 8.63666725158691 8.37933349609375 7.90533351898193 22.8619995117188 23.3959999084473 25.0573329925537 26.4506664276123 8.70133304595947 26.9853324890137 27.5526657104492 27.0806674957275 25.8253326416016 25.8279991149902 25.7813339233398 24.236665725708 24.4133338928223 23.3926677703857 23.1019992828369 22.7746658325195 22.439998626709 21.5599994659424 20.4366664886475 20.2626667022705 20.461332321167 20.7740001678467 21.0013332366943 21.0699996948242 20.7726669311523 20.8586654663086 21.0713329315186 21.2706661224365 21.3286666870117
10.6526670455933 10.7466669082642 10.5980005264282 10.7866668701172 11.7200002670288 12.7086668014526 13.5233335494995 13.8826665878296 13.3706665039062 12.7786664962769 11.7340002059937 10.0766668319702 8.70466709136963 8.31599998474121 8.74666690826416 8.9060001373291 8.84933280944824 8.53400039672852 24.8886661529541 23.3393325805664 25.3446655273438 26.3379993438721 8.5533332824707 27.3120002746582 27.2059993743896 26.6033325195312 25.1986656188965 24.0240001678467 25.0606670379639 25.4946670532227 24.5106658935547 23 22.2000007629395 21.7586669921875 21.0480003356934 20.1626663208008 20.228666305542 20.6093330383301 20.6720008850098 20.9606666564941 20.8713340759277 21.0646667480469 20.8973331451416 20.2719993591309 20.3680000305176 20.5673332214355 21.0053329467773
10.9186668395996 10.7779998779297 10.3933334350586 9.88000011444092 10.1266670227051 11.2946662902832 12.2740001678467 13.808666229248 13.4913339614868 12.8280000686646 11.8293333053589 10.2773332595825 8.4806661605835 8.94333362579346 9.60599994659424 9.55533409118652 9.34866619110107 9.08800029754639 8.13933372497559 24.0779991149902 7.98066711425781 8.40133380889893 8.52999973297119 8.52666664123535 26.8953342437744 26.4099998474121 25.2446670532227 23.1860008239746 24.1319999694824 25.1466655731201 25.0480003356934 23.4839992523193 21.7046661376953 20.8500003814697 20.8600006103516 20.7346668243408 20.7526664733887 20.8740005493164 20.6626663208008 20.8540000915527 20.8113327026367 20.9933338165283 20.7613334655762 19.8073329925537 20.0020008087158 20.3839988708496 21.1426658630371
11.2013330459595 10.8286666870117 10.2200002670288 9.28200054168701 8.85866641998291 10.4460000991821 12.0393333435059 13.6640005111694 13.7159996032715 13.1053333282471 12.1026668548584 10.3806667327881 8.53800010681152 9.51800060272217 10.0520000457764 9.93466663360596 9.77533340454102 9.59533309936523 8.88000011444092 24.691333770752 8.04533290863037 8.63333320617676 8.57133293151855 8.38999938964844 26.5573329925537 26.2313327789307 25.3406658172607 23.5226669311523 24.1459999084473 24.9566669464111 25.3066673278809 24.720666885376 23.6380004882812 21.275333404541 21.2413330078125 21.3626670837402 20.9853324890137 20.7306671142578 20.525333404541 20.6000003814697 20.8793334960938 20.9026660919189 20.7266674041748 20.0520000457764 19.8073329925537 20.4273338317871 21.1433334350586
11.442666053772 11.050666809082 10.4626665115356 9.59799957275391 9.6986665725708 11.0900001525879 12.5906667709351 13.9173336029053 14.0133333206177 13.4113330841064 12.3233327865601 10.8486661911011 9.37133312225342 9.86733341217041 10.2340002059937 10.2593336105347 10.1899995803833 10.1300001144409 9.67199993133545 8.47000026702881 8.69799995422363 8.80666637420654 8.46266651153564 8.20600032806396 25.9540004730225 25.71266746521 25.3400001525879 24.3613338470459 24.7353324890137 24.9179992675781 25.5446662902832 25.1759986877441 23.9720001220703 21.7900009155273 22.1700000762939 22.1580009460449 21.6399993896484 21.3966674804688 20.9973335266113 20.7913341522217 20.9213333129883 20.7226657867432 20.3999996185303 19.6506671905518 19.8013324737549 20.0520000457764 20.7826671600342
11.6633338928223 11.4053335189819 10.966667175293 10.6719999313354 11.1026668548584 11.9513339996338 13.1333332061768 14.0786666870117 14.3520002365112 13.7113332748413 12.720666885376 11.6046667098999 10.1440000534058 9.83866691589355 10.2873334884644 10.5173330307007 10.5433330535889 10.6040000915527 10.2980003356934 9.16199970245361 9.17266654968262 8.70266628265381 8.1366662979126 25.0686664581299 24.5219993591309 24.4433326721191 24.5126667022705 24.7479991912842 25.2980003356934 25.6019992828369 25.7606658935547 25.6240005493164 23.8759994506836 22.753999710083 22.6979999542236 22.5646667480469 21.9393329620361 21.8759994506836 21.5939998626709 20.7253341674805 20.5126667022705 20.8719997406006 20.4839992523193 19.8553333282471 19.7466659545898 19.5886669158936 20.2106666564941
11.7706670761108 11.6926670074463 11.3059997558594 11 11.5240001678467 12.4986667633057 13.7840003967285 14.3879995346069 14.4273328781128 13.739333152771 12.9146671295166 12.003999710083 10.7266664505005 9.73799991607666 10.2706670761108 10.7320003509521 10.8186664581299 10.8073329925537 10.703332901001 10.2593336105347 9.51799964904785 8.63000011444092 25.1879997253418 23.4486656188965 22.1893329620361 21.2660007476807 22.7813339233398 24.0353336334229 25.093334197998 26.0126667022705 26.4513339996338 25.8946666717529 25.5300006866455 24.2266674041748 22.8980007171631 22.5620002746582 21.5473327636719 21.8199996948242 21.8199996948242 21.2760009765625 20.8613338470459 21.1173324584961 20.9973335266113 20.4886665344238 19.8346672058105 19.6793327331543 19.8540000915527
11.8593330383301 11.9666662216187 11.7286672592163 11.6973333358765 12.6093330383301 13.6199998855591 14.5433330535889 14.5806665420532 14.2293338775635 13.6180000305176 12.9046669006348 12.1120004653931 11.1513328552246 9.33266639709473 10.1719999313354 11.0046672821045 11.1219997406006 11.0573329925537 10.9446668624878 10.466667175293 9.42066669464111 8.67333316802979 25.0126667022705 22.5946674346924 19.4599990844727 19.7553329467773 22.0573329925537 23.8206672668457 25.1013336181641 26.2253322601318 26.8613338470459 26.2233333587646 24.8753337860107 24.3239994049072 23.2233333587646 22.453332901001 21.7053337097168 21.8713340759277 22.1873321533203 21.8133335113525 21.5820007324219 21.4026660919189 21.2473335266113 20.67799949646 19.8699989318848 19.7740001678467 19.7273330688477
11.7773332595825 12.2053337097168 12.1793336868286 11.949333190918 12.8959999084473 14.1006669998169 14.5633335113525 14.4653329849243 14.228666305542 13.7153329849243 12.8353328704834 11.7953338623047 11.0900001525879 9.84000015258789 10.1040000915527 11.2199993133545 11.3926668167114 11.3293333053589 11.2160005569458 10.8660001754761 10.2519998550415 26.0400009155273 24.5439987182617 22.3479995727539 19.0393333435059 20.0033340454102 22.4986667633057 24.3439998626709 25.5579986572266 26.6133327484131 26.9833335876465 25.7393341064453 24.2299995422363 23.2933330535889 22.9033336639404 23.0480003356934 22.5246658325195 22.5020008087158 22.3306674957275 21.8553333282471 21.4933338165283 21.3146667480469 21.2840003967285 20.9540004730225 20.2373332977295 20.0306663513184 19.5126667022705
11.6726665496826 12.3433332443237 12.5466661453247 12.0193338394165 12.4419994354248 14.2273330688477 14.4940004348755 14.3360004425049 14.3446664810181 14.0240001678467 13.3120002746582 12.3299999237061 11.5740003585815 10.0993328094482 10.5220003128052 11.3053331375122 11.5626668930054 11.5093336105347 11.3526668548584 11.1026668548584 10.6266670227051 9.26333332061768 24.2373332977295 23.0893325805664 20.4806671142578 21.1580009460449 23.2000007629395 24.720666885376 26.076000213623 27.1293334960938 26.9400005340576 24.9806671142578 23.8799991607666 23.808666229248 24.1166667938232 24.1893329620361 23.5166664123535 23.1560001373291 21.8426666259766 21.6326656341553 21.3773326873779 21.0526676177979 20.9540004730225 20.8686656951904 20.466667175293 19.9253330230713 18.9226665496826
12.1586666107178 12.6099996566772 12.9253330230713 12.7360000610352 13.5713329315186 14.4186668395996 14.4180002212524 14.3026666641235 14.4286661148071 14.2720003128052 13.724666595459 13.1413335800171 12.0786666870117 10.2019996643066 10.1440000534058 11.3059997558594 11.7133331298828 11.6759996414185 11.4573335647583 11.2253332138062 10.6920003890991 9.18266677856445 23.4020004272461 21.0126667022705 21.0033340454102 21.9966659545898 23.6433334350586 25.2866668701172 26.2913341522217 27.3059997558594 27.292667388916 26.4933338165283 26.2019996643066 25.1126670837402 24.0433330535889 24.0299987792969 23.4479999542236 22.6106662750244 21.4733333587646 20.5786666870117 20.949333190918 20.8353328704834 20.4006671905518 20.6113338470459 20.3866672515869 19.7946662902832 18.5653343200684
12.5106658935547 12.8626670837402 13.1920003890991 13.474666595459 14.293999671936 14.529333114624 14.3413333892822 14.1713333129883 14.3733329772949 14.3280000686646 14.0419998168945 13.6253337860107 12.8433332443237 11.2133331298828 10.3213329315186 10.6519994735718 11.3313331604004 11.8940000534058 11.6106662750244 11.304666519165 10.8100004196167 27.1480007171631 24.6306667327881 22.3193340301514 21.4440002441406 22.2119998931885 23.9926662445068 25.7506675720215 27.0073337554932 27.8420009613037 28.1879997253418 27.8206672668457 25.8733329772949 23.9633331298828 22.7840003967285 23.3153343200684 23.3420009613037 22.2193336486816 20.576000213623 19.9253330230713 20.203332901001 20.517333984375 20.2746658325195 20.1373329162598 20.2479991912842 19.3780002593994 18.6060009002686
12.2200002670288 12.5353336334229 13.1693334579468 13.7373342514038 14.2700004577637 14.4333333969116 14.4946670532227 14.1940002441406 14.2839994430542 14.3639993667603 14.220666885376 13.9039993286133 13.326000213623 12.2880001068115 11.7200002670288 11.0933332443237 10.6373329162598 11.9846668243408 11.8626670837402 29.703332901001 10.953332901001 27.6053333282471 25.6299991607666 24.6393337249756 21.8266658782959 21.6586666107178 22.2453346252441 24.4300003051758 26.2940006256104 27.707332611084 28.7299995422363 28.3500003814697 26.445333480835 24.0819988250732 22.0960006713867 22.7719993591309 23.2473335266113 22.7493324279785 22.0273323059082 21.275333404541 20.5839996337891 20.1306667327881 20.2859992980957 20.5093326568604 20.3419990539551 19.2006664276123 18.478666305542
11.8999996185303 12.2200002670288 12.9440002441406 13.3273334503174 13.5013332366943 14.243332862854 14.6113338470459 14.4686670303345 14.2686672210693 14.2826671600342 14.1586666107178 13.9833335876465 13.6966667175293 13.275333404541 12.8753328323364 11.9799995422363 11.4119997024536 11.9713335037231 12.2406673431396 11.6940002441406 11.2313327789307 28.7293319702148 27.7213344573975 25.7006664276123 23.7093334197998 21.207332611084 22.5593338012695 24.4886665344238 26.517333984375 27.6180000305176 28.9519996643066 28.5273323059082 26.9619998931885 24.9146671295166 22.3886661529541 22.4759998321533 23.4346675872803 23.8966655731201 23.3239994049072 22.5286674499512 21.4160003662109 21.2519989013672 21.5480003356934 21.0186672210693 20.3980007171631 19.3953342437744 18.8346672058105
12.3739995956421 12.4399995803833 12.5266666412354 12.6033334732056 12.3753337860107 13.8319997787476 14.3780002593994 14.5613327026367 14.4006662368774 14.1319999694824 14.0666666030884 14.0726671218872 13.8900003433228 13.7473335266113 13.5866670608521 13.1626663208008 12.8940000534058 12.8013334274292 12.5620002746582 12.0053329467773 11.4793329238892 10.9686670303345 28.3473339080811 27.1673316955566 24.6940002441406 22.1966667175293 22.9553337097168 24.6259994506836 26.8859996795654 28.1553325653076 29.0913333892822 11.3059997558594 28.0353336334229 26.291332244873 24.2573337554932 22.5979995727539 23.6499996185303 24.3146667480469 23.9379997253418 23.5979995727539 23.5580005645752 23.5839996337891 22.3039989471436 20.8420009613037 20.3093338012695 19.9020004272461 19.3373336791992
12.6173334121704 12.5346670150757 12.4860000610352 12.6773328781128 13 13.6946668624878 14.1506671905518 14.4739999771118 14.6213331222534 14.3606662750244 14.1346673965454 14.1866664886475 14.1053333282471 13.9726667404175 13.8433332443237 13.5380001068115 13.3020000457764 13.0193328857422 12.5913333892822 12.1599998474121 11.7066669464111 11.1853332519531 28.7299995422363 27.7233333587646 25.1786670684814 22.32200050354 22.8926658630371 25.0066680908203 27.0146675109863 28.3379993438721 11.326000213623 11.5786666870117 28.7766666412354 27.4839992523193 25.4733333587646 23.343334197998 23.2746677398682 23.9986667633057 24.6860008239746 24.8746662139893 24.8279991149902 24.0520000457764 22.7113342285156 21.5279998779297 20.5826663970947 20.220666885376 19.7333335876465
12.5306663513184 12.4253339767456 12.4093332290649 12.6719999313354 12.7106666564941 13.239333152771 13.7746667861938 14.2093334197998 14.4540004730225 14.5413331985474 14.5046663284302 14.3359994888306 14.1586666107178 13.9526672363281 13.7526664733887 13.5593328475952 13.2813329696655 12.9573335647583 12.6579999923706 12.3226661682129 11.8973331451416 29.7066669464111 29.0893325805664 28.2226657867432 27.1639995574951 24.9346656799316 24.009334564209 25.9566650390625 27.3920001983643 28.492000579834 11.3013334274292 11.7360000610352 29.5553340911865 28.5900001525879 27.2546653747559 25.0793323516846 24.1226654052734 23.9773330688477 24.5360012054443 25.220666885376 24.8999996185303 23.5606670379639 22.7700004577637 21.7026672363281 20.9733333587646 20.6340007781982 20.5093326568604
