examples/night_lizards/data/train-rasters-2.5m/bclim8.asc
NCOLS 322 
NROWS 151 
XLLCORNER -122.75 
YLLCORNER 31.9166666666667 
CELLSIZE 0.0416666666666677 
NODATA_value -3.4e+38 
[rows 42 to 62 of 151, columns 94 to 140 of 322]
6.5533332824707 6.01266670227051 3.7206666469574 1.51333343982697 -2.22866654396057 -3.94799995422363 -5.92933320999146 -6.41200017929077 -5.73066663742065 -4.06266689300537 -3.14933323860168 -4.96600008010864 -5.81400012969971 -5.31933307647705 -5.53800010681152 -5.3546667098999 -4.68866634368896 -1.3546667098999 4.40933322906494 7.41199970245361 7.57866668701172 7.65133333206177 7.6399998664856 7.68800020217896 6.8600001335144 2.66799998283386 1.95200002193451 4.65199995040894 5.22800016403198 5.61199998855591 6.66666650772095 9.21933364868164 11.3513336181641 11.7833337783813 10.4379997253418 5.97933340072632 3.21866655349731 5.80866670608521 4.84266662597656 6.37266683578491 4.85266637802124 5.43533325195312 9.15266609191895 12.1359996795654 13.6833333969116 14.768666267395 14.9973335266113
5.67733335494995 3.66133332252502 0.526666700839996 -1.22599995136261 -3.31799983978271 -5.31466674804688 -6.15933322906494 -6.17999982833862 -5.86133337020874 -4.48799991607666 -3.01333332061768 -3.69066667556763 -4.47599983215332 -4.70133352279663 -4.8386664390564 -4.85199975967407 -4.66000032424927 -2.18599987030029 1.92399990558624 7.31266689300537 7.77733325958252 7.77000045776367 7.7093334197998 7.53066682815552 6.92066669464111 4.18599987030029 3.07333326339722 5.07466697692871 5.64000034332275 6.17799997329712 6.989333152771 9.31733322143555 11.9980001449585 12.1066665649414 11.804666519165 9.81333351135254 7.05866670608521 4.45666694641113 2.61399984359741 3.19666647911072 5.15666675567627 5.17466688156128 7.52266693115234 10.3280000686646 12.9693336486816 14.7466669082642 15.1266660690308
7.18933343887329 5.36466646194458 2.68199992179871 -1.22466671466827 -3.22533345222473 -4.14733362197876 -3.75799989700317 -3.48533320426941 -4.94066667556763 -4.15199995040894 -2.39266657829285 -3.26533341407776 -4.29533338546753 -4.57533359527588 -4.60400009155273 -4.52933311462402 -4.47133350372314 -3.01399993896484 0.740000009536743 7.18333339691162 7.82933330535889 7.7873330116272 7.41933298110962 6.83266687393188 6.38600015640259 6.21866655349731 5.84066677093506 5.44600009918213 5.31799983978271 5.739333152771 7.38533353805542 9.76599979400635 11.4280004501343 11.9846668243408 11.9413328170776 11.195333480835 9.42266654968262 6.52533340454102 3.13266658782959 3.59000015258789 4.77866649627686 4.47133350372314 4.82066631317139 7.66066646575928 11.5159997940063 14.2346668243408 15.0620002746582
5.3546667098999 3.19199991226196 1.30666673183441 -0.868000030517578 -2.90333342552185 -3.76733326911926 -2.73466682434082 -1.68999993801117 -2.72733330726624 -3.65866661071777 -2.11733341217041 -3.47199988365173 -4.5993332862854 -4.98466634750366 -4.37933301925659 -4.41266679763794 -4.30999994277954 -3.29333353042603 2.7206666469574 7.2979998588562 7.7039999961853 7.36800003051758 6.52066659927368 3.68666648864746 3.30466651916504 5.42866659164429 5.73000001907349 5.14466667175293 5.10133361816406 5.56466674804688 7.46933317184448 8.78733348846436 8.9486665725708 11.1813335418701 11.8286666870117 11.7419996261597 10.5633335113525 7.78799962997437 5.52799987792969 5.37933301925659 4.53600025177002 2.12800002098083 4.86066675186157 7.22266626358032 10.8920001983643 13.6059999465942 14.8933334350586
7.5993332862854 7.31533336639404 4.40000009536743 0.146000072360039 -1.40200006961823 -2.6933331489563 -1.95866656303406 -0.599999964237213 -1.53466665744781 -2.48599982261658 -1.08133339881897 -2.23600006103516 -3.03133320808411 -3.71133327484131 -4.18866682052612 -3.81933331489563 -4.25600004196167 -3.86399984359741 1.19466662406921 6.82999992370605 7.50066661834717 6.97200012207031 5.93733310699463 2.68666672706604 1.55866658687592 2.1933331489563 3.04399991035461 3.29533338546753 4.89666652679443 6.12933349609375 7.2446665763855 7.22533321380615 6.46733331680298 9.47666645050049 11.1686668395996 11.8246669769287 11.4906663894653 9.7140007019043 7.78200006484985 6.35200023651123 4.81533336639404 1.38199996948242 1.77466666698456 5.03466653823853 10.0206670761108 13.4053335189819 14.8906669616699
9.58599948883057 8.67333316802979 5.43066644668579 2.33333349227905 2.35799980163574 -0.594666659832001 -1.12133324146271 -0.219999954104424 -0.169333294034004 -0.426666647195816 -0.467333316802979 -0.0973332747817039 -1.43666672706604 -2.87599992752075 -3.42333316802979 -3.18799996376038 -3.52533340454102 -3.25266671180725 1.18066668510437 5.96600008010864 7.24600028991699 6.83533334732056 5.96199989318848 2.96599984169006 1.18466675281525 0.833999931812286 0.750666618347168 2.10533332824707 4.87733316421509 6.1933331489563 7.00799989700317 6.1986665725708 5.07333326339722 8.35933303833008 8.75933361053467 11.6513328552246 11.756667137146 9.33333301544189 9.20600032806396 5.72800016403198 3.51066660881042 1.00466680526733 1.21066665649414 5.16599988937378 9.64933395385742 12.9879999160767 14.6646671295166
9.93866634368896 8.87666702270508 6.55266666412354 5.72533321380615 3.7739999294281 -0.376666694879532 -1.55066668987274 -1.23333323001862 -0.120666660368443 0.43066668510437 0.351333230733871 0.954000055789948 -2.83200025558472 -3.43133330345154 -3.40933346748352 -3.46733331680298 -3.69266676902771 -3.32799983024597 -1.5753333568573 3.0699999332428 7.00133323669434 7.11600017547607 6.31599998474121 4.10933351516724 1.96600008010864 0.694000005722046 0.177999973297119 1.3160001039505 2.99866652488708 5.22533321380615 6.33866691589355 5.84800004959106 3.26866674423218 8.09333324432373 10.5279998779297 11.6700000762939 10.0846662521362 12.1280002593994 10.9753332138062 7.38066673278809 3.20133328437805 -0.124666690826416 1.55066657066345 6.19133329391479 9.31799983978271 12.8193330764771 14.6400003433228
10.1359996795654 9.50933361053467 7.55533313751221 5.5019998550415 4.80866670608521 3.04666662216187 0.589333295822144 -0.317333459854126 0.821999847888947 1.53400003910065 1.70133328437805 0.874000132083893 -2.73800015449524 -3.14999985694885 -3.30733323097229 -3.5220000743866 -3.49533319473267 -2.73133325576782 -1.5073333978653 2.83933329582214 6.91333341598511 7.07399988174438 4.28133344650269 5.21866655349731 3.37199974060059 2.87199997901917 1.9633332490921 1.86333334445953 3.75999999046326 4.60799980163574 4.41333341598511 3.70600008964539 1.81533324718475 6.46600008010864 10.0373334884644 11.8546667098999 12.6326665878296 12.8666667938232 12.3506669998169 8.58933353424072 3.16733336448669 0.328666597604752 0.913333356380463 5.41933345794678 8.83133316040039 12.3453330993652 14.2413330078125
10.6246662139893 8.47866630554199 5.24333333969116 3.43666672706604 2.92266654968262 1.23800003528595 -0.505333364009857 -0.813333332538605 0.574666678905487 1.37866675853729 0.432666629552841 -0.172666624188423 -1.49266672134399 -2.68400001525879 -2.78666663169861 -2.87066650390625 -2.15666651725769 -1.15866661071777 -1.7426666021347 2.23466682434082 7.1613335609436 7.59999990463257 6.12533330917358 6.07733345031738 6.07800006866455 6.0533332824707 5.78999996185303 3.6159999370575 3.80800008773804 2.93400001525879 3.30666661262512 2.84200000762939 1.28599989414215 5.58266639709473 9.48999977111816 9.52400016784668 12.4953336715698 12.9026660919189 12.4386672973633 9.05066680908203 4.67400026321411 0.856666564941406 1.02066659927368 5.31866645812988 7.33999967575073 11.8526659011841 13.6226663589478
9.98999977111816 8.78999996185303 7.90466642379761 5.77799987792969 4.68000030517578 1.37666666507721 -1.1433333158493 0.48866668343544 2.23399996757507 1.6706668138504 -1.22466659545898 -1.98199999332428 -1.88666677474976 -2.73799991607666 -2.08266663551331 -1.37266671657562 -0.257333189249039 -0.706666648387909 -1.51133334636688 2.00800013542175 7.29866695404053 8.50666618347168 8.11999988555908 7.40933322906494 7.13066673278809 7.91800022125244 7.66400003433228 4.81066656112671 4.65733337402344 3.84400010108948 2.48533320426941 2.64133334159851 2.01266670227051 4.85933351516724 9.15799999237061 11.1519994735718 12.1613330841064 12.8586664199829 12.6773338317871 10.4260005950928 5.90866661071777 1.71000015735626 1.24000012874603 5.05266666412354 8.01200008392334 10.8506669998169 13.2926664352417
10.0520000457764 9.30266666412354 7.67266654968262 6.80733346939087 4.28200006484985 0.594666659832001 0.902666568756104 2.47933340072632 3.41333317756653 1.63266670703888 -1.22666668891907 -2.23266673088074 -2.36066675186157 -2.03666663169861 -1.18066668510437 -0.0926667079329491 0.822000086307526 0.391333341598511 -0.406666606664658 0.523999989032745 5.92733335494995 8.27333354949951 8.66199970245361 8.28666687011719 7.90733337402344 8.91200065612793 7.42399978637695 6.33733367919922 6.15533351898193 5.23733329772949 3.03600001335144 2.90199995040894 4.2993335723877 5.62866687774658 8.38800048828125 8.92533302307129 9.7413330078125 12.6606664657593 12.6800003051758 8.04866600036621 4.3033332824707 2.64600014686584 3.17599987983704 5.35333347320557 7.52066659927368 9.89266681671143 12.5986671447754
9.49466705322266 8.34000015258789 6.27466678619385 4.43066692352295 2.510666847229 1.27133333683014 2.02666664123535 3.35000014305115 4.34333324432373 3.52133321762085 0.54066663980484 -2.39466667175293 -1.92599999904633 -0.659333288669586 0.455333381891251 1.19333338737488 1.14466655254364 0.433333307504654 0.0826667174696922 -0.166000053286552 2.57333326339722 7.66800022125244 8.53600025177002 7.83866691589355 7.71533346176147 8.38733291625977 8.7306661605835 7.90866708755493 6.89466667175293 6.93266677856445 3.8766667842865 4.00066661834717 4.67999982833862 5.84000015258789 8.04399967193604 8.17800045013428 9.27000045776367 12.4946660995483 12.7473335266113 9.89933300018311 5.35599994659424 4.25133323669434 6.02199983596802 7.80800008773804 8.74933338165283 9.73200035095215 11.7573337554932
10.2600002288818 8.96799945831299 8.02999973297119 6.51600027084351 4.27933359146118 2.48799991607666 1.2906665802002 2.86066675186157 4.72666692733765 2.60400009155273 0.102666698396206 -2.55599999427795 -2.73266673088074 -1.52666664123535 0.660000026226044 1.97000014781952 1.08199989795685 -0.261999994516373 -0.54666668176651 -0.0813333168625832 1.66533327102661 5.01733350753784 7.12066650390625 8.07933330535889 8.54199981689453 8.7993335723877 8.77266693115234 8.64866638183594 8.36800003051758 8.89400005340576 5.98933362960815 4.62799978256226 4.79733324050903 5.92933320999146 7.31866645812988 7.98533344268799 8.43400001525879 9.55200004577637 12.7013330459595 11.1979999542236 6.50600004196167 6.07466650009155 7.94866704940796 8.81066703796387 10.0646667480469 10.7106666564941 11.8086671829224
9.90933322906494 9.33733367919922 8.76000022888184 7.76333332061768 6.42999982833862 3.59666657447815 0.479333311319351 2.16466665267944 4.87800025939941 4.27266645431519 0.940666675567627 -1.10066664218903 -2.05866670608521 -0.728666603565216 0.584000051021576 2.44933342933655 1.08133327960968 0.188000038266182 -0.0619999580085278 1.02266669273376 2.45533323287964 5.62533330917358 8.10799980163574 8.44733333587646 8.68266677856445 8.76599979400635 8.62399959564209 8.61866664886475 8.51866626739502 7.99733352661133 7.29733324050903 5.92799997329712 5.30200004577637 6.68266677856445 8.56066703796387 8.34666633605957 8.65999984741211 8.51799964904785 9.94999980926514 12.0786666870117 8.27999973297119 6.99333333969116 7.95866680145264 8.00799942016602 7.95666646957397 8.2053337097168 9.47599983215332
10.025333404541 8.88999938964844 8.66266632080078 7.73266649246216 5.93266677856445 3.35999989509583 0.369999974966049 0.745999991893768 4.07266664505005 5.97399997711182 2.66733336448669 -0.691999971866608 -1.56200003623962 -0.629333436489105 1.85133337974548 2.44600009918213 2.3493332862854 1.24333333969116 1.3659999370575 1.88800001144409 3.50866675376892 5.9466667175293 8.12800025939941 8.78266620635986 8.92666721343994 8.90733337402344 8.6133337020874 8.58266639709473 8.65133285522461 8.44933319091797 8.7946662902832 7.9453330039978 7.01733350753784 6.69933319091797 8.88799953460693 10.7320003509521 11.2093334197998 8.57333374023438 9.92199993133545 12.0806665420532 10.8893327713013 9.18200016021729 8.49866676330566 9.02666664123535 9.86866664886475 9.96066665649414 9.85999965667725
9.8353328704834 8.96133327484131 7.90399980545044 6.82533311843872 5.3973331451416 2.91066670417786 1.2739999294281 2.65933346748352 5.36066675186157 5.97133350372314 3.95533323287964 0.751333236694336 -0.569999992847443 -0.22466666996479 1.19333338737488 3.76200008392334 2.86333346366882 3.72933316230774 3.5733335018158 2.50999999046326 3.71200013160706 5.23333311080933 9.2819995880127 8.59933280944824 8.75866603851318 8.68599987030029 8.50399971008301 8.44133377075195 8.49666690826416 8.55000019073486 8.08133316040039 8.99533367156982 7.87133312225342 8.17399978637695 8.30999946594238 11.3280000686646 11.4566669464111 8.67733383178711 8.76200008392334 10.5333337783813 11.941333770752 10.0133333206177 9.47333335876465 8.80866622924805 9.43866729736328 9.86333274841309 10.2073335647583
8.81400012969971 7.17666673660278 7.36600017547607 6.96733331680298 5.59400033950806 2.96733331680298 2.44600009918213 3.09800004959106 4.5533332824707 8.10999965667725 6.01800012588501 3.68466663360596 2.66266679763794 1.59733319282532 2.82866668701172 5.61733341217041 5.91200017929077 6.80933332443237 5.65333318710327 3.52133345603943 4.92199993133545 7.01266670227051 9.41733360290527 10.4073333740234 8.47333335876465 8.34733390808105 8.24600028991699 8.260666847229 8.34533309936523 8.39000034332275 8.28733348846436 9.45866680145264 9.07999992370605 8.10400009155273 9.05000019073486 11.5406665802002 11.565333366394 11.3573331832886 9.88666725158691 8.6899995803833 11.0640001296997 9.08066654205322 9.17599964141846 9.45600032806396 9.74866676330566 9.86400032043457 9.39866638183594
9.2993335723877 7.67066669464111 7.53333330154419 7.26733350753784 6.43199968338013 5.58733320236206 3.22399997711182 3.55266642570496 5.61533308029175 7.57266664505005 7.53466653823853 6.07066631317139 7.04666662216187 5.46466684341431 6.09333324432373 8.01599979400635 8.09266662597656 7.65533304214478 6.35200023651123 3.98466658592224 3.75 6.85133361816406 9.05666637420654 10.289999961853 10.4246664047241 8.16533374786377 8.1966667175293 8.30466651916504 8.44799995422363 8.4486665725708 8.34933376312256 8.18066692352295 8.4379997253418 8.65733337402344 9.35400009155273 11.4353332519531 11.5080003738403 11.6406669616699 8.70199966430664 8.11933326721191 8.22133350372314 9.14599990844727 8.83533382415771 8.84866714477539 9.11866664886475 9.03466701507568 8.04733371734619
8.7519998550415 7.56133317947388 7.84000015258789 7.29733324050903 6.25600004196167 3.88933324813843 3.19199991226196 4.41666650772095 6.65999984741211 7.87333345413208 7.80800008773804 9.01466655731201 9.1133337020874 9.07266712188721 8.66333293914795 8.25133323669434 6.10066652297974 3.1560001373291 4.21733331680298 4.7020001411438 4.46866655349731 6.53866672515869 8.53666687011719 10.1193332672119 10.3426666259766 8.25266647338867 8.30066680908203 8.36866664886475 8.44266700744629 8.40466690063477 8.67466640472412 8.78733348846436 8.91600036621094 9.17800045013428 11.546667098999 11.5126667022705 11.438666343689 11.5266666412354 9.12466621398926 7.87799978256226 8.00399971008301 9.29199981689453 8.64266681671143 8.72799968719482 7.76666688919067 7.98333358764648 9.50333309173584
8.75266647338867 7.84066677093506 7.97133302688599 6.63933324813843 5.39799976348877 3.60666656494141 3.7279999256134 5.42600011825562 8.71399974822998 7.24333333969116 7.73533344268799 7.70666646957397 7.30266666412354 9.04866695404053 7.92666673660278 6.6506667137146 3.60733318328857 2.25933337211609 2.56599998474121 3.53866672515869 6.09866666793823 6.41599988937378 8.72066688537598 10.1126670837402 10.3293333053589 8.47733306884766 8.66933345794678 8.71399974822998 8.59066677093506 8.38599967956543 8.64666652679443 8.7946662902832 8.88533306121826 9.01733303070068 9.27266693115234 11.5019998550415 11.4766664505005 11.5126667022705 8.03800010681152 6.36933326721191 8.22599983215332 8.58466720581055 9.29199981689453 8.27799987792969 8.50466632843018 8.21066665649414 6.40666675567627
8.83066654205322 7.99200010299683 8.38199996948242 7.05266666412354 5.37400007247925 4.91333341598511 6.34533309936523 8.49066638946533 8.93000030517578 6.46066665649414 6.16200017929077 5.52066659927368 4.90000009536743 6.6473331451416 8.37466621398926 6.22200012207031 3.36933326721191 2.84133338928223 4.36600017547607 5.73999977111816 6.81333351135254 8.29666614532471 9.36666679382324 9.96199989318848 10.300666809082 8.72733306884766 8.85999965667725 8.88533306121826 8.70333290100098 8.38333320617676 8.25066661834717 8.43333339691162 8.65399932861328 9.06333351135254 9.32666683197021 9.27799987792969 9.29399967193604 9.13866710662842 8.5853328704834 8.06400012969971 9.26866722106934 8.9466667175293 9.28400039672852 8.95800018310547 8.36266708374023 9.10666656494141 8.56133365631104
