examples/night_lizards/data/train-rasters-2.5m/bclim7.asc
NCOLS 322 
NROWS 151 
XLLCORNER -122.75 
YLLCORNER 31.9166666666667 
CELLSIZE 0.0416666666666677 
NODATA_value -3.4e+38 
[rows 63 to 83 of 151, columns 96 to 143 of 322]
33.1720008850098 30.7959995269775 31.0480003356934 32.4360008239746 32.2360000610352 33.1640014648438 32.576000213623 31.8599987030029 31.7280006408691 31.2760009765625 31.5120010375977 33.6599998474121 35.3360023498535 34.2239990234375 32.8079986572266 32.4119987487793 33.5439987182617 35.0439987182617 36.2560005187988 37.0919990539551 37.8999977111816 38.3839988708496 38.6319999694824 38.7360000610352 38.5879974365234 38.1879997253418 38.1679992675781 37.992000579834 37.8680000305176 37.7439994812012 38.7159996032715 40.044002532959 40.6160011291504 40.3959999084473 40.1359977722168 40.1080017089844 38.8439979553223 38.2080001831055 39.0960006713867 40.3240013122559 40.9880027770996 40.7279968261719 40.0279998779297 39.3319969177246 38.2520027160645 38.1199989318848 38.3519973754883 39.052001953125
31.7719993591309 32.0120010375977 31.492000579834 31.2799987792969 30.0799999237061 31.6639995574951 31.6079998016357 30.503999710083 30.1000003814697 30.568000793457 31.1000003814697 32.1599998474121 33.8119964599609 34.060001373291 33.3680000305176 33.6759986877441 34.5960006713867 36.3800010681152 37.4000015258789 37.9759979248047 38.2919998168945 37.2560005187988 37.015998840332 37.2160034179688 37.8159980773926 37.4400024414062 37.6559982299805 37.9640007019043 38.5559997558594 38.931999206543 39.5839996337891 40.2199974060059 40.1359977722168 39.6919975280762 39.8159980773926 40.2400016784668 40.1279983520508 39.8959999084473 39.8880004882812 40.2400016784668 40.044002532959 40.0279998779297 40.1559982299805 38.431999206543 36.6839981079102 37.2880020141602 37.4800033569336 37.5040016174316
33.8880004882812 31.976001739502 29.8559989929199 29.0719985961914 29.0240001678467 30.507999420166 30.6680011749268 30.0200004577637 29.5960006713867 30.3719997406006 31.3239994049072 31.7159996032715 32.976001739502 33.6920013427734 33.5120010375977 33.9800033569336 35.1720008850098 36.4560012817383 37.3680000305176 37.8680000305176 37.2600021362305 35.3160018920898 35.8320007324219 36.3800010681152 36.6279983520508 36.3040008544922 37.3640022277832 37.576000213623 37.423999786377 38.0199966430664 38.7999992370605 39.1159973144531 38.7799987792969 39.0560035705566 39.6359977722168 39.7960014343262 39.0639991760254 38.439998626709 39.5679969787598 39.3520011901855 38.3959999084473 38.9720001220703 39.4000015258789 38.8400001525879 37.9640007019043 37.8199996948242 38.3399963378906 38.7759971618652
33.7360000610352 32.7399978637695 30.492000579834 29.1280002593994 29.488000869751 31.4720001220703 31.511999130249 30.935998916626 30.4200000762939 30.4720001220703 30.5959987640381 31.3800010681152 33.2360000610352 33.7320022583008 33.6199989318848 33.8840026855469 34.947998046875 35.8720016479492 36.3400001525879 36.5880012512207 35.9079971313477 34.931999206543 35.0639991760254 37.3279991149902 37.576000213623 37.4560012817383 37.7360000610352 37.5279998779297 36.3240013122559 35.9880027770996 37.1080017089844 37.5719985961914 38.3600006103516 38.8720016479492 38.492000579834 38.5040016174316 37.976001739502 37.4759979248047 37.8000030517578 37.5200004577637 36.9720001220703 38.1840019226074 38.7200012207031 39.076000213623 38.8720016479492 38.7080001831055 39.0039978027344 39.4879989624023
35.2360000610352 33.8360023498535 31.7200012207031 30.7959995269775 30.8159999847412 31.6599998474121 31.3400001525879 31.2040004730225 31.5240001678467 31.0839996337891 30.1599998474121 31.1040000915527 33.8120002746582 34.0999984741211 33.7080001831055 33.8959999084473 34.5720024108887 35.5639991760254 36.2280006408691 36.1839981079102 35.955997467041 36.6800003051758 38.2359962463379 39.2360000610352 38.7959976196289 37.9120025634766 37.1800003051758 37 36.2159996032715 36.8640022277832 37.5400009155273 36.7999992370605 38.2600021362305 38.3120002746582 37.7360000610352 37.5960006713867 36.992000579834 37.6759986877441 38.3519973754883 37.6240005493164 36.6840019226074 37.5200004577637 38.0800018310547 38.8080024719238 39.515998840332 38.9080009460449 38.7399978637695 38.879997253418
35.0160026550293 34.1759986877441 33.1560020446777 31.9559993743896 31.2680015563965 30.3559989929199 29.5879993438721 30.9440002441406 32.5399971008301 32.4039993286133 30.6560001373291 31.1199989318848 33.560001373291 33.7840003967285 33.6440010070801 34.5320014953613 34.7599983215332 35.5120010375977 36.7600021362305 37.5480003356934 38.4119987487793 38.628002166748 38.9640007019043 38.7599983215332 37.7159996032715 36.0960006713867 36.052001953125 36.0919990539551 36.4160003662109 38.6399993896484 39.2400016784668 38.7360000610352 38.6679992675781 37.6639976501465 37.060001373291 37.8199996948242 37.1840019226074 37.5359992980957 39.0399971008301 39.5839996337891 39.2679977416992 38.931999206543 38.3600006103516 38.8160018920898 39.8200035095215 39.3600006103516 37.947998046875 37.5639991760254
34.8999977111816 35.1040000915527 34.2399978637695 33.8000030517578 32.8280029296875 31.2359981536865 30.6919994354248 31.8280010223389 32.8639984130859 32.4959983825684 30.8599987030029 30.8719997406006 32.5839996337891 33.5599975585938 34.2280006408691 35.1080017089844 34.8600006103516 36.3880004882812 38.0320014953613 39.0999984741211 38.9519996643066 38.3999977111816 37.8800010681152 36.9680023193359 35.9039993286133 36.2279968261719 37.0800018310547 37.5960006713867 38.1840019226074 39.3839988708496 40.0319976806641 39.8680000305176 39.1679992675781 37.7760009765625 37.2879981994629 37.9279975891113 37.544002532959 37.2639999389648 39.128002166748 40.2200012207031 40.439998626709 40.2200012207031 39.6839981079102 39.7200012207031 39.8560028076172 38.7719993591309 38.5719985961914 38.4320030212402
34.2719993591309 34.6879997253418 34.1359977722168 33.3999977111816 31.7040004730225 29.6119995117188 29.480001449585 30.5279998779297 31.1440010070801 30.9839992523193 30.6120014190674 30.4119987487793 31.3759994506836 32.9799995422363 33.0920028686523 33.1599998474121 34.5400009155273 37.7120018005371 39.060001373291 39.3800010681152 38.7159996032715 37.423999786377 36.8680000305176 36.5240020751953 36.7840003967285 37.476001739502 37.9440002441406 38.3320007324219 38.4720001220703 39.076000213623 39.7160034179688 39.484001159668 39.0920028686523 38.3320007324219 37.7919998168945 38.1520004272461 37.9759979248047 37.6560020446777 39.431999206543 40.3839988708496 40.5 40.5400009155273 40.4279975891113 40.2080001831055 39.4360008239746 38.8800010681152 38.1119995117188 38.7919998168945
34.0240020751953 32.431999206543 29.1919994354248 29.7080001831055 31.6600017547607 30.9200000762939 30.076000213623 29.7320003509521 29.6720008850098 30.0919990539551 30.4160003662109 30.1679992675781 30.576000213623 31.7480010986328 32.7319984436035 34.060001373291 36.523998260498 38.2639999389648 38.9959983825684 39.0120010375977 38.2080001831055 37.507999420166 37.3160018920898 37.3600006103516 37.8120002746582 38.2880020141602 38.4959983825684 38.568000793457 38.2840003967285 38.2120018005371 38.7040023803711 38.5200004577637 38.1640014648438 38.0199966430664 37.963996887207 38.423999786377 38.8479995727539 39.2560005187988 39.8800010681152 40.1240005493164 40.2319984436035 40.2679977416992 39.923999786377 39.8759994506836 39.3839988708496 38.1800003051758 37.931999206543 38.2679977416992
33.0999984741211 29.9520015716553 29.07200050354 29.3880004882812 30.5520000457764 31.2919998168945 31.0480003356934 30.7799987792969 30.6800003051758 31.42799949646 31.8279991149902 31.060001373291 30.7239990234375 31.5080013275146 33.0279998779297 35.507999420166 37.6160011291504 38.4720001220703 38.8880004882812 38.9080009460449 38.4800033569336 37.9160003662109 37.6839981079102 37.8440017700195 38.1199989318848 38.5519981384277 38.8639984130859 38.8839988708496 38.7919998168945 38.484001159668 37.5959968566895 37.0279998779297 38.0120010375977 37.8959999084473 37.6279983520508 38.1279983520508 38.7960014343262 38.8839988708496 39.1159973144531 39.447998046875 39.0960006713867 39.7680015563965 39.371997833252 38.9159965515137 39.2320022583008 38.7639999389648 38.1119995117188 38.6879997253418
31.4959983825684 30.3799991607666 30.3880004882812 30.9640007019043 30.92799949646 31.2080001831055 31.9720001220703 32.1160011291504 32.2799987792969 32.6720008850098 32.3159980773926 31.0440006256104 31.2639980316162 33.007999420166 35.387996673584 36.9360008239746 37.9280014038086 38.4599990844727 38.6599998474121 38.6440010070801 38.4560012817383 38.1479988098145 38.1640014648438 38.3600006103516 38.560001373291 38.6040000915527 38.7000007629395 38.6840019226074 38.7520027160645 38.7840003967285 38.5839996337891 38.3239974975586 38.7239990234375 39.3720016479492 38.9879989624023 38.5960006713867 37.8080024719238 38.3920021057129 39.0200004577637 38.9360008239746 38.8440017700195 39.5200004577637 39.5040016174316 38.955997467041 39.023998260498 39.060001373291 38.6440010070801 39.3639984130859
33.4080009460449 31.8680019378662 30.996000289917 31.5399990081787 31.0879993438721 31.0480003356934 31.0919990539551 31.4879989624023 32.3720016479492 33.0240020751953 32.7479972839355 32.2519989013672 33.2080001831055 34.8839988708496 36.0640029907227 37.0999984741211 37.9160003662109 38.3840026855469 38.6199989318848 38.6399993896484 38.5119972229004 38.379997253418 38.568000793457 38.7000007629395 38.6520004272461 38.4600028991699 38.0519981384277 38.1800003051758 38.4759979248047 38.8320007324219 39.0799980163574 39.1480026245117 39.515998840332 40.0439987182617 40.2080001831055 40.1359977722168 39.5120010375977 39.2560005187988 39.7999992370605 39.2760009765625 38.6479988098145 38.8720016479492 38.9640007019043 38.476001739502 39.3360023498535 40.1080017089844 40.3759994506836 40.8120002746582
34.492000579834 33.7560005187988 31.003999710083 29.6639995574951 29.1599998474121 29.0440006256104 29.2000007629395 29.8319988250732 31.0639991760254 32.2360000610352 32.8959999084473 33.5200004577637 34.6079978942871 35.7360000610352 36.3040008544922 37.1040000915527 37.8240013122559 38.1359977722168 38.2680015563965 38.2999992370605 38.7159996032715 38.8479995727539 38.8280029296875 38.7200012207031 38.3839988708496 37.9440002441406 37.8120002746582 38.0599975585938 38.3479995727539 38.6920013427734 38.9839973449707 39.1760025024414 39.7760009765625 40.379997253418 40.7520027160645 40.9160003662109 40.7840003967285 40.5319976806641 40.2440032958984 39.3120002746582 38.1319999694824 37.7159996032715 37.984001159668 38.0480003356934 39.1399993896484 40.0480003356934 40.6959991455078 41.2080001831055
34.2000007629395 32.4640007019043 29.9919986724854 28.9160003662109 28.57200050354 28.1639995574951 28.6279983520508 29.7759990692139 30.7039985656738 31.984001159668 33.6240005493164 34.5439987182617 35.492000579834 36.2080001831055 36.6759986877441 37.3079986572266 37.8079986572266 37.7399978637695 37.8400001525879 38.3720016479492 38.6359977722168 38.9560012817383 39.0119972229004 38.8600006103516 38.4360008239746 38.0960006713867 38.2319984436035 38.612003326416 38.7040023803711 39 39.2199974060059 39.3239974975586 39.6920013427734 40.1240005493164 40.4680023193359 40.7280006408691 40.8959999084473 40.879997253418 40.5919990539551 39.8880004882812 38.7519989013672 38.387996673584 38.7840003967285 38.9680023193359 38.4120025634766 38.4039993286133 39.2239990234375 40.6879997253418
30.8680000305176 29.4799995422363 28.2280006408691 27.7840003967285 28.4559993743896 28.996000289917 30.2320003509521 31.003999710083 31.492000579834 32.8320007324219 34.455997467041 35.007999420166 35.6439971923828 35.5040016174316 36.7159996032715 37.431999206543 37.8319969177246 37.976001739502 38.2120018005371 38.3880004882812 38.8680000305176 38.9160003662109 38.8959999084473 38.931999206543 38.7440032958984 38.4400024414062 38.5040016174316 38.7519989013672 38.984001159668 39.1839981079102 39.3400001525879 39.4799995422363 39.6879997253418 40.0560035705566 40.4039993286133 40.6560020446777 40.7599983215332 40.8959999084473 40.8880004882812 40.4519996643066 39.4480018615723 39.1399993896484 39.6440010070801 39.6319999694824 38.6679992675781 37.6919975280762 38.1159973144531 39.7119979858398
29.3280010223389 28.3879985809326 27.9200000762939 27.9039993286133 29.1560001373291 30.996000289917 32.4080009460449 33.0839996337891 33.5039978027344 34.3680000305176 35.2760009765625 35.5199966430664 35.9080009460449 36.3079986572266 36.984001159668 37.4160003662109 37.6040000915527 37.6720008850098 38.0200004577637 38.4080009460449 38.5800018310547 38.5119972229004 38.492000579834 38.5880012512207 38.3919982910156 37.6759986877441 38.1839981079102 38.431999206543 38.4200019836426 38.6279983520508 38.9640007019043 39.3600006103516 39.7480010986328 40.0639991760254 40.2560005187988 40.4560012817383 40.6479988098145 40.7880020141602 40.6679992675781 40.3999977111816 40.0480003356934 39.7119979858398 39.5959968566895 40.0039978027344 39.8839988708496 39.1160011291504 38.0720024108887 39.0120010375977
29.0440006256104 29.0879993438721 29.57200050354 30.3920001983643 31.7399978637695 33.0919990539551 33.8359985351562 34.5240020751953 35.0799980163574 35.7480010986328 35.9880027770996 35.8240013122559 36.2999992370605 36.507999420166 36.8720016479492 37.1319999694824 37.120002746582 37.4160003662109 38.0080032348633 38.3440017700195 38.5 38.3520011901855 38.4160003662109 38.6199989318848 38.4160003662109 38.0279998779297 37.9959983825684 38.4039993286133 38.4560012817383 38.2719993591309 38.4599990844727 39.0919990539551 39.6119995117188 39.8999977111816 40.015998840332 40.015998840332 40.1599998474121 40.5040016174316 40.455997467041 40.2319984436035 39.9599990844727 39.6879997253418 39.7200012207031 39.6679992675781 39.8439979553223 39.8199996948242 39.5800018310547 39.6599998474121
31.2800006866455 32.1119995117188 32.8800010681152 33.6360015869141 34.4000015258789 34.7760009765625 34.9800033569336 35.4759979248047 35.6359977722168 36.076000213623 36.3839988708496 36.371997833252 36.6479988098145 36.9879989624023 37.1480026245117 37.0439987182617 37.2679977416992 37.8040008544922 38.3520011901855 38.6800003051758 38.8320007324219 38.7120018005371 38.6920013427734 38.6800003051758 38.5399971008301 38.1800003051758 38.015998840332 38.3079986572266 38.515998840332 38.6040000915527 38.8800010681152 39.2239990234375 39.476001739502 39.4440002441406 39.5519981384277 39.507999420166 39.5559997558594 39.8640022277832 39.9039993286133 39.7439994812012 39.2000007629395 38.8880004882812 39.0400009155273 38.984001159668 39.3120002746582 39.544002532959 39.6239967346191 39.6080017089844
33.2679977416992 34.1040000915527 34.4880027770996 34.8199996948242 35.0080032348633 35.3199996948242 35.6759986877441 35.871997833252 35.7239990234375 35.9440002441406 36.4039993286133 36.5879974365234 36.8839988708496 37.2439994812012 37.2039985656738 37.2120018005371 37.7360000610352 38.3520011901855 38.6800003051758 38.923999786377 39.076000213623 38.8919982910156 38.6599998474121 38.4799995422363 38.2479972839355 38.0279998779297 38.0399971008301 38.1360015869141 38.1359977722168 38.423999786377 38.9160003662109 39.2480010986328 39.379997253418 39.2080001831055 39.1440010070801 39.3079986572266 39.1759986877441 39.0800018310547 39.1199989318848 39.0439987182617 38.9640007019043 38.8439979553223 38.3199996948242 38.1160011291504 38.2919998168945 38.507999420166 38.6319999694824 38.568000793457
31.7360019683838 32.1360015869141 32.3240013122559 32.7799987792969 33.2200012207031 33.947998046875 34.476001739502 35.0039978027344 35.3240013122559 35.8120002746582 36.3199996948242 36.568000793457 37.0200004577637 37.2559967041016 37.1840019226074 37.7919998168945 38.507999420166 38.8519973754883 38.7080001831055 38.7360000610352 38.8560028076172 38.3400001525879 37.9519996643066 38.0279998779297 38.0240020751953 37.9599990844727 38.1679992675781 38.0799980163574 37.7840003967285 37.8279991149902 38.431999206543 38.9199981689453 39.0999984741211 38.9720001220703 38.7879981994629 38.8320007324219 38.6360015869141 38.3159980773926 38.3320007324219 38.2919998168945 38.3240013122559 38.9000015258789 38.9160003662109 38.2080001831055 37.8479995727539 37.8199996948242 37.552001953125 37.1560020446777
29.6560001373291 29.0200004577637 29.1960010528564 29.7320003509521 30.0959987640381 30.7000007629395 31.523998260498 32.7480010986328 33.7960014343262 35.0439987182617 36.0399971008301 36.5279998779297 36.955997467041 36.9160003662109 36.955997467041 37.5359992980957 38.1840019226074 38.371997833252 38.2679977416992 38.2880020141602 38.4839973449707 38.3319969177246 38 38.1759986877441 38.2159996032715 38.0999984741211 38.076000213623 37.423999786377 36.7879981994629 37.2840003967285 38.1479988098145 38.7719993591309 39.0319976806641 38.8400001525879 38.2600021362305 37.8800010681152 37.9039993286133 37.5200004577637 37.3520011901855 37.3320007324219 37.7199974060059 38.3959999084473 38.7040023803711 38.3800010681152 37.931999206543 37.6759986877441 36.984001159668 37.1359977722168
