examples/night_lizards/data/train-rasters-2.5m/bclim7.asc
NCOLS 322 
NROWS 151 
XLLCORNER -122.75 
YLLCORNER 31.9166666666667 
CELLSIZE 0.0416666666666677 
NODATA_value -3.4e+38 
[rows 84 to 104 of 151, columns 96 to 143 of 322]
29.2479991912842 29.0839996337891 28.57200050354 28.1800003051758 27.8879985809326 28.0559997558594 28.7399997711182 29.8880004882812 31.1519985198975 33.379997253418 35.4080009460449 36.1759986877441 36.2799987792969 36.0559997558594 36.0240020751953 36.568000793457 37.3760032653809 37.5200004577637 37.7719993591309 37.8320007324219 38.0800018310547 38.3880004882812 38.1119995117188 38.2320022583008 38.3919982910156 38.1159973144531 38.1040000915527 37.9640007019043 37.3479995727539 37.4680023193359 38.0880012512207 38.6839981079102 38.963996887207 38.7879981994629 38.1079978942871 37.2439994812012 37.3120002746582 37.2239990234375 37.0639991760254 36.7000007629395 36.3199996948242 37.0359992980957 37.628002166748 37.1319999694824 37.1319999694824 37.2279968261719 35.7760009765625 36.3320007324219
29.3079986572266 29.7800006866455 28.8319988250732 28.492000579834 28.1040000915527 28.3920001983643 28.4240016937256 28.7119998931885 29.2199993133545 30.8079986572266 32.8640022277832 34.1679992675781 35 35.5960006713867 36.3239974975586 37.0799980163574 37.3159980773926 37.1240005493164 37.7599983215332 38.0640029907227 37.976001739502 38.0439987182617 38.371997833252 38.6319999694824 38.568000793457 38.3360023498535 38.3880004882812 38.4560012817383 38.2959976196289 37.7360000610352 38.060001373291 38.5880012512207 38.8079986572266 38.4640007019043 37.3119964599609 36.3800010681152 37.2239990234375 37.5960006713867 37.2599983215332 36.8120002746582 36.536003112793 37.6679992675781 37.8520011901855 36.6679992675781 36.0279998779297 36.7799987792969 36.5439987182617 35.6959991455078
29.6160011291504 29.6439990997314 29.4600009918213 28.4479999542236 28.9720001220703 28.6519985198975 28.6159992218018 29.3640003204346 29.2720012664795 29.6919994354248 31.2200012207031 32.8559989929199 33.6439971923828 34.6279983520508 35.492000579834 36.4119987487793 36.8959999084473 36.879997253418 37.492000579834 37.9440002441406 38.0599975585938 37.6399993896484 38.0639991760254 38.5279998779297 38.4200019836426 38.3040008544922 38.4000015258789 38.4839973449707 38.5439987182617 38.4759979248047 38.6119995117188 38.5839996337891 38.4440002441406 37.9119987487793 36.7040023803711 36.4720001220703 37.5120010375977 37.9640007019043 37.3479995727539 36.9519996643066 35.923999786377 36.4120025634766 37.9199981689453 37.6240005493164 37.3120002746582 37.5119972229004 37.0960006713867 37.3159980773926
28.8959999084473 29.2600002288818 29.6239986419678 28.9000015258789 28.8520011901855 29.2560005187988 29.7360000610352 29.6880016326904 29.3720016479492 29.3519992828369 30.3159999847412 31.2239990234375 32.0400009155273 33.5400009155273 34.4120025634766 34.9199981689453 35.3359985351562 35.6879997253418 36.3319969177246 36.9039993286133 37.4200019836426 37.4360008239746 37.6720008850098 37.9520034790039 37.6839981079102 37.6279983520508 38.0480003356934 38.2879981994629 38.3479995727539 38.3919982910156 38.2960014343262 38.0919990539551 37.9720001220703 37.7239990234375 37.3680000305176 36.992000579834 37.4799995422363 37.7960014343262 36.992000579834 37.060001373291 36.7319984436035 35.8559989929199 37.3559989929199 38.6920013427734 38.6040000915527 38.5240020751953 38.0999984741211 38.1879997253418
29.4600009918213 29.6079998016357 30.0879993438721 29.2999992370605 29.2719993591309 30.0519981384277 29.9519996643066 30.3240013122559 30.5120010375977 31.1040000915527 31.7960014343262 32.0480003356934 32.1440010070801 32.5040016174316 32.8239974975586 33.8520011901855 34.3720016479492 34.7960014343262 35.2879981994629 35.8439979553223 36.3520011901855 36.431999206543 36.7519989013672 37.0439987182617 37.1399993896484 37.2639999389648 37.5719985961914 37.8360023498535 37.8279991149902 37.7999992370605 37.7080001831055 37.576000213623 37.3280029296875 37.1599998474121 36.9039993286133 36.6520004272461 37.0800018310547 37.8520011901855 37.7360000610352 36.544002532959 35.8640022277832 35.7719993591309 37.4480018615723 38.955997467041 39.2400016784668 39.2119979858398 38.9680023193359 38.4960021972656
29.2679996490479 29.9639987945557 30.4440021514893 30.3439979553223 30.4159984588623 30.8120002746582 31.1599998474121 31.2199993133545 31.1759986877441 31.5679988861084 32.1359977722168 32.2240028381348 32.568000793457 33.3239974975586 33.1879997253418 32.8759994506836 32.4200019836426 33.1240005493164 33.2679977416992 34.2400016784668 34.7760009765625 34.9480018615723 35.2400016784668 35.552001953125 35.7799987792969 36.0719985961914 36.5120010375977 36.8680000305176 37.044002532959 37.0119972229004 36.9799995422363 37.007999420166 36.7919998168945 36.3800010681152 36.3880004882812 36.4480018615723 36.8759994506836 37.552001953125 37.6159973144531 36.5880012512207 35.6520004272461 36.7000007629395 38.0839996337891 39.1159973144531 39.1839981079102 39.1559982299805 38.3479995727539 38.3439979553223
29.3039970397949 29.9759979248047 30.4680023193359 30.6399974822998 30.7679996490479 30.8000011444092 30.9040012359619 30.9959983825684 31.0599994659424 30.8680000305176 30.8000011444092 31.480001449585 32.0519981384277 32.4560012817383 32.2480010986328 31.9200000762939 31.2239990234375 31.7959995269775 31.7439994812012 32.007999420166 33.0559997558594 33.3399963378906 33.1800003051758 33.1479988098145 33.3279991149902 34.0279998779297 34.9440002441406 35.6759986877441 36.0800018310547 36.1839981079102 36.1919975280762 36.2800025939941 36.3199996948242 36.1640014648438 36.1959991455078 36.4440002441406 36.9199981689453 37.2480010986328 37.2760009765625 37.1520004272461 37.1999969482422 37.7439994812012 38.0839996337891 38.5439987182617 38.7200012207031 38.7760009765625 38.5880012512207 38.5999984741211
28.4839992523193 29.3080024719238 30.0360012054443 30.3959999084473 30.3879985809326 30.4680004119873 30.5360012054443 30.5960025787354 30.2320003509521 28.7800006866455 28.3880004882812 29.0399990081787 29.7919998168945 29.6520004272461 29.6359996795654 29.8799991607666 29.8959980010986 30.0360012054443 30.4200000762939 30.4720001220703 30.7399997711182 31.0960006713867 31.1119995117188 30.8839988708496 30.8880004882812 31.3920001983643 32.6040000915527 33.6840019226074 34.2839965820312 34.8519973754883 34.8600006103516 35.060001373291 35.5359992980957 35.7960014343262 35.9280014038086 36.0639991760254 36.3000030517578 36.1360015869141 36.2759971618652 35.9679985046387 35.6959991455078 36.2799987792969 36.7840003967285 37.1440010070801 37.3359985351562 37.4519996643066 37.5119972229004 37.6240005493164
28.8279991149902 28.9040012359619 28.8479995727539 28.7239990234375 29.2880001068115 29.3440017700195 29.076000213623 28.5279998779297 28.2959995269775 28.015998840332 27.8719997406006 28.1640014648438 28.3760013580322 28.4559993743896 28.8800010681152 29.4160003662109 29.4119987487793 29.3399982452393 29.4759998321533 29.5440006256104 29.7800006866455 29.4559993743896 29.5240001678467 29.6079998016357 29.9640007019043 30.1560001373291 30.9759998321533 31.6280002593994 32.2439994812012 33.1119995117188 33.1240005493164 33.6599998474121 34.6360015869141 35.2399978637695 35.4799995422363 35.7120018005371 35.6599998474121 35.5039978027344 35.507999420166 34.9519996643066 34.5 34.0400009155273 34.7000007629395 35.0799980163574 34.9079971313477 35.1599998474121 35.1679992675781 36.023998260498
28.548002243042 28.6159992218018 28.3039989471436 28.1159973144531 28.0120010375977 28.1279983520508 28.2439994812012 28.2960014343262 28.1599998474121 27.9599990844727 27.8920001983643 28.3719997406006 28.2159996032715 28.5320014953613 29.0839996337891 29.6240005493164 29.6800003051758 29.07200050354 28.9519996643066 28.6080017089844 28.6800003051758 28.2360000610352 28.6200008392334 29.3079986572266 29.6120014190674 30.0160007476807 30.1840000152588 30.8080005645752 30.7560005187988 31.511999130249 32.0439987182617 32.3559989929199 33.2639999389648 34.0200004577637 34.2159996032715 34.2480010986328 34.007999420166 34.507999420166 34.8880004882812 34.4679985046387 34.371997833252 34.0999984741211 33.9680023193359 33.5639991760254 33.1159973144531 33.2519989013672 33.8520011901855 34.2960014343262
27.3280010223389 27.9959983825684 28.1200008392334 28.5879993438721 28.6439990997314 28.1639976501465 27.8920001983643 28.07200050354 28.1119995117188 27.6439990997314 27.3040008544922 27.3479995727539 27.2000007629395 27.5599994659424 27.3120002746582 27.519998550415 27.6479988098145 27.5080013275146 27.7320003509521 27.5959987640381 27.8719997406006 27.9679985046387 28.3719997406006 28.6680011749268 28.5919990539551 28.7200012207031 29.07200050354 29.8799991607666 30.0440006256104 29.9799995422363 30.1719989776611 30.3159999847412 30.6519985198975 31.0319995880127 30.9080009460449 30.8840007781982 30.992000579834 31.5559997558594 32.2159996032715 32.6319999694824 32.8600006103516 32.4960021972656 32.4480018615723 33.0439987182617 33.0359992980957 33.2480010986328 33.6720008850098 33.8120002746582
27.5319995880127 28.011999130249 28.0919990539551 28.6839981079102 28.7959995269775 28.1479988098145 27.5399971008301 27.2999992370605 27.3079986572266 27.068000793457 27.1680030822754 26.9680023193359 26.8959980010986 26.9039993286133 26.8279991149902 26.5 26.1400012969971 25.988000869751 26.0679988861084 26.3640003204346 26.7679996490479 27.3280010223389 27.9119987487793 28.2799987792969 28.2600002288818 28.011999130249 28.1160011291504 28.5520000457764 28.515998840332 28.3600006103516 28.5120010375977 29.003999710083 29.8080024719238 29.9720001220703 29.5679988861084 29.2679996490479 28.9879989624023 29.2519989013672 29.6079998016357 30.1199989318848 30.2840003967285 30.3840007781982 30.2560005187988 31.023998260498 31.423999786377 31.931999206543 32.576000213623 32.9359970092773
27.7760009765625 28.0919990539551 27.7320022583008 27.9719982147217 27.8920001983643 26.9159984588623 26.0320014953613 25.5279998779297 25.3559989929199 25.023998260498 24.9839992523193 25.9799995422363 26.3760013580322 26.7399978637695 27.1399993896484 27.0039978027344 26.5559997558594 26.3120002746582 26.0639991760254 26.1360015869141 26.3360004425049 26.7240009307861 27.3199996948242 27.7759990692139 27.9080009460449 28.1280002593994 28.2480010986328 28.3240013122559 28.4639987945557 28.6480007171631 28.8919982910156 29.4839973449707 29.9959983825684 30.5200004577637 30.5880012512207 30.3799991607666 30.1760005950928 29.9440002441406 29.6679992675781 29.4839992523193 29.3999996185303 29.6000003814697 29.6640014648438 30.3360004425049 31.1160011291504 31.5080013275146 31.1520004272461 31.4480018615723
26.7080001831055 27.0879974365234 26.7159976959229 26.507999420166 26.1759986877441 25.5919990539551 24.6399993896484 23.8279991149902 23.2719993591309 23.3359985351562 24.2719993591309 23.9680004119873 25.2199993133545 26.1840000152588 26.564001083374 26.7600002288818 26.7719993591309 26.4799995422363 26.4680004119873 26.4240016937256 26.6680011749268 26.9400005340576 27.3959980010986 27.6840000152588 28.1599998474121 28.5320014953613 28.8159999847412 29.0280017852783 29.1519985198975 29.3920001983643 29.7639999389648 30.1239986419678 30.1479988098145 30.3519992828369 30.6279983520508 30.8080005645752 30.7959995269775 30.6960010528564 30.4080009460449 30.0399990081787 29.7920017242432 29.5599994659424 29.492000579834 29.5559997558594 29.8680000305176 30.7840003967285 31.3120002746582 31.935998916626
23.984001159668 24.5359992980957 24.9799995422363 24.423999786377 24.0479984283447 23.5439987182617 23.1160011291504 22.015998840332 22.0559997558594 21.9119987487793 22.564001083374 23.2439994812012 24.1639995574951 25.2280006408691 25.7639999389648 26.0319976806641 26.3199996948242 26.2200012207031 26.068000793457 26.5879993438721 26.976001739502 27.0200004577637 27.3639984130859 27.871997833252 28.2000007629395 28.4119987487793 28.6319999694824 28.8999996185303 29.2520027160645 29.515998840332 29.6599979400635 29.8199996948242 29.9759998321533 30.2159996032715 30.5559997558594 31.0080013275146 31.3640003204346 31.3399982452393 30.984001159668 30.6200008392334 30.4159984588623 30.2919998168945 29.996000289917 29.5240001678467 29.7760009765625 29.423999786377 29.8920001983643 30.7680015563965
21.6279983520508 21.064001083374 22.011999130249 21.8959999084473 20.0480003356934 19.1840000152588 18.3719997406006 18.3759994506836 18.9400005340576 20.1079998016357 21.5520000457764 22.6479988098145 23.4720001220703 24.5920009613037 25.1399993896484 25.4599990844727 25.4479999542236 25.6359996795654 25.9479999542236 26.3439998626709 26.507999420166 26.3920021057129 26.7720012664795 27.5320014953613 27.9720001220703 28.1959991455078 28.3360023498535 28.7480010986328 29.1759986877441 29.4999980926514 29.4079990386963 29.523998260498 29.9040031433105 30.3240013122559 30.5759983062744 30.7400016784668 30.9160003662109 31.019998550415 31.1679992675781 31.3920001983643 31.5319995880127 31.6520023345947 30.7560005187988 29.8320007324219 29.9120006561279 29.935998916626 30.1000003814697 31.0440006256104
17.5200004577637 16.7750015258789 16.7999992370605 16.7499980926514 15.0999994277954 15.4000005722046 16.1041660308838 17.4160003662109 18.7199993133545 20.2240009307861 21.4120006561279 22.3520011901855 23.2759990692139 23.7440013885498 24.1440010070801 24.6159992218018 24.492000579834 24.923999786377 24.9559993743896 25.6199989318848 26.060001373291 26.0520000457764 26.507999420166 27.2560005187988 27.5120010375977 27.8880004882812 28.060001373291 28.42799949646 28.7360000610352 28.9879989624023 28.9919986724854 29.1879978179932 29.6160011291504 30.1160011291504 30.4600028991699 30.6599998474121 30.8879985809326 30.9639987945557 31.4280014038086 32.1440010070801 32.2919998168945 31.9680004119873 31.3560028076172 30.9599990844727 30.8039989471436 30.6599998474121 30.6479988098145 30.6439990997314
-3.4e+38 -3.4e+38 -3.4e+38 -3.4e+38 -3.4e+38 -3.4e+38 15.4333343505859 16.3279991149902 18.2319984436035 20.1319999694824 21.2519989013672 22.076000213623 22.7760009765625 23.2399997711182 23.6440010070801 24.011999130249 24.0920009613037 24.42799949646 24.3920001983643 24.7120018005371 25.2159996032715 25.6759986877441 26.2360000610352 26.7999992370605 27.0960006713867 27.7439994812012 28.1199989318848 28.1359996795654 28.1120014190674 28.3040008544922 28.560001373291 28.8599987030029 29.0719985961914 29.4360008239746 30.0160007476807 30.6840000152588 31.2039985656738 31.6359977722168 31.992000579834 32.2280006408691 32.5399971008301 32.371997833252 32.2760009765625 32.2560005187988 32.3199996948242 32.3239974975586 32.3439979553223 31.7840003967285
-3.4e+38 -3.4e+38 -3.4e+38 -3.4e+38 -3.4e+38 -3.4e+38 -3.4e+38 16.5785713195801 17.996000289917 19.511999130249 20.9479999542236 21.5719985961914 22.0599994659424 22.4639987945557 22.8640003204346 23.2999992370605 23.7239990234375 23.8479995727539 23.8520011901855 24.0120010375977 24.5719985961914 24.8279991149902 25.2200012207031 25.9360008239746 26.8959999084473 27.2000007629395 27.1199989318848 27.1879997253418 27.3799991607666 28.1959991455078 28.6720008850098 29.0479984283447 29.2840003967285 29.5800018310547 30.2239990234375 31.003999710083 31.6679992675781 32.4480018615723 32.8040008544922 32.3919982910156 32.2719993591309 32.3079986572266 32.4720001220703 32.9160003662109 33.1199989318848 33.4039993286133 33.8400001525879 33.6960029602051
-3.4e+38 -3.4e+38 -3.4e+38 -3.4e+38 -3.4e+38 -3.4e+38 -3.4e+38 15.8000011444092 16.7708339691162 18.7200012207031 20.4440002441406 21.2080001831055 21.6280002593994 21.8680000305176 22.2479991912842 22.6240005493164 23.07200050354 23.4599990844727 23.2919998168945 23.2119979858398 23.4560012817383 23.8800010681152 23.9799995422363 24.2760009765625 25.3280010223389 25.6319999694824 25.6040000915527 25.8439998626709 27.0359992980957 27.8920001983643 28.5839996337891 29.2320003509521 29.8680000305176 30.5279998779297 31.1440010070801 31.8959999084473 32.2839965820312 32.5080032348633 33.007999420166 33.3680000305176 32.923999786377 32.5480003356934 32.5400009155273 32.9640007019043 33.1919975280762 32.9720001220703 33.4039993286133 33.7399978637695
-3.4e+38 -3.4e+38 -3.4e+38 -3.4e+38 -3.4e+38 -3.4e+38 -3.4e+38 -3.4e+38 16.2266654968262 18.0200004577637 19.8280010223389 20.5279998779297 21.1360015869141 21.2679996490479 21.5959987640381 21.7999992370605 22.1000003814697 22.5360012054443 22.6599998474121 22.8320007324219 23.2680015563965 23.6000003814697 23.492000579834 23.4040012359619 24.1479988098145 25.0559997558594 26.007999420166 25.984001159668 27.1359996795654 28.2080001831055 29.6280002593994 29.3760013580322 30.568000793457 31.5960006713867 32.3360023498535 33.060001373291 32.5720024108887 31.7360000610352 32.5919990539551 34.1360015869141 33.8159980773926 33.4079971313477 32.9640007019043 32.8519973754883 32.5039978027344 32.3760032653809 32.2480010986328 31.7440013885498
