examples/night_lizards/data/train-rasters-2.5m/bclim12.asc
NCOLS 322 
NROWS 151 
XLLCORNER -122.75 
YLLCORNER 31.9166666666667 
CELLSIZE 0.0416666666666677 
NODATA_value -3.4e+38 
[rows 0 to 38 of 151, columns 87 to 173 of 322]
368 371 366 348 286 261 264 239 234 249 270 232 227 200 178 184 181 155 150 148 166 180 151 153 159 146 141 136 134 139 152 156 156 156 169 167 146 134 129 129 129 129 131 138 149 166 164 155 146 144 164 183 207 192 195 177 186 182 168 168 168 169 174 189 207 189 167 165 166 173 175 173 178 170 171 172 174 179 183 189 212 254 325 329 323 324 274
372 360 310 277 247 244 246 240 239 272 292 253 226 180 175 178 163 159 154 151 151 162 157 154 152 150 141 137 130 136 151 167 166 162 184 156 135 129 130 130 132 131 132 138 143 164 175 151 140 141 154 169 182 184 171 172 193 186 168 166 165 169 175 187 203 198 171 168 170 181 200 186 173 169 171 172 177 190 198 235 292 300 364 307 282 279 245
354 296 270 258 251 246 243 239 246 273 287 266 204 191 188 180 177 167 174 164 157 179 177 160 143 138 135 137 137 133 153 175 160 153 152 140 130 129 130 133 137 132 132 139 142 155 164 146 137 136 140 150 163 170 162 158 181 182 172 164 165 170 179 200 220 205 181 170 179 200 212 196 176 169 171 172 187 211 218 260 320 367 323 279 271 245 226
312 289 276 265 258 252 249 255 254 265 259 236 217 213 208 199 189 183 194 177 168 185 217 181 145 130 131 132 137 127 138 144 142 139 134 130 130 136 145 154 149 139 137 140 146 161 157 139 135 133 137 140 147 165 154 155 174 181 170 162 165 174 192 210 220 219 181 176 189 213 216 200 177 169 171 172 187 215 244 285 332 327 270 246 237 224 219
320 303 292 281 270 262 266 283 266 259 247 250 252 258 258 231 235 217 199 183 173 172 176 159 142 133 130 129 128 128 131 132 131 130 129 129 133 146 183 206 162 148 141 140 146 157 156 141 134 133 133 137 139 148 147 149 157 162 160 161 167 185 217 279 275 214 185 178 190 208 234 208 179 168 169 172 186 222 262 270 312 282 250 237 225 221 217
338 322 308 294 282 277 312 327 276 254 242 236 231 247 260 263 249 235 215 217 198 175 161 160 168 146 132 130 135 148 133 130 128 129 128 132 138 149 159 173 161 153 141 135 140 154 153 139 132 133 134 136 139 151 148 146 152 155 156 164 182 200 230 274 286 218 190 185 192 211 236 220 182 170 172 175 193 226 267 247 246 235 232 228 226 218 216
376 343 327 314 308 314 335 325 304 262 245 237 232 239 242 223 207 197 199 261 236 192 165 151 146 148 136 129 131 151 140 132 129 128 131 134 146 161 174 166 142 149 135 133 132 138 141 137 134 134 134 136 139 149 148 147 150 154 155 167 187 212 258 262 293 245 206 192 196 205 222 231 188 168 168 176 197 241 239 219 208 207 214 231 267 224 220
393 371 386 358 346 353 350 321 299 276 259 249 237 236 205 191 194 224 281 340 268 203 164 141 138 147 141 127 126 139 158 144 134 132 131 134 140 147 158 151 138 132 131 131 131 132 139 137 137 136 135 139 138 142 147 147 152 154 154 164 177 191 206 218 245 259 224 204 199 199 214 250 208 172 172 180 204 228 213 201 195 196 207 236 294 234 227
424 406 420 402 384 385 391 355 320 295 285 271 253 242 205 196 207 334 504 400 276 205 170 145 135 133 130 124 129 142 183 184 159 147 137 128 128 129 130 133 135 131 132 132 131 133 136 141 142 139 137 140 141 142 147 149 148 152 154 159 168 177 186 198 209 247 246 212 198 194 206 254 215 179 176 192 211 204 195 190 188 191 197 217 275 235 236
466 446 428 419 405 411 414 403 394 354 327 323 285 241 213 196 209 344 611 446 311 242 171 145 135 131 126 126 144 150 167 199 199 193 148 127 123 122 120 130 140 135 139 139 139 138 139 147 146 140 144 146 151 158 157 153 152 151 153 157 164 169 177 184 194 216 256 235 202 194 195 208 195 183 181 191 206 206 194 190 185 189 190 201 261 245 263
493 500 454 429 407 402 389 396 408 416 434 371 299 260 228 220 197 258 592 624 393 267 193 146 134 126 126 141 183 197 211 220 214 176 158 131 124 124 125 131 143 149 162 158 155 147 152 158 157 148 144 144 160 178 179 162 156 155 153 156 162 167 173 174 184 200 240 256 209 196 191 189 185 185 186 198 217 208 194 186 184 184 189 204 233 255 270
640 539 477 438 422 397 375 355 332 328 375 378 313 289 237 213 178 184 305 556 473 342 220 164 136 130 141 169 205 245 239 257 202 152 130 125 125 127 132 145 152 170 197 184 162 157 161 164 165 153 139 144 160 180 191 176 163 158 155 155 159 165 170 173 179 192 228 241 216 200 195 190 200 193 202 214 204 193 190 182 184 184 192 207 228 254 274
574 547 482 458 437 420 391 365 344 327 325 335 315 302 254 214 178 169 212 385 571 378 269 203 145 131 132 167 230 250 218 204 164 138 125 124 126 130 139 158 163 192 210 185 172 166 162 154 152 144 135 135 141 151 168 176 178 164 159 158 159 166 169 167 173 184 221 242 222 201 192 194 212 205 204 214 201 188 184 182 187 185 193 215 235 252 277
565 549 539 480 452 432 405 377 356 339 335 328 308 284 262 218 180 165 186 331 649 553 312 228 171 131 129 136 182 194 204 178 152 129 125 125 126 132 140 157 171 181 169 165 166 163 153 144 142 135 132 133 132 136 148 168 195 182 159 156 161 165 164 163 164 178 205 211 202 192 188 194 211 205 197 198 191 186 185 187 186 190 205 249 268 290 296
575 554 573 547 504 489 430 408 377 354 345 334 317 296 267 212 176 161 184 282 487 648 411 265 200 147 129 130 141 172 187 189 157 137 133 134 136 138 149 161 185 175 154 154 159 155 144 141 138 132 132 133 134 139 147 166 186 185 164 161 163 172 168 162 164 172 197 209 194 187 184 196 218 219 202 194 189 188 189 191 200 212 215 251 248 260 255
597 572 601 665 666 626 564 485 411 389 368 343 321 301 266 217 176 156 159 254 468 597 465 375 295 215 160 134 134 144 172 190 184 169 160 165 160 159 170 181 171 154 146 147 154 150 142 135 135 141 146 148 145 149 149 156 167 173 166 164 171 172 165 162 162 165 185 199 188 183 184 202 236 240 212 197 191 193 201 220 252 231 221 217 213 224 233
606 594 583 571 643 699 685 584 591 498 457 360 310 280 241 213 173 153 143 213 326 504 464 383 340 284 206 155 137 136 159 164 172 191 200 233 257 213 194 183 155 146 145 147 149 150 137 135 166 204 197 164 155 156 152 156 165 175 169 165 167 166 161 160 161 162 176 206 182 180 185 202 238 275 229 204 211 214 211 238 287 248 219 203 200 201 205
619 625 684 616 617 670 698 682 670 498 560 350 273 252 232 199 173 151 140 185 264 359 438 412 354 290 243 183 149 138 142 147 156 175 191 218 244 240 206 180 170 147 147 151 145 136 130 135 155 187 193 159 151 152 158 162 173 173 166 161 163 163 160 160 161 162 177 197 182 184 184 200 241 262 223 203 194 198 209 233 277 287 236 208 193 188 192
653 660 660 621 618 592 606 608 678 606 598 362 262 235 222 199 172 148 137 153 247 325 408 347 314 274 241 196 175 147 139 147 173 187 179 191 219 231 212 171 153 142 137 135 136 135 131 131 133 135 148 145 146 151 157 163 166 161 159 160 160 161 161 163 164 170 193 201 182 181 186 218 265 261 218 200 187 189 199 230 262 326 256 228 196 187 186
696 643 614 586 569 604 661 729 748 755 531 379 289 244 213 187 166 146 132 141 225 284 407 356 293 248 183 154 181 146 143 163 196 223 220 204 222 240 195 154 142 141 139 140 144 142 135 132 132 125 139 153 155 152 155 158 165 159 159 162 167 162 162 164 168 184 210 218 191 186 200 260 258 225 204 186 179 181 190 212 245 286 242 222 201 191 185
729 698 661 614 589 589 671 769 780 630 506 567 364 313 262 204 174 148 133 131 207 287 331 303 236 187 152 162 135 110 113 142 152 166 192 204 200 179 156 147 147 152 153 168 171 166 147 130 124 122 131 157 154 160 156 161 165 162 166 174 178 170 169 178 182 204 221 232 208 192 222 260 223 201 188 178 176 177 181 200 228 249 225 212 200 192 186
697 693 675 657 621 699 662 742 760 684 701 559 409 369 323 290 242 164 139 130 172 269 287 254 193 146 143 180 118 101 101 108 129 199 183 153 147 145 142 157 170 168 173 186 193 173 147 130 120 119 121 140 151 151 153 164 170 173 182 184 183 180 185 202 203 217 229 233 227 221 245 249 222 190 180 173 173 173 173 177 185 193 200 212 200 195 189
707 693 671 656 632 657 695 686 617 686 770 609 425 409 423 386 350 228 149 136 154 270 282 259 201 144 180 191 119 104 99 102 104 159 217 135 117 113 116 131 141 156 180 209 197 162 144 131 119 118 117 123 138 138 150 181 184 196 182 193 188 190 195 203 215 222 232 248 254 245 255 239 241 224 188 176 170 172 173 182 180 180 195 212 213 209 192
728 690 681 647 642 618 584 606 730 718 748 660 486 475 553 454 427 275 158 141 133 192 244 274 253 247 268 209 176 117 99 97 99 117 165 137 105 101 105 120 147 173 213 202 163 139 125 124 118 118 118 120 129 128 137 148 159 176 168 165 172 183 197 204 211 232 246 258 261 262 249 219 222 195 189 174 173 171 182 179 179 186 195 213 225 233 194
736 706 685 667 653 656 650 640 612 649 801 699 636 546 638 524 475 359 225 150 137 139 178 237 291 297 278 240 214 145 99 98 97 109 129 145 120 94 99 108 136 170 190 175 151 132 121 117 120 118 118 117 123 124 124 133 141 159 155 153 157 166 181 189 193 204 230 236 220 257 230 185 173 166 167 181 183 174 201 185 179 185 193 212 214 231 195
769 734 702 681 645 626 640 687 667 711 749 789 768 636 731 594 436 380 267 171 144 133 175 234 265 291 256 248 208 143 102 101 95 96 102 123 150 97 92 100 120 147 161 163 156 138 118 129 138 121 118 117 119 123 124 124 132 142 149 147 147 161 177 183 183 184 187 188 199 222 226 182 162 159 168 186 205 187 188 191 184 187 194 201 213 241 218
812 751 720 710 671 648 623 669 719 769 775 740 594 700 795 664 553 425 323 238 156 138 205 291 303 304 285 233 196 150 138 112 108 97 93 97 155 109 92 93 112 132 146 134 133 122 131 161 161 132 125 122 122 124 127 129 129 131 134 139 148 163 184 212 204 183 181 176 188 206 199 175 162 159 165 179 192 189 179 181 185 194 204 223 250 248 240
904 804 754 739 754 674 636 631 661 711 704 714 585 587 605 725 753 506 348 229 166 141 172 331 360 330 337 265 222 177 182 144 143 99 95 106 163 124 97 89 94 110 114 117 119 137 168 191 163 143 131 127 126 125 126 130 128 129 129 138 149 164 186 218 221 195 174 171 177 193 182 171 160 155 158 170 181 186 180 181 191 212 223 224 248 243 202
902 893 831 824 753 673 665 651 664 698 640 581 596 563 662 718 745 604 374 227 164 142 162 291 366 363 428 309 237 187 174 164 179 133 112 134 166 164 102 88 88 88 96 110 122 153 208 238 192 162 143 133 130 126 127 137 128 123 129 142 147 154 166 194 205 190 174 164 182 212 192 170 160 152 154 163 172 182 183 194 195 216 218 210 213 227 182
851 892 878 846 752 693 675 651 628 632 621 569 541 566 652 691 642 682 451 254 165 142 161 300 381 444 425 315 195 148 148 159 166 175 141 143 213 200 112 94 98 87 89 93 116 173 215 259 214 174 151 144 137 132 138 148 131 121 127 136 145 162 161 164 175 186 170 194 201 210 178 177 162 152 154 159 164 176 177 201 209 204 189 172 192 212 178
819 908 811 854 773 712 705 713 647 615 596 578 568 674 652 636 708 724 506 310 169 143 138 229 318 400 421 313 169 115 113 126 154 185 115 138 252 191 118 117 130 97 83 83 95 131 192 232 242 210 171 158 153 140 152 137 125 120 126 136 139 150 173 189 186 164 169 215 223 225 184 164 178 163 161 160 171 159 171 195 206 195 170 154 162 217 181
700 711 766 802 761 778 744 685 632 649 655 626 642 668 590 634 628 639 614 428 190 145 135 169 259 337 330 203 123 108 107 105 120 133 100 151 246 243 139 202 214 118 87 79 82 94 132 175 182 206 182 144 136 128 126 119 115 127 142 143 130 135 152 173 155 148 169 180 178 195 179 166 162 149 148 157 157 147 162 207 213 199 171 146 149 206 177
672 671 663 650 633 626 603 655 692 673 649 660 647 621 560 596 611 687 671 429 229 152 135 135 173 277 333 212 120 113 110 104 104 99 98 140 182 204 162 205 219 157 105 79 72 72 85 117 131 142 183 148 127 119 114 111 107 130 164 147 126 127 139 157 144 136 151 159 154 165 181 175 162 148 141 136 135 138 150 179 184 208 195 146 143 216 181
747 693 779 855 859 677 658 607 649 623 600 624 596 559 586 656 716 704 675 444 271 168 137 129 129 205 384 334 173 115 111 108 101 102 132 156 124 143 148 218 246 192 112 82 70 67 69 86 120 145 149 159 135 119 113 108 107 106 122 141 118 120 127 144 141 128 133 136 141 151 162 168 158 153 139 134 132 133 149 159 178 209 193 141 132 205 179
774 796 771 918 903 802 830 771 735 698 652 594 588 577 585 588 627 698 688 482 304 202 146 134 130 156 363 372 229 117 110 105 98 99 109 129 109 126 139 207 223 174 101 82 69 66 65 65 87 100 128 132 132 132 116 110 107 107 108 116 112 113 119 129 129 124 127 133 138 153 184 177 167 151 137 135 137 154 174 178 181 184 162 131 133 160 172
690 724 816 932 957 914 822 796 749 698 681 666 634 634 702 744 666 728 748 560 369 253 175 142 135 135 288 441 335 180 115 104 99 97 97 99 118 119 150 162 204 144 103 82 68 65 65 64 67 73 91 96 108 134 132 121 110 107 105 106 110 111 116 117 121 124 124 141 148 153 162 155 151 148 148 149 151 164 176 175 190 164 137 128 128 194 171
706 709 734 766 871 896 873 801 743 717 691 673 658 637 707 830 768 847 843 647 491 313 214 164 145 139 194 385 400 262 138 107 104 97 97 97 119 116 144 147 179 152 109 86 72 66 65 63 61 69 73 78 83 117 148 133 113 104 103 105 105 106 113 113 115 118 123 130 136 139 145 149 152 153 162 167 174 189 184 172 161 143 131 128 143 188 145
645 655 681 681 757 808 854 853 787 746 743 742 710 730 706 855 724 733 816 866 599 392 270 211 177 142 139 242 434 347 262 134 110 106 99 99 109 128 162 160 142 153 107 86 75 68 64 62 59 61 67 71 68 77 99 121 115 109 104 109 103 103 106 109 111 114 119 126 136 143 152 158 148 147 150 162 191 193 188 172 151 137 130 129 142 155 132
566 644 643 656 646 650 780 834 811 775 747 758 746 761 777 768 722 670 727 841 777 492 334 248 191 151 142 173 325 381 373 310 174 183 152 111 111 156 216 199 162 135 104 90 78 69 65 65 65 61 61 60 62 68 76 94 110 113 109 109 102 102 106 107 109 109 116 117 117 127 144 152 148 140 143 151 157 154 156 160 150 135 129 131 135 132 125
