examples/night_lizards/data/train-rasters-2.5m/bclim2.asc
NCOLS 322 
NROWS 151 
XLLCORNER -122.75 
YLLCORNER 31.9166666666667 
CELLSIZE 0.0416666666666677 
NODATA_value -3.4e+38 
[rows 0 to 20 of 151, columns 141 to 187 of 322]
16.091667175293 16.5116672515869 16.5086669921875 16.6773338317871 17.4416656494141 18.0526676177979 18.4249992370605 18.576000213623 18.439001083374 17.8470001220703 16.9913330078125 17.4050006866455 18.7089996337891 19.3606662750244 19.4909992218018 19.1223335266113 18.6590003967285 18.6313323974609 18.7896671295166 19.3003330230713 19.5476665496826 19.482666015625 19.3343334197998 19.0103340148926 18.6843338012695 18.0676670074463 16.7566661834717 15.2749996185303 13.9743337631226 14.0590000152588 14.2130002975464 14.2049999237061 15.1789999008179 16.6936664581299 18.0203342437744 18.1736660003662 17.5616664886475 17.6049995422363 17.7576675415039 17.6889991760254 17.4449996948242 17.5279998779297 17.6590003967285 16.8770008087158 17.2013339996338 16.6293334960938 15.4460000991821
16.7593326568604 16.9153327941895 16.5383338928223 16.5923328399658 17.2840003967285 18.0100002288818 18.4066677093506 18.3689994812012 18.1683330535889 17.6883335113525 16.9090003967285 16.9006671905518 18.2366676330566 18.9659996032715 19.0496654510498 18.3689994812012 17.5659999847412 18.0473327636719 18.574333190918 19.1226673126221 19.4463329315186 19.3413333892822 18.908332824707 18.2589988708496 17.7906665802002 16.4139995574951 14.7220001220703 14.2886667251587 13.4619998931885 14.4483337402344 14.9226665496826 15.110333442688 16.1926670074463 17.5676670074463 18.4773330688477 18.1196670532227 17.1136665344238 17.7220001220703 18.0510005950928 16.9923324584961 16.33766746521 16.6033325195312 17.2959995269775 17.5659999847412 17.5543327331543 17.0936660766602 16.4489994049072
16.9483337402344 17.2986660003662 16.8763332366943 16.8153343200684 17.2703342437744 17.9200000762939 18.2343330383301 18.0356674194336 17.6536674499512 16.9346656799316 16.1266670227051 16.3973331451416 17.5926666259766 18.5393333435059 18.3899993896484 17.429666519165 17.1236667633057 17.6496658325195 18.3703327178955 19.0540008544922 19.423999786377 19.158332824707 18.3239994049072 17.3233337402344 16.8806667327881 15.7186670303345 14.3833332061768 13.6309995651245 14.3383331298828 15.2476663589478 15.4866666793823 16.2456665039062 17.328332901001 18.1643333435059 18.5620002746582 17.996000289917 17.2019996643066 17.9916667938232 18.2593326568604 17.7919998168945 16.6706657409668 16.0403327941895 16.2843341827393 16.7923336029053 17.3199996948242 17.3313331604004 16.8643341064453
16.9056663513184 17.4316654205322 17.0656661987305 16.8936672210693 17.3043327331543 17.845666885376 17.9553337097168 17.5410003662109 16.767333984375 16.08766746521 15.6770000457764 15.7576665878296 17.441333770752 18.2156658172607 17.9160003662109 17.1270008087158 16.9063339233398 17.3076667785645 18.0103340148926 18.8833332061768 19.3570003509521 19.0863342285156 18.2923336029053 17.1879997253418 16.1573333740234 15.0900001525879 14.0319995880127 14.2119998931885 15.3783330917358 16.2379989624023 16.8159999847412 17.6273326873779 18.218334197998 18.6126670837402 18.6263332366943 17.9610004425049 18.0813331604004 18.4133338928223 18.4033336639404 18.292667388916 17.4523334503174 16.2336673736572 14.673999786377 15.0659999847412 16.1620006561279 17.1673336029053 17.0030002593994
17.2796669006348 17.6086673736572 17.57200050354 17.4743328094482 17.5936660766602 17.6823329925537 17.4130001068115 16.6896667480469 15.5463333129883 14.2290000915527 14.1820001602173 15.6680002212524 17.4263324737549 18.1106662750244 17.9473323822021 17.3896675109863 16.4099998474121 16.673999786377 17.5556659698486 18.5273323059082 19.0599994659424 18.9776668548584 18.2516670227051 16.8656673431396 15.6833333969116 15.4536666870117 14.5216665267944 15.1006669998169 15.9203329086304 16.6106662750244 17.3533325195312 17.9150009155273 18.3653335571289 18.691333770752 18.6833324432373 18.1690006256104 17.8876667022705 18.53733253479 18.6336669921875 18.4126663208008 17.548999786377 16.298999786377 14.6726665496826 14.1923332214355 15.1803331375122 16.8080005645752 17.0416660308838
17.1253337860107 17.6526660919189 17.7700004577637 17.738000869751 17.7666664123535 17.349666595459 16.7086658477783 16.1136665344238 15.1389999389648 14.1719999313354 13.9726667404175 15.4160003662109 17.0353336334229 17.7066669464111 17.6573333740234 17.3246669769287 16.4799995422363 16.3943328857422 17.25 18.0736656188965 18.4710006713867 18.5149993896484 17.9356670379639 16.6703338623047 15.5633335113525 15.9723339080811 16.0869998931885 16.6633338928223 16.9406661987305 17.1153335571289 17.3016662597656 17.8543338775635 18.3870010375977 18.5069999694824 18.0230007171631 17.7030010223389 18.3360004425049 18.6966667175293 18.6860008239746 18.3526668548584 17.400333404541 16.1713333129883 14.699333190918 14.2039995193481 15.429666519165 16.9513339996338 16.8566665649414
17.0736656188965 17.5756664276123 17.6553344726562 17.6936664581299 17.7376670837402 17.2789993286133 16.5856666564941 15.820333480835 14.7266664505005 14.4806661605835 13.9980001449585 14.7513332366943 16.171667098999 17.2446670532227 17.6043338775635 17.5639991760254 17.0026664733887 16.2203330993652 16.9606666564941 18.0279998779297 18.6783332824707 18.5193328857422 17.6299991607666 16.156665802002 16.1770000457764 17.1100006103516 17.8493328094482 18.2203330993652 18.1909999847412 17.2590007781982 15.7706670761108 17.0459995269775 18.0336666107178 17.7963333129883 16.7159996032715 16.78733253479 18.2740001678467 18.5923328399658 18.6270008087158 18.2626667022705 17.236665725708 16.2473335266113 16.0346660614014 15.4890003204346 16.0943336486816 17.2849998474121 16.9073333740234
17.2053337097168 17.4366664886475 17.5149993896484 17.6336669921875 17.7690010070801 17.5289993286133 17.0190010070801 16.4683322906494 16.0313339233398 15.6236667633057 14.9476671218872 14.6283330917358 15.5043334960938 16.798999786377 17.5356674194336 17.7859992980957 17.3649997711182 16.086332321167 16.453332901001 17.732666015625 18.55299949646 18.2703323364258 17.4226665496826 16.8036670684814 17.5526657104492 18.359001159668 18.9263343811035 19.1280002593994 18.8039989471436 17.3530006408691 15.0256662368774 16.5063323974609 17.5756664276123 17.0543327331543 15.496000289917 16.2969989776611 18.1599998474121 18.3600006103516 18.3439998626709 18.1226673126221 16.6576671600342 16.1089992523193 16.8596668243408 17.1200008392334 17.1206665039062 17.324333190918 16.3806667327881
17 17.1966667175293 17.3976669311523 17.5690002441406 17.7690010070801 17.7496662139893 17.4943332672119 17.2269992828369 16.9949989318848 16.6533336639404 16.2189998626709 15.1826667785645 15.0206661224365 16.2826671600342 17.2856674194336 17.7969989776611 17.5440006256104 16.1943340301514 16.4166660308838 17.6453323364258 18.4020004272461 18.0329990386963 17.3706665039062 17.8096675872803 18.4906673431396 19.1106662750244 19.6040000915527 19.7273330688477 19.3676662445068 18.0723342895508 15.5886669158936 16.5656661987305 17.2360000610352 16.4313335418701 15.1693334579468 16.861665725708 18.332332611084 18.4113330841064 18.2386665344238 17.9836673736572 16.7369995117188 16.5486660003662 17.3110008239746 17.8799991607666 17.8780002593994 17.316333770752 16.2770004272461
16.1590003967285 16.6413326263428 17.0476665496826 17.3889999389648 17.6889991760254 17.8139991760254 17.7509994506836 17.621000289917 17.5343322753906 17.3693332672119 16.974666595459 16.1426658630371 15.03600025177 15.4826669692993 16.8286666870117 17.570333480835 17.7530002593994 17.3316669464111 17.3939990997314 17.9983329772949 18.4603328704834 18.142333984375 17.5633335113525 17.7353324890137 18.6110000610352 19.42799949646 19.9139995574951 20.0426654815674 19.8946666717529 19.0469989776611 16.318000793457 16.6776657104492 16.6070003509521 16.4793338775635 16.4366664886475 17.5879993438721 18.3646659851074 18.5340003967285 18.0806674957275 17.8449993133545 17.7679996490479 17.1163330078125 17.7906665802002 18.3813323974609 17.796667098999 16.9903335571289 16.2623329162598
15.4766664505005 16.0500011444092 16.6096668243408 17.1256656646729 17.5396671295166 17.7553329467773 17.8150005340576 17.7993335723877 17.7770004272461 17.6389999389648 17.3186664581299 16.7556667327881 15.548999786377 15.0343332290649 16.386999130249 17.3173332214355 17.7536659240723 17.9616661071777 18.0839996337891 18.3226661682129 18.3726673126221 17.8316669464111 17.1406669616699 17.6376667022705 18.5433330535889 19.5203342437744 20.0909996032715 20.2556667327881 20.0983333587646 19.2919998168945 17.5370006561279 16.7950000762939 16.4936656951904 16.804666519165 16.8619995117188 17.6119995117188 18.1166667938232 18.2250003814697 17.5123329162598 17.6196670532227 17.9020004272461 18.0946655273438 18.5223331451416 18.3953342437744 17.654333114624 16.8106670379639 16.0326671600342
15.3703336715698 15.6373329162598 16.1443328857422 16.6696662902832 17.21266746521 17.5893325805664 17.7049999237061 17.6703338623047 17.7596664428711 17.8673324584961 17.7486667633057 17.2656669616699 15.9773330688477 15.385666847229 16.2283325195312 17.1106662750244 17.7399997711182 18.0750007629395 17.8326663970947 18.0396671295166 17.9139995574951 17.328332901001 17.4909992218018 18.2800006866455 18.9209995269775 19.7676658630371 20.0096664428711 20.046667098999 19.7846660614014 18.8703327178955 17.771333694458 16.836332321167 16.2259998321533 16.3150005340576 16.0196666717529 16.2763328552246 16.6900005340576 17.1083335876465 16.8573341369629 17.4726657867432 17.4656658172607 17.8823337554932 18.1300010681152 18.0440006256104 17.4893341064453 16.5863342285156 15.7876672744751
15.9670000076294 15.7546663284302 15.7443332672119 16.0953330993652 16.7590007781982 17.4006652832031 17.6046657562256 17.4673328399658 17.6606674194336 18.1253337860107 18.2360000610352 17.7899990081787 16.4623336791992 15.8870000839233 16.4656677246094 17.3223342895508 17.9483337402344 18.1230010986328 17.5459995269775 17.6286678314209 17.8003330230713 17.4780006408691 17.9913330078125 18.9496669769287 19.6420001983643 19.9026660919189 19.7889995574951 19.6973342895508 19.2213325500488 17.9680004119873 17.0780010223389 16.451000213623 15.6850004196167 15.5819997787476 15.3199996948242 14.6973333358765 15.0989999771118 16.1726665496826 16.7876663208008 17.5 17.6273326873779 17.1183338165283 17.595666885376 17.8136672973633 17.3013343811035 16.3943328857422 15.753999710083
16.67799949646 16.1103324890137 15.6753330230713 15.7510004043579 16.4759998321533 17.271333694458 17.5636672973633 17.4233341217041 17.7136669158936 18.2290000915527 18.4276676177979 18.0779991149902 17.0033340454102 16.7543334960938 17.2719993591309 17.8673324584961 18.3150005340576 18.2129993438721 17.5163326263428 17.5816669464111 17.9076671600342 18.0176658630371 18.6243343353271 19.1949996948242 19.5356674194336 19.5686664581299 19.4046669006348 19.2059993743896 18.4596672058105 16.5873336791992 16.0556659698486 15.6280002593994 15.3773336410522 15.8723335266113 15.6160001754761 14.3733329772949 15.3016662597656 16.5653343200684 17.3689994812012 17.8999996185303 17.4056663513184 17.6529998779297 18.468334197998 18.5816669464111 18.113000869751 17.5270004272461 17.4443321228027
16.6266670227051 16.21266746521 15.9653329849243 16.0276660919189 16.5793342590332 17.1263332366943 17.2923336029053 17.2176666259766 17.5979995727539 18.2076663970947 18.4166660308838 18.1886672973633 17.1806659698486 16.9023342132568 17.6556663513184 18.2336673736572 18.5570011138916 18.0583324432373 17.0533332824707 16.9283332824707 17.5266666412354 18.0020008087158 18.5683326721191 18.8643341064453 18.8753337860107 18.6306667327881 18.1620006561279 17.8256664276123 17.9293327331543 16.8563327789307 17.1359996795654 16.9589996337891 17.0109996795654 17.1103324890137 16.0659999847412 15.5823335647583 16.8476657867432 17.7463340759277 18.2530002593994 18.3216667175293 17.7880001068115 18.3783340454102 18.7183322906494 18.3369998931885 17.6340007781982 17.8756656646729 18.2469997406006
16.5533332824707 16.4926662445068 16.42799949646 16.3666667938232 16.6280002593994 16.9686660766602 17.0603332519531 17.2313327789307 17.8096656799316 18.3290004730225 18.4833335876465 18.3753337860107 17.4503326416016 16.9619998931885 17.7243347167969 18.4729995727539 18.6989994049072 17.8530006408691 16.5699996948242 16.1816673278809 16.9500007629395 17.7566661834717 18.0419998168945 18.0396671295166 17.9026660919189 17.1883335113525 16.042667388916 16.6023330688477 17.5833339691162 18.1616668701172 18.4699993133545 18.3763332366943 18.1356658935547 17.6299991607666 15.8280000686646 15.8140001296997 17.1270008087158 18.0973339080811 18.5260009765625 18.4103336334229 17.6456661224365 18.2609996795654 18.2776660919189 17.1396675109863 16.3113327026367 17.4179992675781 18.1886672973633
16.5389995574951 16.578332901001 16.3523330688477 16.1200008392334 16.4873332977295 17.1206665039062 17.4386672973633 17.6620006561279 18.1413326263428 18.5386657714844 18.6319999694824 18.4529991149902 17.5446662902832 16.3483333587646 17.429666519165 18.3430004119873 18.5463333129883 17.7986660003662 16.6483325958252 15.5746669769287 16.4103336334229 17.4586658477783 17.5046672821045 17.4636669158936 17.6119995117188 16.7836666107178 15.46399974823 16.0896663665771 17.4806671142578 18.4116668701172 18.888334274292 19.0396671295166 19.0353336334229 18.0363330841064 16.1520004272461 16.9750003814697 17.775333404541 18.2196674346924 18.5623340606689 18.4990005493164 17.6733341217041 17.8553333282471 17.6546669006348 15.7243337631226 15.349666595459 16.978666305542 17.814001083374
16.3313331604004 16.3250007629395 16.2193336486816 16.3209991455078 16.8023338317871 17.4200000762939 17.8116664886475 18.0513324737549 18.3076667785645 18.4406661987305 18.5003337860107 18.2806663513184 17.4653339385986 16.7093334197998 17.5006656646729 18.1480007171631 18.3390007019043 17.8343334197998 16.5066661834717 15.8563327789307 16.6636657714844 17.679666519165 18.4456672668457 18.4246673583984 17.810998916626 16.841667175293 15.7436666488647 15.1973333358765 16.689001083374 17.9986667633057 18.7146663665771 19.1760005950928 19.3549995422363 18.328332901001 16.9120006561279 17.4890003204346 18.0049991607666 17.8776664733887 18.1066665649414 18.341667175293 18.0903339385986 17.9200000762939 17.1686668395996 15.5826663970947 15.4010000228882 16.6283340454102 17.5096664428711
16.3916664123535 16.4020004272461 16.3729991912842 16.7423343658447 17.2000007629395 17.6229991912842 17.8786659240723 18.0459995269775 18.2393341064453 18.3253326416016 18.2686672210693 17.7603340148926 16.7516670227051 16.5563335418701 17.4656658172607 18.2309989929199 18.3996658325195 17.2243328094482 15.4616661071777 15.5123329162598 16.9409999847412 17.9640007019043 18.7356662750244 18.6476669311523 17.9996662139893 16.9406661987305 16.1940002441406 14.6823329925537 16.1366672515869 17.1876659393311 18.308666229248 18.9109992980957 19.3156661987305 18.9466667175293 17.9530010223389 17.1643333435059 17.0666675567627 16.8913345336914 17.2870006561279 17.9909992218018 18.3290004730225 18.4663333892822 17.3173332214355 17.1223335266113 16.5300006866455 17.1593341827393 17.9506664276123
16.5639991760254 16.683666229248 16.4933338165283 16.845666885376 17.1550006866455 17.2726669311523 17.2603340148926 17.5889987945557 17.9680004119873 17.9890003204346 17.7976665496826 16.9093341827393 16.0886669158936 15.9996662139893 16.9386672973633 17.8403339385986 17.7019996643066 15.8299999237061 15.3343334197998 16.3816661834717 17.5473327636719 18.3696670532227 18.8880004882812 18.9153327941895 18.3683338165283 17.4169998168945 16.5306663513184 15.4899997711182 16.5576667785645 17.3190002441406 18.1399993896484 18.7083339691162 19.1663341522217 19.1649990081787 18.4443340301514 17.2186660766602 16.099666595459 16.0949993133545 16.8956661224365 17.7150001525879 18.1843338012695 18.1979999542236 17.6003341674805 17.7796669006348 17.7870006561279 17.7919998168945 18.1510009765625
16.3039989471436 16.4969997406006 16.5086669921875 16.7566661834717 16.7703323364258 16.6620006561279 16.7100009918213 17.117000579834 17.3226661682129 17.1429996490479 16.8959999084473 16.1586666107178 15.8503332138062 15.8543329238892 16.4303321838379 17.2399997711182 16.7479991912842 15.6493330001831 16.1713333129883 17.2143325805664 18.1700000762939 18.8363342285156 19.2693328857422 19.3250007629395 18.8603324890137 17.7840003967285 16.9293327331543 16.316333770752 17.1459999084473 17.7876663208008 18.2903327941895 18.7430000305176 19.0919990539551 19.1293334960938 18.3999996185303 16.7436676025391 14.8990001678467 15.1443328857422 16.3133335113525 17.2393341064453 18.0596675872803 18.0690002441406 17.6986675262451 18.0043334960938 18.2150001525879 18.0156669616699 18.1576671600342
