examples/night_lizards/data/train-rasters-2.5m/bclim7.asc
NCOLS 322 
NROWS 151 
XLLCORNER -122.75 
YLLCORNER 31.9166666666667 
CELLSIZE 0.0416666666666677 
NODATA_value -3.4e+38 
[rows 63 to 83 of 151, columns 48 to 95 of 322]
29.6599998474121 31 32.1440010070801 32.560001373291 32.7759971618652 33.015998840332 33.4360008239746 33.9919967651367 34.5200004577637 34.9000015258789 34.8159980773926 34.7760009765625 34.8639984130859 35.2680015563965 35.7360000610352 36.3320007324219 36.7679977416992 36.8479957580566 36.8959999084473 36.8080024719238 36.923999786377 37.2679977416992 37.1840019226074 35.9160003662109 34.5240020751953 34.6959991455078 34.7320022583008 35.2999992370605 36.0799980163574 35.3039970397949 34.1199989318848 34.0720024108887 34.2480010986328 34.3120002746582 34.4039993286133 33.9440002441406 33.3759994506836 33.492000579834 33.7360000610352 33.9919967651367 35.6479988098145 36.7800025939941 37.0119972229004 36.984001159668 36.8759994506836 36.507999420166 35.2840003967285 33.8959999084473
28.2999992370605 29.8800010681152 31.2559986114502 31.8519992828369 32.3800010681152 32.7960014343262 33.0320014953613 33.5719985961914 34.2999992370605 34.8520011901855 34.9360008239746 35.2560005187988 35.1360015869141 35.2440032958984 35.515998840332 35.9200019836426 36.1879997253418 36.1080017089844 36.3919982910156 36.9720001220703 37.2720031738281 37.4200019836426 37.3040008544922 36.4280014038086 34.8040008544922 34.2159996032715 34.1959991455078 35.0400009155273 35.939998626709 35.484001159668 34.5880012512207 34.3599967956543 34.1240005493164 33.9599990844727 34.1520004272461 34.0920028686523 33.4160003662109 33.5639991760254 33.8040008544922 34.2159996032715 35.7319984436035 36.6599998474121 36.8120002746582 36.8160018920898 36.6959991455078 36.3680000305176 35.5800018310547 33.8600006103516
26.8280010223389 28.5679988861084 29.8600006103516 30.7560005187988 31.6040000915527 32.2959976196289 32.5880012512207 32.9640007019043 33.447998046875 34.1480026245117 34.7400016784668 35.2319984436035 35.1919975280762 35.0359992980957 35.2119979858398 35.7760009765625 36.060001373291 35.7480010986328 35.4879989624023 35.9440002441406 36.8079986572266 37.2480010986328 37.3120002746582 36.9000015258789 35.6399993896484 34.576000213623 34.1679992675781 34.931999206543 35.4080009460449 35.1040000915527 34.7159996032715 34.523998260498 34.3000030517578 33.9160003662109 33.9520034790039 34.1599998474121 33.6759986877441 33.5999984741211 33.7679977416992 34.0039978027344 35.1720008850098 36.1640014648438 36.4320030212402 36.4759979248047 36.4959983825684 36.2760009765625 35.6839981079102 34.576000213623
25.7399997711182 27.4839992523193 28.9679985046387 29.7839984893799 30.3400001525879 30.6280002593994 31.1000003814697 31.6159992218018 31.8639984130859 32.1759986877441 33.0639991760254 34.0039978027344 34.6520004272461 35.0559997558594 35.2319984436035 35.8640022277832 36.3759994506836 36.2560005187988 35.8999977111816 35.3159980773926 35.6520004272461 36.076000213623 36.484001159668 36.7959976196289 36.4360008239746 35.8920021057129 35.5 35.8720016479492 36.1639976501465 35.2280006408691 34.4119987487793 34.5639991760254 34.620002746582 34.4000015258789 34.3479995727539 34.0799980163574 33.984001159668 34.2120018005371 34.3239974975586 34.1599998474121 34.6440010070801 35.1520004272461 35.2200012207031 35.6040000915527 36.2040023803711 36.1959991455078 35.9799995422363 35.2159996032715
24.8400001525879 26.511999130249 27.6400012969971 28.5120010375977 29.2520008087158 29.492000579834 29.8519992828369 30.4919986724854 30.8680000305176 30.6799983978271 31.1719989776611 32.2120018005371 33.2400016784668 34.3520011901855 35.0040016174316 35.8600006103516 36.6440010070801 36.8560028076172 36.7999992370605 36.0999984741211 34.923999786377 34.6599998474121 35.5639991760254 36.492000579834 36.8040008544922 36.7080001831055 36.492000579834 36.8720016479492 37.2320022583008 36.2200012207031 34.992000579834 34.6319999694824 34.5120010375977 34.7319984436035 35.0319976806641 34.4519996643066 34.5839996337891 35.0040016174316 34.8839988708496 34.560001373291 34.4160003662109 34.3600006103516 34.5120010375977 35.1319999694824 35.5679969787598 35.5200004577637 35.5 35.7319984436035
22.6999988555908 24.8920001983643 25.9479999542236 26.9679985046387 27.9839992523193 28.8360004425049 29.076000213623 29.8280010223389 30.6919994354248 31.0880012512207 30.8639984130859 30.9440002441406 31.4839992523193 32.7239990234375 34.0559997558594 35.1119995117188 36.0880012512207 36.9599990844727 37.3920021057129 37.2280006408691 36.3319969177246 34.8720016479492 35.023998260498 36.1040000915527 36.7400016784668 36.7400016784668 36.4119987487793 36.7760009765625 37.1560020446777 36.8839988708496 36.1639976501465 35.379997253418 34.9640007019043 35.1360015869141 35.5640029907227 35.3839988708496 35.5320014953613 35.5359992980957 35.0999984741211 34.576000213623 34.2520027160645 34.2080001831055 34.568000793457 34.8520011901855 34.6879997253418 34.5800018310547 34.8640022277832 35.1999969482422
21.2560005187988 22.5639991760254 23.7719993591309 25.3760013580322 26.4160003662109 27.2080001831055 27.7639999389648 28.5799999237061 29.5559997558594 30.2879981994629 30.503999710083 30.2199993133545 30.1080017089844 31.3519992828369 32.7919998168945 33.8639984130859 34.8919982910156 36.3839988708496 37.371997833252 37.6679992675781 37.5960006713867 36.7120018005371 34.8199996948242 34.8439979553223 36.0839996337891 36.7080001831055 36.6920013427734 36.7519989013672 36.9680023193359 36.8599967956543 36.6119995117188 36.4599990844727 36.1880035400391 35.923999786377 36.1160011291504 36.3239974975586 36.4000015258789 36.0559997558594 34.8839988708496 34.0999984741211 34.1119995117188 34.3479995727539 34.5480003356934 34.6759986877441 34.5519981384277 34.5480003356934 34.7879981994629 34.7000007629395
20.0520000457764 20.9759998321533 22.7639999389648 24.4360008239746 25.515998840332 25.496000289917 25.9320011138916 26.7480010986328 27.3519992828369 27.8920001983643 28.6040000915527 29.5120010375977 29.7599983215332 30.496000289917 31.5559997558594 33.1679992675781 34.7239990234375 35.7039985656738 36.3959999084473 37.0480003356934 37.3160018920898 37.2080001831055 36.476001739502 34.7199974060059 34.2240028381348 35.8440017700195 36.8400001525879 36.9280014038086 36.9800033569336 36.9400024414062 36.6399993896484 36.3279991149902 36.1959991455078 36.0480003356934 35.9320030212402 36.1559982299805 35.8320007324219 35.3880004882812 33.8800010681152 33.2759971618652 33.7080001831055 34.0279998779297 34.023998260498 34.3440017700195 34.5400009155273 34.3920021057129 34.3720016479492 34.0519981384277
19.2360000610352 20.2600002288818 21.8120002746582 22.8560009002686 24.2200012207031 24.9039993286133 23.9160003662109 24.7320003509521 26.1799983978271 26.7199993133545 27.3839988708496 28.003999710083 29.1079998016357 30.2439994812012 30.4720001220703 31.9559993743896 33.8520011901855 34.9959983825684 35.7480010986328 36.2080001831055 36.6119995117188 36.8199996948242 37.1880035400391 36.6959991455078 35.2000007629395 35.1800003051758 36.1959991455078 36.4440002441406 36.5400009155273 36.8519973754883 36.9039993286133 36.5960006713867 36.3320007324219 35.5519981384277 34.1160011291504 33.7919998168945 33.7559967041016 33.552001953125 33.3279991149902 33.1360015869141 33.3439979553223 33.2759971618652 33.2480010986328 33.7399978637695 34.120002746582 34.1960029602051 34.2560005187988 34.076000213623
17.7600002288818 18.7874984741211 20.2799987792969 21.3959999084473 22.3920001983643 23.1200008392334 23.2840003967285 24.0120010375977 25.8880004882812 26.7560005187988 27.3319988250732 27.6280002593994 28.5200004577637 29.4839992523193 30.3199996948242 30.6359996795654 31.6999988555908 33.2080001831055 34.2519989013672 35.1800003051758 36.128002166748 37.0480003356934 37.3600006103516 37.3120002746582 36.6760025024414 35.5639991760254 35.1440010070801 35.8239974975586 36.3359985351562 36.5120010375977 36.4680023193359 36.3479995727539 36.2480010986328 35.3399963378906 33.6640014648438 32.8239974975586 32.8320007324219 32.7080001831055 32.5400009155273 32.6920013427734 32.7680015563965 32.6199989318848 32.7720031738281 33.4279975891113 34.007999420166 34.1679992675781 34.2200012207031 34.2760009765625
-3.4e+38 17.7000007629395 18.7124996185303 19.9560012817383 20.8759994506836 21.5919990539551 22.9799995422363 23.8159999847412 25.496000289917 26.5359992980957 27.4080009460449 27.7080001831055 28.3719997406006 28.9559993743896 29.7600002288818 30.496000289917 31.1159992218018 32.1080017089844 33.0519981384277 33.8720016479492 34.1079978942871 35.3320007324219 36.3239974975586 37.0319976806641 37.2840003967285 37.0040016174316 36.0560035705566 35.0519981384277 35.5719985961914 35.9560012817383 35.871997833252 35.931999206543 36.0839996337891 35.7439994812012 34.9880027770996 34.0839996337891 33.8880004882812 33.4679985046387 33.0919990539551 32.9079971313477 32.4959983825684 32.3319969177246 32.7400016784668 33.628002166748 34.076000213623 33.8760032653809 34.1800003051758 34.1519966125488
-3.4e+38 -3.4e+38 17.9000015258789 19.1200008392334 20.503999710083 21.6000003814697 22.2040004730225 23.3159999847412 24.6040000915527 25.996000289917 26.7880001068115 26.9720001220703 27.5359992980957 28.5120010375977 29.2719993591309 30.1919994354248 31.2840023040771 32.2160034179688 32.9519996643066 33.6440010070801 33.7200012207031 32.8400001525879 33.2959976196289 35.052001953125 36.3600006103516 37.2119979858398 37.2119979858398 36.2240028381348 35.2999992370605 35.2840003967285 35.4799995422363 35.5920028686523 35.6759986877441 35.3839988708496 34.7000007629395 33.9560012817383 33.6960029602051 33.5999984741211 33.6080017089844 33.6040000915527 33.7319984436035 33.6520004272461 33.3279991149902 33.4440002441406 33.8159980773926 34 34.476001739502 34.6440010070801
-3.4e+38 -3.4e+38 17.3250007629395 18.7159996032715 20.076000213623 20.9839992523193 21.8880004882812 23.1919994354248 23.8199996948242 24.5520000457764 25.496000289917 26.2280006408691 27.3279991149902 28.2719993591309 28.9440002441406 29.3199996948242 29.9720001220703 31.4440002441406 33.1160011291504 33.9360008239746 34.3519973754883 33.6560020446777 32.8120002746582 32.2119979858398 34.2080001831055 35.6319999694824 36.3199996948242 36.439998626709 36.007999420166 35.1920013427734 34.8400001525879 35.3519973754883 35.5279998779297 35.6240005493164 35.0040016174316 34.0999984741211 33.5240020751953 33.5599975585938 33.5200004577637 33.3120002746582 33.1640014648438 33.2719993591309 33.2520027160645 33.1119995117188 33.484001159668 34.007999420166 34.2159996032715 34.7280006408691
-3.4e+38 -3.4e+38 17.0571422576904 18.488000869751 19.5839996337891 20.3880004882812 21.57200050354 22.5480003356934 23.6079998016357 24.0120010375977 24.2000007629395 24.939998626709 26.1119995117188 27.3039989471436 28.2240009307861 28.6879997253418 28.9440002441406 29.3239994049072 31.4559993743896 33.3400001525879 34.4879989624023 34.6920013427734 34.2280006408691 32.6919975280762 32.5240020751953 33.6760025024414 34.2919998168945 34.7879981994629 35.1160011291504 35.0240020751953 35.0599975585938 35.3120002746582 35.5319976806641 35.7040023803711 35.6599998474121 35.1760025024414 34.7599983215332 34.9039993286133 34.7159996032715 34.0519981384277 33.7680015563965 33.8680000305176 33.923999786377 33.5 33.1440010070801 33.3400001525879 33.9599990844727 34.5200004577637
-3.4e+38 -3.4e+38 17.0615386962891 18.6000003814697 19.3440017700195 19.9400005340576 20.7520008087158 21.7159996032715 22.6599998474121 23.6319999694824 24.1999988555908 24.988000869751 25.7800006866455 26.6720008850098 27.6840000152588 28.4959983825684 28.9479999542236 28.7960014343262 28.5840015411377 30.8999996185303 32.6840019226074 33.5399971008301 34.2320022583008 34.3919982910156 34.2800025939941 34.6599998474121 34.5839996337891 33.628002166748 33.4560012817383 34.0359992980957 34.4720001220703 34.5480003356934 34.7159996032715 35.1800003051758 35.6599998474121 35.7599983215332 35.2760009765625 35.0200004577637 34.439998626709 33.9320030212402 33.2039985656738 34.2560005187988 34.8800010681152 34.6119995117188 33.7719993591309 33.5639991760254 34.2119979858398 33.447998046875
-3.4e+38 -3.4e+38 17.4499988555908 19.1399993896484 19.2480010986328 19.6679992675781 20.2360000610352 21.060001373291 21.923999786377 22.6399993896484 24.0639991760254 24.447998046875 25.0200004577637 25.7480010986328 26.7919998168945 27.9440002441406 28.560001373291 28.5839996337891 28.5520000457764 28.1399993896484 29.1719989776611 30.492000579834 32.2080001831055 33.6839981079102 34.8320007324219 35.3680000305176 34.7439994812012 33.9720001220703 33.576000213623 33.8999977111816 33.9959983825684 33.4959983825684 32.8199996948242 33.5840034484863 34.1599998474121 33.7360000610352 33.3360023498535 33.5480003356934 32.3839988708496 31.7759971618652 31.2759990692139 32.3600006103516 33.9799995422363 34.492000579834 34.068000793457 33.8600006103516 32.9720001220703 30.7239990234375
-3.4e+38 15.4999990463257 17.7000007629395 19.8640003204346 20.2679996490479 20.064001083374 20.4720001220703 21.1800003051758 22.068000793457 22.6199989318848 23.2840003967285 24.4559993743896 25.0400009155273 25.4040012359619 26.007999420166 27.2360000610352 28.1000003814697 28.3239994049072 28.8680000305176 28.3320007324219 27.5319995880127 27.4520015716553 28.4200000762939 30.4559993743896 32.8880004882812 34.4040031433105 34.431999206543 33.8999977111816 33.5839996337891 33.4440002441406 33.036003112793 32.5040016174316 31.6560001373291 31.4360008239746 31.2800006866455 30.2999992370605 29.5279998779297 29.6399993896484 29.507999420166 29.1720008850098 29.2039985656738 29.7840003967285 30.2159996032715 30.7800006866455 31.0320014953613 30.8359985351562 30.7999992370605 29.8640003204346
-3.4e+38 -3.4e+38 -3.4e+38 17.8611106872559 19.3439998626709 19.9759998321533 21.1359996795654 21.6520004272461 22.4640007019043 23.3520011901855 23.7960014343262 24.2119998931885 25.0400009155273 25.7719993591309 26.2159996032715 26.7760009765625 27.7119998931885 28.4519996643066 28.5 28.9039993286133 28.5160007476807 28.0920009613037 27.9240016937256 28.6159992218018 30.2399997711182 31.5400009155273 31.8719997406006 31.6800003051758 31.8000011444092 32.1800003051758 32.439998626709 31.6120014190674 31.3759994506836 30.9560012817383 30.4079990386963 29.8959999084473 28.6879997253418 28.0320014953613 28.2919998168945 28.1840000152588 28.3759994506836 28.923999786377 28.9039993286133 29.5960006713867 30.7759990692139 30.8680000305176 30.6639995574951 30.4479999542236
-3.4e+38 -3.4e+38 -3.4e+38 16.8199996948242 18.0999984741211 19.2960014343262 20.8479995727539 21.6840000152588 22.7439994812012 23.8199996948242 24.7240009307861 25.2320003509521 26.011999130249 27.1480007171631 27.3519992828369 26.8040008544922 26.7360000610352 27.6919994354248 28.3600006103516 28.1360015869141 28.6199989318848 29.068000793457 29.3800010681152 29.0879993438721 28.7280006408691 28.931999206543 29.1160011291504 28.7880001068115 29.5639991760254 29.9079990386963 31.0920009613037 31.5240001678467 31.2560005187988 30.9720001220703 30.9479999542236 30.423999786377 29.3159999847412 28.5319995880127 28.2560005187988 28.6560001373291 29.6360015869141 30.1319999694824 29.568000793457 29.7959995269775 30.988000869751 31.57200050354 31.5920009613037 32.1080017089844
-3.4e+38 -3.4e+38 15.6000003814697 16.7360000610352 17.8159980773926 18.8959999084473 20.0520000457764 20.7399997711182 21.7600002288818 23.0559997558594 24.1519985198975 25.0520000457764 26.1480007171631 27.2439994812012 27.9160003662109 27.4640007019043 26.6040000915527 26.4479999542236 27.2800006866455 28.1320018768311 28.1079998016357 27.7799987792969 28.4639987945557 29.1919994354248 28.4799995422363 28.2080001831055 27.996000289917 28.2559986114502 28.7840003967285 28.568000793457 28.996000289917 30.511999130249 30.935998916626 31.0279998779297 30.7199993133545 30.4440002441406 30.1440010070801 29.2320003509521 29.2880001068115 30.2960014343262 31.1040000915527 30.3720016479492 29.0359992980957 29.3600006103516 30.7200012207031 31.5319995880127 31.9200000762939 31.8319988250732
-3.4e+38 -3.4e+38 15.3000001907349 16.3050003051758 17.8680000305176 18.8800010681152 19.6240005493164 20.3359985351562 21.1319999694824 22.6480007171631 23.3120002746582 23.7240009307861 24.8680000305176 26.3199996948242 27.7439994812012 27.9560012817383 27.6359996795654 27.4799995422363 26.6040000915527 26.7119998931885 26.8320007324219 26.5439987182617 26.5879993438721 26.9479999542236 27.3759994506836 27.6599998474121 27.1679992675781 27.1560001373291 27.7600002288818 28.0400009155273 28.8280010223389 29.8079986572266 31.1519985198975 31.3119983673096 30.8080005645752 30.492000579834 30.003999710083 29.7040004730225 29.8239994049072 31.0639991760254 31.5240001678467 30.8240013122559 29.7639999389648 29.8519992828369 30.7280006408691 31.5039978027344 31.4839973449707 30.6040000915527
