examples/night_lizards/data/train-rasters-2.5m/bclim4.asc
NCOLS 322 
NROWS 151 
XLLCORNER -122.75 
YLLCORNER 31.9166666666667 
CELLSIZE 0.0416666666666677 
NODATA_value -3.4e+38 
[rows 63 to 83 of 151, columns 48 to 95 of 322]
458.443267822266 487.027679443359 509.144317626953 518.1474609375 525.252990722656 532.266906738281 543.036865234375 558.650817871094 571.757141113281 582.310791015625 585.399353027344 591.702819824219 596.304260253906 604.984313964844 619.005920410156 640.01904296875 658.300537109375 668.322265625 677.09326171875 686.003234863281 698.180480957031 708.942138671875 710.73046875 691.618774414062 670.214599609375 681.464904785156 685.38720703125 691.947021484375 709.054138183594 700.625915527344 681.485046386719 683.820373535156 692.050964355469 696.580383300781 696.348999023438 685.980163574219 678.11767578125 677.531005859375 676.664672851562 680.860046386719 714.455139160156 735.060180664062 737.961059570312 738.659301757812 736.450561523438 719.331359863281 671.091064453125 640.87060546875
441.021881103516 471.462188720703 495.703430175781 507.095916748047 517.980895996094 526.806213378906 534.318115234375 550.789428710938 568.822326660156 581.742492675781 586.550659179688 595.847961425781 598.12158203125 600.733459472656 607.9912109375 624.602661132812 642.904602050781 647.541625976562 658.56201171875 684.942077636719 701.625671386719 709.623657226562 711.043334960938 699.820190429688 675.60791015625 666.43505859375 670.118957519531 684.493347167969 703.630615234375 702.012084960938 689.012329101562 686.858093261719 686.853088378906 688.81787109375 693.060546875 690.971862792969 679.825988769531 681.330688476562 683.945556640625 690.045776367188 718.153137207031 737.326721191406 741.850891113281 741.424926757812 738.566772460938 729.342102050781 697.110229492188 647.97021484375
414.761962890625 450.341857910156 475.423126220703 491.679168701172 508.282989501953 521.270812988281 527.502380371094 539.227844238281 554.580749511719 570.01220703125 584.083190917969 594.620422363281 595.541748046875 596.688049316406 600.526611328125 616.16650390625 629.174072265625 627.339721679688 629.939636230469 650.3896484375 684.318664550781 700.466552734375 707.580078125 707.9052734375 691.581909179688 671.973449707031 667.629638671875 681.165832519531 689.019104003906 689.604736328125 691.41552734375 692.467163085938 690.292785644531 686.054809570312 688.501647949219 692.874450683594 682.469421386719 678.07421875 683.505004882812 687.640747070312 711.368896484375 730.037841796875 734.949096679688 736.645446777344 732.933654785156 726.720336914062 705.089233398438 675.216003417969
377.463531494141 422.602600097656 457.813873291016 474.174560546875 488.452575683594 496.254608154297 505.810638427734 518.477722167969 528.652160644531 541.030395507812 559.900024414062 577.467834472656 588.572875976562 597.193176269531 602.157165527344 614.943542480469 625.269775390625 624.434753417969 621.235656738281 620.706359863281 644.599365234375 669.45068359375 687.915100097656 701.524658203125 703.100891113281 696.181518554688 691.380737304688 700.482727050781 706.564697265625 690.062683105469 679.074645996094 688.593566894531 692.712890625 690.991638183594 692.446472167969 688.679992675781 687.203979492188 691.246154785156 698.591430664062 699.106323242188 714.157165527344 726.498291015625 726.203796386719 729.687561035156 737.164245605469 736.506958007812 728.280578613281 695.662048339844
340.134918212891 391.182830810547 429.182800292969 450.667327880859 468.706665039062 476.890899658203 486.827819824219 500.597290039062 510.796813964844 515.222412109375 528.50341796875 549.958190917969 569.5615234375 588.682189941406 601.347412109375 614.959533691406 629.805908203125 633.318542480469 630.568054199219 622.855041503906 614.122314453125 623.091857910156 655.450134277344 688.209777832031 704.142700195312 711.203857421875 710.994812011719 720.441162109375 732.659729003906 713.919250488281 687.96826171875 681.48974609375 681.860168457031 691.517395019531 701.611877441406 692.509887695312 697.802062988281 709.611267089844 715.4560546875 714.504516601562 717.19091796875 719.322204589844 717.052856445312 720.701538085938 727.972534179688 724.921142578125 719.741088867188 715.947387695312
296.264862060547 348.454132080078 388.741027832031 418.935882568359 445.119689941406 465.115509033203 475.644287109375 488.702575683594 504.308258056641 513.53955078125 517.383117675781 527.1552734375 542.209594726562 565.841247558594 587.470153808594 604.149780273438 625.020568847656 638.891723632812 643.520263671875 641.745422363281 626.335083007812 606.119140625 623.09912109375 660.079711914062 686.723388671875 701.789611816406 705.91845703125 716.446838378906 728.4365234375 729.523559570312 717.47412109375 699.663452148438 689.884033203125 696.811401367188 709.566223144531 707.49755859375 711.861206054688 715.544311523438 713.818115234375 711.4755859375 711.405517578125 713.444641113281 716.299926757812 716.306335449219 713.597900390625 710.760070800781 709.498168945312 709.422607421875
276.896331787109 305.823394775391 338.04296875 379.869201660156 412.123626708984 433.605133056641 450.063201904297 466.037841796875 483.788879394531 497.260650634766 507.015869140625 510.534912109375 518.559204101562 543.554260253906 569.239990234375 585.905090332031 602.258911132812 626.75537109375 642.752807617188 649.31640625 646.547790527344 628.613647460938 602.553833007812 615.482177734375 651.415832519531 678.248046875 693.597717285156 705.349182128906 711.672241210938 712.879821777344 717.402099609375 724.429565429688 722.237609863281 716.240600585938 720.202270507812 724.132202148438 726.0927734375 720.909729003906 701.825500488281 692.582702636719 700.420227050781 708.925537109375 708.076049804688 706.25634765625 705.308715820312 705.959289550781 707.392456054688 705.023864746094
264.96728515625 281.368591308594 313.381011962891 347.427673339844 379.628448486328 391.160797119141 404.9921875 426.280426025391 440.038726806641 450.417022705078 466.704620361328 487.700958251953 501.994018554688 522.130310058594 545.451782226562 571.211791992188 590.911315917969 608.312377929688 623.993713378906 637.933776855469 640.759948730469 636.878845214844 622.664428710938 600.715881347656 602.602111816406 642.169616699219 675.005249023438 690.8984375 702.464660644531 704.484619140625 703.619506835938 706.651733398438 712.976257324219 715.588745117188 715.251342773438 721.604248046875 719.725463867188 709.331115722656 681.681701660156 669.853393554688 679.495666503906 688.860290527344 689.96875 693.690734863281 695.446533203125 692.313659667969 690.950012207031 687.355773925781
251.211639404297 265.816101074219 292.586212158203 312.326721191406 339.702484130859 362.507507324219 352.506622314453 370.240966796875 398.943695068359 409.310119628906 428.116302490234 452.31640625 479.622680664062 503.173522949219 515.574462890625 546.385864257812 579.067687988281 595.801330566406 608.179626464844 618.986145019531 627.465393066406 630.264343261719 637.0869140625 631.272888183594 611.411254882812 620.134582519531 651.804931640625 674.072875976562 689.13232421875 704.087768554688 712.197143554688 713.835144042969 712.266235351562 695.872802734375 667.732849121094 671.724609375 679.108459472656 673.670471191406 670.61279296875 669.911682128906 669.610961914062 667.726196289062 671.174133300781 678.687866210938 682.14599609375 683.031005859375 686.214477539062 690.812438964844
214.971908569336 232.730224609375 259.950958251953 281.824981689453 301.313537597656 319.129699707031 330.452453613281 348.645355224609 383.892242431641 404.028045654297 419.219909667969 433.248260498047 459.79248046875 481.989990234375 500.082550048828 518.45849609375 545.9013671875 568.429748535156 583.568481445312 599.947265625 619.216491699219 635.297546386719 640.244018554688 640.618469238281 632.173706054688 620.9755859375 625.55078125 652.667602539062 677.842651367188 692.102844238281 700.223693847656 708.66259765625 709.709289550781 688.203735351562 647.746032714844 634.669128417969 641.717224121094 642.990844726562 642.1865234375 651.418762207031 654.145874023438 654.390747070312 658.95263671875 670.45556640625 679.681213378906 683.72705078125 691.184265136719 703.045837402344
-3.4e+38 212.96369934082 228.898406982422 250.339797973633 269.473999023438 287.285003662109 315.145446777344 336.803375244141 371.934997558594 396.682342529297 418.413391113281 431.786407470703 451.789184570312 466.368072509766 484.143157958984 508.490539550781 530.979553222656 550.092712402344 563.630798339844 577.035949707031 586.895568847656 609.492248535156 626.182678222656 636.676635742188 640.586791992188 639.842407226562 628.839660644531 620.152465820312 644.706848144531 672.775634765625 685.503112792969 692.165283203125 697.224182128906 693.916320800781 676.803955078125 660.13623046875 658.145324707031 651.642517089844 648.006713867188 646.428771972656 638.529907226562 636.547485351562 646.182861328125 665.718444824219 678.267517089844 680.586120605469 695.745849609375 699.688842773438
-3.4e+38 -3.4e+38 214.118179321289 232.437240600586 255.852081298828 279.017333984375 295.285736083984 323.659149169922 354.133331298828 384.263885498047 402.444183349609 412.0498046875 429.396453857422 455.094451904297 476.609039306641 502.713562011719 528.47265625 544.241333007812 557.835388183594 570.435791015625 573.353515625 568.906494140625 582.929809570312 611.505676269531 630.789916992188 644.547546386719 644.336730957031 631.28271484375 620.259033203125 638.64794921875 666.331726074219 679.609130859375 687.194519042969 683.234191894531 672.261352539062 659.953918457031 654.13623046875 654.225524902344 657.464294433594 660.148864746094 659.499938964844 656.0185546875 651.105407714844 656.320190429688 667.689331054688 678.032836914062 696.883666992188 702.776794433594
-3.4e+38 -3.4e+38 201.461624145508 222.501708984375 246.068374633789 265.788482666016 284.553527832031 313.1591796875 334.278930664062 354.822052001953 375.471496582031 392.121673583984 420.427795410156 446.371826171875 467.452239990234 486.592163085938 508.111785888672 536.148986816406 560.307006835938 570.937133789062 578.09765625 569.859008789062 564.556457519531 569.311157226562 600.627563476562 623.166564941406 636.657165527344 640.0869140625 629.811401367188 625.473205566406 637.660888671875 664.853515625 677.986389160156 683.751220703125 677.5439453125 665.886291503906 657.116882324219 660.614685058594 663.512329101562 660.074768066406 654.752746582031 653.912353515625 652.964538574219 649.405944824219 656.476379394531 671.335876464844 683.941589355469 701.836181640625
-3.4e+38 -3.4e+38 190.612594604492 211.272415161133 231.021759033203 250.996032714844 272.094665527344 291.110473632812 318.138549804688 333.561889648438 346.029541015625 364.841033935547 394.651916503906 422.410461425781 445.269195556641 468.247467041016 490.875915527344 509.902221679688 540.021423339844 565.549194335938 582.095764160156 588.083801269531 581.135803222656 564.746459960938 566.636535644531 585.835083007812 600.640014648438 614.429931640625 622.652954101562 623.785217285156 634.639709472656 656.965087890625 670.102416992188 680.361877441406 684.222473144531 677.611450195312 674.743957519531 682.518798828125 682.637939453125 675.06591796875 673.182006835938 676.313598632812 676.592163085938 662.144348144531 651.437683105469 658.851745605469 676.132568359375 694.337463378906
-3.4e+38 -3.4e+38 184.988433837891 206.635986328125 221.610900878906 236.201324462891 251.681671142578 271.334136962891 295.394500732422 321.597106933594 342.324279785156 369.312103271484 392.155212402344 413.002014160156 434.063842773438 456.282348632812 476.571990966797 491.12158203125 506.007965087891 534.022399902344 557.827392578125 571.239562988281 584.573181152344 588.387451171875 584.162231445312 587.817932128906 588.550842285156 582.447998046875 585.624328613281 599.447875976562 616.829467773438 629.9814453125 643.847412109375 659.466796875 671.259155273438 675.449523925781 673.195068359375 673.973999023438 667.827331542969 664.236511230469 656.482482910156 676.900329589844 689.968444824219 683.325622558594 666.068359375 663.598937988281 683.638977050781 683.490905761719
-3.4e+38 -3.4e+38 193.687789916992 216.899978637695 219.519607543945 227.851165771484 240.32585144043 258.608795166016 279.938323974609 301.757202148438 331.414184570312 349.584442138672 370.630218505859 395.824645996094 416.115142822266 438.21533203125 457.896148681641 473.301116943359 487.727081298828 500.633911132812 517.354675292969 536.007873535156 561.105773925781 580.771423339844 594.535034179688 598.407592773438 580.962036132812 564.949584960938 559.851440429688 579.094787597656 600.785888671875 604.921447753906 605.154846191406 621.440124511719 638.757080078125 641.137756347656 637.582336425781 640.418823242188 629.875061035156 624.623779296875 618.497375488281 633.037841796875 664.466674804688 684.055419921875 682.046936035156 679.874572753906 675.258178710938 648.908630371094
-3.4e+38 165.082626342773 200.413833618164 241.65364074707 246.378204345703 236.270202636719 243.025817871094 259.681304931641 281.410949707031 298.499328613281 314.173767089844 337.315063476562 356.062347412109 378.094207763672 392.360076904297 418.677734375 444.338775634766 460.348327636719 475.71728515625 485.703582763672 492.844207763672 500.778381347656 517.233520507812 541.575622558594 570.408447265625 589.817260742188 583.165405273438 569.859191894531 563.655395507812 571.462768554688 582.514038085938 585.495178222656 580.970581054688 587.863830566406 595.387145996094 590.011047363281 585.3994140625 589.816162109375 589.23291015625 585.685668945312 588.971618652344 599.089477539062 613.696105957031 632.356994628906 641.360046386719 642.227600097656 644.685791015625 631.750244140625
-3.4e+38 -3.4e+38 -3.4e+38 198.917816162109 221.759048461914 231.638595581055 255.536178588867 270.680114746094 291.979522705078 311.526123046875 322.792877197266 332.764770507812 350.842956542969 369.640808105469 383.023895263672 406.452026367188 434.690795898438 452.705383300781 462.768615722656 478.100402832031 483.946197509766 488.975708007812 498.364349365234 513.622680664062 533.587768554688 552.497985839844 557.810119628906 556.081970214844 557.932556152344 565.567260742188 573.19970703125 572.310607910156 576.157470703125 580.3671875 581.232116699219 578.202331542969 571.43896484375 574.456298828125 584.638916015625 586.467041015625 588.793212890625 593.513671875 597.653137207031 613.486877441406 633.013000488281 637.076049804688 639.250061035156 638.561340332031
-3.4e+38 -3.4e+38 -3.4e+38 169.518173217773 188.937622070312 216.94645690918 249.647155761719 271.017639160156 296.225219726562 318.770874023438 336.317016601562 347.204895019531 362.275390625 383.315307617188 393.933319091797 405.664703369141 423.843536376953 443.982940673828 458.829010009766 467.26708984375 480.809417724609 493.5791015625 502.73779296875 509.974700927734 515.341003417969 520.386596679688 524.466003417969 527.245422363281 537.91162109375 548.18017578125 559.323486328125 567.459716796875 575.576721191406 580.83642578125 585.643859863281 583.893371582031 578.079772949219 577.477844238281 585.670104980469 593.902954101562 602.33935546875 607.734619140625 608.851501464844 616.802307128906 632.023010253906 642.923278808594 649.734130859375 663.267333984375
-3.4e+38 -3.4e+38 151.803085327148 166.996505737305 185.287521362305 209.433181762695 233.180114746094 251.791107177734 277.755889892578 305.288360595703 325.997833251953 341.914703369141 361.199676513672 383.392028808594 401.811431884766 408.409271240234 415.142608642578 433.863739013672 453.663421630859 466.384155273438 475.508270263672 488.981170654297 502.07080078125 511.479370117188 511.565948486328 513.979248046875 515.843200683594 518.854309082031 526.901733398438 533.644958496094 542.768432617188 559.56982421875 570.896545410156 577.916931152344 580.018737792969 580.91650390625 582.794372558594 582.124755859375 588.133728027344 600.989440917969 613.638366699219 612.70458984375 605.322448730469 610.83349609375 623.999206542969 636.128662109375 645.939025878906 653.3623046875
-3.4e+38 -3.4e+38 146.649444580078 161.946975708008 187.541519165039 209.295867919922 226.027984619141 247.151153564453 268.587158203125 298.680480957031 313.543029785156 323.267272949219 343.985168457031 370.244903564453 399.225067138672 409.058959960938 410.866851806641 424.384399414062 442.872650146484 454.102386474609 461.149871826172 476.690673828125 492.314392089844 499.761596679688 504.577178955078 508.830352783203 511.477447509766 511.942718505859 517.134155273438 529.519409179688 542.522521972656 556.74609375 571.876525878906 577.657897949219 576.796569824219 579.052429199219 582.506103515625 584.951293945312 592.280029296875 611.832580566406 623.151611328125 620.826110839844 612.631225585938 615.364685058594 625.396240234375 632.167724609375 631.258056640625 627.174682617188
