examples/night_lizards/data/train-rasters-2.5m/bclim3.asc
NCOLS 322 
NROWS 151 
XLLCORNER -122.75 
YLLCORNER 31.9166666666667 
CELLSIZE 0.0416666666666677 
NODATA_value -3.4e+38 
[rows 63 to 83 of 151, columns 141 to 187 of 322]
41.9840850830078 41.6162567138672 41.4310836791992 41.3280296325684 41.5735931396484 41.5920219421387 41.3852386474609 41.3930892944336 41.3514823913574 41.0204696655273 41.0553398132324 40.9828758239746 40.3739929199219 40.0029716491699 39.9816970825195 40.4925422668457 41.0896987915039 41.6034355163574 41.7053756713867 41.4704895019531 41.3678817749023 41.3474273681641 41.2044792175293 41.2548942565918 41.6467475891113 41.7766151428223 42.0983428955078 42.2276725769043 41.6062355041504 40.6862754821777 40.1795883178711 39.5413856506348 38.4674301147461 38.8703918457031 39.1261100769043 38.9530296325684 38.620719909668 37.9616432189941 38.0681381225586 38.7559242248535 40.0835227966309 39.1659622192383 38.5351448059082 38.757137298584 38.4374008178711 37.9971160888672 37.9128341674805
42.2977905273438 42.1060104370117 41.7502098083496 41.4476928710938 41.2463264465332 41.6358909606934 42.2000694274902 42.7864532470703 42.7294464111328 42.3890914916992 42.4102630615234 42.5068092346191 42.3744163513184 41.6713600158691 40.7448883056641 40.5364112854004 40.7494468688965 41.2091903686523 41.398983001709 41.1712493896484 41.1453437805176 41.1514625549316 41.0507164001465 41.2406272888184 41.6946487426758 42.0685234069824 42.4528923034668 42.4035148620605 41.5526924133301 40.8791427612305 41.352165222168 39.9730758666992 38.5032081604004 38.9245872497559 39.3672523498535 39.3524208068848 39.089656829834 38.7395782470703 38.3618583679199 38.629524230957 39.7439727783203 39.7581253051758 39.0748596191406 38.9355163574219 39.1044921875 39.2181129455566 38.6176071166992
43.2169914245605 42.9473152160645 42.6268844604492 42.4261627197266 42.0398406982422 42.0271377563477 42.3710021972656 42.694652557373 42.8658027648926 42.8174781799316 43.042537689209 43.3851547241211 43.8073997497559 43.2774848937988 42.0360565185547 41.0531005859375 40.810863494873 41.0826263427734 41.2847747802734 41.165771484375 41.323112487793 41.4144859313965 41.3610916137695 41.381160736084 41.5522155761719 41.8761024475098 42.3542671203613 42.4025192260742 41.6525840759277 40.9709320068359 40.6472015380859 40.0645141601562 39.389949798584 38.938606262207 39.0082397460938 39.2582473754883 39.3445663452148 39.3440475463867 38.9928932189941 38.5945816040039 38.8017501831055 39.4193115234375 39.2625923156738 38.623104095459 39.1615829467773 39.4403266906738 39.1784782409668
43.3372955322266 43.0725059509277 42.9548225402832 42.8908538818359 42.5767135620117 42.6254539489746 43.4593162536621 43.1704406738281 42.7911605834961 43.1845283508301 43.3869400024414 43.5721244812012 43.5374145507812 42.9264183044434 42.1333961486816 41.5560073852539 41.0241279602051 40.9876823425293 41.359504699707 41.538501739502 41.4897155761719 41.8857345581055 42.4482841491699 42.2309684753418 42.0121574401855 42.1875 42.2062110900879 42.2540473937988 41.9129028320312 41.5815963745117 41.4592514038086 41.7373046875 40.7187576293945 40.0880393981934 39.422306060791 39.2737808227539 39.4138832092285 39.2834930419922 38.8805465698242 38.150634765625 38.2605133056641 39.0412445068359 39.3016967773438 38.9250793457031 39.024341583252 39.1290321350098 39.1797256469727
43.4966239929199 43.2275009155273 42.8206443786621 42.9244003295898 43.1550064086914 43.4037475585938 43.570255279541 43.1969375610352 42.8969345092773 43.0092506408691 43.2948112487793 43.5129737854004 43.0445976257324 42.5151863098145 41.7850914001465 41.5728492736816 41.4042816162109 41.1936950683594 41.3574562072754 41.5161399841309 41.6245651245117 42.1460456848145 42.7837905883789 42.6543617248535 42.6204643249512 42.5339851379395 41.9662780761719 42.0332107543945 42.038745880127 41.8505249023438 41.6811790466309 41.4995346069336 41.1105995178223 40.4452934265137 39.6843681335449 39.5038223266602 39.2983818054199 38.7831039428711 38.1852188110352 37.8528671264648 38.4294586181641 39.6187133789062 39.6821632385254 39.0217399597168 38.8198356628418 38.9921379089355 39.2454261779785
43.4933929443359 43.9118461608887 43.8584823608398 43.4528121948242 43.3804931640625 43.5097923278809 43.2586517333984 42.550609588623 42.3016738891602 42.4462699890137 42.7616119384766 43.0186958312988 43.0030708312988 42.4832305908203 41.6097793579102 41.0288047790527 40.9933853149414 41.0408172607422 41.110897064209 41.4045257568359 41.7330436706543 42.1201820373535 42.3204803466797 42.2133598327637 42.3071441650391 42.1360092163086 41.9392127990723 42.2579345703125 42.1622848510742 41.7789039611816 41.2827568054199 41.035099029541 40.9066467285156 39.7462615966797 39.5743064880371 39.2578163146973 38.7216033935547 37.9614410400391 37.749454498291 38.6540603637695 40.0670738220215 40.6737594604492 40.1000595092773 39.0147438049316 38.2353515625 38.7618827819824 39.3404502868652
43.4359855651855 43.2800979614258 43.5973472595215 43.6924209594727 43.5115852355957 43.2714042663574 42.6497459411621 42.0687789916992 42.1563491821289 42.593822479248 42.9111137390137 42.8555793762207 42.8376502990723 42.5688362121582 41.6658325195312 40.9503555297852 40.5388717651367 40.7088966369629 40.8690719604492 41.4884567260742 42.1561965942383 42.3065567016602 42.239070892334 41.9226417541504 41.6976432800293 41.8381309509277 42.2135238647461 42.7782592773438 42.586742401123 42.085636138916 41.723030090332 41.2970123291016 40.5285224914551 39.3762588500977 39.0326995849609 38.2010841369629 37.1845932006836 36.5672073364258 37.3724403381348 39.2405815124512 40.5490074157715 41.0293121337891 40.9473915100098 39.8933410644531 38.5354843139648 38.2713203430176 39.1241989135742
43.6565475463867 43.2829551696777 42.8498992919922 43.0200462341309 43.192211151123 42.8347549438477 42.2041053771973 42.1879539489746 42.1045379638672 42.549373626709 42.8378448486328 43.0263824462891 42.7122535705566 42.6620597839355 42.1803169250488 41.7179145812988 41.4826164245605 41.4301872253418 41.2539558410645 41.6377830505371 42.2554740905762 42.444766998291 42.3161430358887 41.9004821777344 41.5539588928223 41.6441955566406 41.9601898193359 42.6715049743652 42.4151878356934 42.3979530334473 42.8164558410645 42.4065399169922 41.1049346923828 39.642936706543 38.4862251281738 37.6773872375488 37.6608123779297 38.3438568115234 38.9545783996582 40.0952301025391 40.6379928588867 40.9538459777832 40.9154853820801 40.5346641540527 39.4766273498535 38.1372871398926 38.7914619445801
44.3207626342773 44.1852073669434 43.6953430175781 43.4045333862305 43.2762451171875 43.1011085510254 42.7723159790039 42.419620513916 42.1776847839355 42.3023414611816 42.5725364685059 42.946834564209 42.7616500854492 42.2939796447754 41.8876152038574 41.6842956542969 41.6838798522949 42.0427131652832 41.8042793273926 41.7914848327637 42.1403503417969 42.3979415893555 42.2367172241211 41.6624717712402 41.3161354064941 41.3407974243164 41.8877716064453 42.3046913146973 42.1734046936035 42.3261375427246 42.4991493225098 42.1550788879395 41.2685852050781 39.9850387573242 39.0684432983398 39.9354782104492 41.1375961303711 41.448314666748 40.9553833007812 40.7504615783691 40.7289009094238 40.8613014221191 40.9853363037109 40.9056930541992 40.248893737793 38.2068405151367 38.6825637817383
44.2223014831543 44.0307540893555 43.7853240966797 43.8201599121094 43.6612091064453 43.1735343933105 42.9470596313477 42.8481178283691 42.7708435058594 42.7491607666016 42.9864158630371 43.1059226989746 43.1552543640137 42.8312683105469 42.3185195922852 41.669319152832 41.4954032897949 41.5430717468262 41.3915596008301 41.6682510375977 42.1051406860352 42.2340354919434 42.0336685180664 41.140926361084 41.0221824645996 41.5911560058594 41.8755340576172 41.776782989502 41.9630126953125 41.8617820739746 41.6018180847168 41.4405326843262 41.1443214416504 40.1776847839355 40.1745872497559 41.5273971557617 42.0123329162598 42.0627861022949 41.7525444030762 40.9754028320312 40.5602684020996 40.6266784667969 40.7626495361328 40.8617134094238 40.4507217407227 38.5538597106934 38.7369346618652
44.2652320861816 43.890380859375 43.854793548584 44.0733947753906 44.2905044555664 43.702766418457 43.1678466796875 43.1759300231934 43.15087890625 43.1311950683594 43.1147727966309 43.0145034790039 42.8501434326172 42.6212539672852 42.4021987915039 42.2398376464844 42.1149864196777 42.0327033996582 41.5795593261719 41.685676574707 41.9210777282715 41.9225120544434 41.8831062316895 40.9700508117676 40.5434722900391 41.0338020324707 41.2164573669434 41.1738471984863 41.2487030029297 41.2250442504883 41.3387565612793 41.3657684326172 40.979679107666 40.2826995849609 41.1874122619629 41.8867797851562 41.7730522155762 41.5528450012207 41.6305236816406 41.148754119873 40.624755859375 40.5360069274902 40.5301284790039 40.6129264831543 40.3697929382324 39.0123176574707 38.6761703491211
44.5214576721191 44.1714553833008 43.7861404418945 43.6431503295898 43.9487266540527 44.085334777832 44.0781326293945 44.1740798950195 43.9038124084473 43.4789428710938 42.9912567138672 42.5718650817871 42.2522964477539 41.9117393493652 42.1258888244629 42.4957237243652 42.2265510559082 42.1554412841797 42.2058258056641 42.1035423278809 41.8922309875488 41.8048095703125 41.850830078125 41.3406257629395 40.3545036315918 40.7592430114746 40.8380737304688 40.7029228210449 40.7885551452637 41.479377746582 41.7735252380371 41.404712677002 40.5859069824219 40.7502822875977 42.2494506835938 42.1162910461426 41.7145614624023 41.2846832275391 41.1604919433594 40.8139991760254 40.5536308288574 40.5206642150879 40.4106712341309 40.2807846069336 40.080997467041 38.9839744567871 38.5802116394043
44.3675918579102 44.1230926513672 43.7738647460938 43.366870880127 43.5185203552246 43.9742431640625 44.3872222900391 44.6324844360352 44.5169982910156 44.0720863342285 43.4005165100098 42.966968536377 42.4509506225586 41.8852729797363 42.1917991638184 42.6545104980469 42.6303253173828 42.4961585998535 42.4377822875977 42.2037506103516 41.9699516296387 41.8804626464844 41.9418182373047 41.8635444641113 41.3742065429688 40.9826354980469 41.3578910827637 41.2394599914551 41.0045509338379 41.468692779541 41.4242401123047 40.6470680236816 39.6922836303711 40.6888656616211 41.8555221557617 41.5765914916992 41.1834716796875 40.8322525024414 40.6951866149902 40.400218963623 39.8660507202148 40.223560333252 40.3075065612793 40.2204780578613 39.9223670959473 38.9991569519043 38.5433082580566
44.2931289672852 43.8048133850098 43.7254219055176 43.5877685546875 43.5935554504395 43.9896926879883 44.4077415466309 44.5005073547363 44.244068145752 43.8531379699707 43.2170906066895 42.6517715454102 42.4770965576172 42.5329360961914 42.5996246337891 42.811336517334 42.8244018554688 42.6121139526367 42.3554267883301 41.9943008422852 41.4126358032227 41.1751708984375 41.6497840881348 42.0021896362305 41.8235549926758 41.621036529541 41.6937255859375 41.6983642578125 41.482006072998 41.377140045166 40.6405906677246 39.6623649597168 39.0060920715332 40.0403366088867 41.7055053710938 41.2264137268066 41.2265319824219 40.9323806762695 40.6777839660645 40.6988639831543 40.2609176635742 40.3550300598145 40.4881896972656 40.4266891479492 39.8854217529297 39.3318748474121 38.8098831176758
44.9971694946289 44.5840797424316 44.2192115783691 43.9995727539062 43.8008346557617 43.9248352050781 44.0557899475098 43.9819297790527 43.7556800842285 43.4564666748047 43.0375366210938 42.9251098632812 43.1928596496582 43.247875213623 43.0601119995117 43.0151710510254 42.9120635986328 42.6618957519531 42.2888832092285 41.8091163635254 41.2524528503418 40.7882995605469 40.8579483032227 41.258113861084 41.5262832641602 41.5689392089844 41.624568939209 41.5787162780762 41.4092903137207 40.995964050293 39.616771697998 38.2927131652832 38.2208824157715 38.922176361084 41.3549613952637 41.607006072998 41.7287406921387 41.4576873779297 41.1979522705078 41.1648445129395 40.7478332519531 40.5971908569336 40.6564788818359 40.5496520996094 40.2032012939453 39.873607635498 39.5564727783203
45.1511726379395 44.9341621398926 44.4965667724609 44.3235244750977 44.1165885925293 43.9629173278809 43.7341766357422 43.6209831237793 43.777099609375 43.8634376525879 43.5110969543457 43.5323905944824 43.7322311401367 43.4877128601074 43.0976867675781 42.8634262084961 42.7614250183105 42.3216361999512 41.6203536987305 41.3821258544922 41.4585037231445 41.2865028381348 40.8322830200195 40.8367538452148 41.4801597595215 41.6031036376953 41.5433578491211 41.4535789489746 41.2859001159668 40.9384765625 39.8024368286133 38.6628036499023 38.4241485595703 39.606861114502 41.5879364013672 41.8147010803223 41.965389251709 41.8749046325684 41.5607986450195 41.2821655273438 41.0272407531738 40.6331329345703 40.732982635498 40.6252326965332 40.3239860534668 40.1711082458496 40.0832786560059
44.6090774536133 44.5098533630371 44.4385604858398 44.3461303710938 44.1437911987305 44.0043144226074 43.8880157470703 44.0062103271484 44.345329284668 44.5558662414551 44.5182647705078 44.1581001281738 43.6848411560059 43.2761344909668 43.1710090637207 42.9602088928223 42.5979881286621 42.0106353759766 41.4931488037109 41.8231353759766 41.9203338623047 41.3882789611816 41.3096580505371 41.8123397827148 42.2584266662598 42.0989189147949 41.8435440063477 41.6485328674316 41.3471908569336 41.0534133911133 40.3118629455566 39.4351806640625 38.6666679382324 40.4245491027832 42.0147018432617 42.0718231201172 42.0552062988281 41.9427871704102 41.6519775390625 41.4154205322266 41.1361045837402 40.7598419189453 40.8770790100098 40.5357933044434 39.9199905395508 40.0117950439453 40.1938743591309
44.3480644226074 44.3157348632812 44.1375465393066 43.901309967041 43.6422462463379 43.8871765136719 44.280387878418 44.3899841308594 44.6357498168945 44.7851753234863 44.8959159851074 44.6909713745117 44.3091812133789 43.5974006652832 43.2005615234375 43.1188659667969 42.9391822814941 42.8606071472168 43.1108169555664 43.3542556762695 42.8943786621094 42.1760711669922 42.0966682434082 42.4087142944336 42.1808242797852 41.6026840209961 40.3557357788086 39.7872734069824 39.471752166748 39.5290260314941 40.0090293884277 40.8983116149902 40.3522644042969 41.6545677185059 42.3452110290527 42.00244140625 41.781867980957 41.8509902954102 41.8277816772461 41.663990020752 41.3278694152832 40.909912109375 40.8310508728027 40.3053779602051 39.736743927002 40.0319976806641 40.3186531066895
44.9975776672363 44.651237487793 44.1454048156738 43.9199295043945 43.8946380615234 43.9397773742676 44.0978088378906 44.1640319824219 44.4493751525879 44.7072715759277 44.8719825744629 44.821117401123 44.6514625549316 44.3157196044922 43.6988716125488 43.5621795654297 43.6391410827637 43.9166374206543 44.3702850341797 44.1036415100098 43.3995246887207 42.8455505371094 42.3624725341797 42.1168632507324 41.6208190917969 40.8643226623535 39.6227378845215 39.7673263549805 39.8650016784668 39.5597457885742 40.3094825744629 41.1743583679199 41.8587112426758 42.1435852050781 41.5423164367676 40.7408409118652 40.7327041625977 41.4537925720215 41.9582328796387 41.8011474609375 41.0956192016602 40.4064979553223 39.976245880127 39.555103302002 39.7000694274902 40.2393798828125 40.5478591918945
45.8002815246582 45.4170227050781 45.1205711364746 45.1145362854004 44.8194847106934 44.1144371032715 43.6279029846191 43.9876098632812 44.530517578125 44.7131576538086 44.7416114807129 44.6315040588379 44.5915222167969 44.7556953430176 44.6569633483887 44.3145332336426 44.0638580322266 43.9494934082031 44.2042770385742 43.9901733398438 43.3708915710449 43.1325340270996 42.5930938720703 42.2528343200684 41.891357421875 41.4873161315918 41.2143898010254 41.834415435791 42.0983276367188 41.696346282959 41.8942184448242 41.9135131835938 42.0783729553223 41.5066223144531 40.4150772094727 40.0219917297363 40.3632164001465 41.2556991577148 41.9629440307617 41.5444412231445 40.4716415405273 39.3943672180176 38.8578834533691 38.900634765625 39.5457496643066 40.1288452148438 40.6526794433594
45.9010162353516 45.5998954772949 45.5443077087402 45.7601432800293 45.4596710205078 44.5902633666992 44.2616195678711 44.632137298584 44.8656463623047 44.7179641723633 44.3744316101074 44.1067428588867 44.3278617858887 44.6397514343262 44.6144218444824 44.3102493286133 44.0071640014648 43.7516632080078 43.7350234985352 43.7975540161133 43.7122230529785 43.7091255187988 43.428295135498 42.9412422180176 42.5712394714355 42.2291641235352 42.1668739318848 42.8232460021973 43.1256523132324 42.5388031005859 42.3869934082031 42.2265701293945 42.1900825500488 41.8044242858887 41.3481826782227 41.4724159240723 41.5566635131836 41.5448112487793 41.7566452026367 41.0995941162109 40.199104309082 39.4481353759766 39.2717056274414 39.637321472168 39.9154853820801 40.0559616088867 40.5538864135742
