examples/night_lizards/data/train-rasters-2.5m/bclim12.asc
NCOLS 322 
NROWS 151 
XLLCORNER -122.75 
YLLCORNER 31.9166666666667 
CELLSIZE 0.0416666666666677 
NODATA_value -3.4e+38 
[rows 78 to 116 of 151, columns 87 to 173 of 322]
410 408 389 355 340 333 322 340 346 346 398 436 457 359 296 287 281 271 256 236 214 199 176 161 148 137 130 118 105 100 95 93 91 92 110 102 99 101 96 88 82 78 78 77 79 79 82 83 87 93 99 102 89 88 97 119 95 86 84 86 85 92 95 102 124 137 128 114 105 91 85 106 116 139 115 116 126 111 95 98 106 122 126 141 177 269 279
467 458 407 398 385 368 360 354 347 330 350 342 309 302 301 299 290 275 254 235 215 193 180 164 151 147 135 119 109 100 98 97 94 97 106 114 104 105 110 105 92 81 80 81 84 85 83 84 87 89 94 89 92 87 85 89 85 83 86 88 87 94 102 110 132 157 163 149 114 101 91 121 132 134 122 136 114 98 98 107 119 137 143 161 199 275 243
573 572 542 559 446 365 351 342 347 326 332 329 327 326 324 315 299 282 259 237 214 196 180 162 158 154 131 121 112 110 111 100 98 100 110 117 113 106 100 97 91 91 89 84 89 91 86 89 96 110 115 104 100 96 97 94 89 88 89 89 89 90 103 102 112 146 185 152 105 90 83 92 104 128 135 137 121 104 105 120 148 180 198 191 234 293 212
730 555 486 540 480 360 347 330 331 350 354 352 347 342 338 325 309 291 270 246 223 202 183 169 167 160 139 128 118 113 112 109 112 114 115 121 127 115 101 93 90 90 90 86 87 91 92 100 104 111 121 140 144 147 144 132 125 133 124 95 92 92 95 96 102 107 123 130 117 95 86 86 95 112 134 131 119 115 119 135 234 296 315 257 234 219 178
560 492 541 695 573 376 341 349 346 346 357 355 358 359 355 346 328 307 282 256 230 210 192 176 163 152 142 133 127 120 126 143 143 136 131 123 122 121 113 97 93 90 87 87 91 95 104 111 127 139 134 145 179 201 218 231 257 255 160 122 109 108 105 102 104 106 111 129 137 113 94 88 98 119 130 146 150 135 145 164 188 260 276 235 214 182 160
490 474 474 497 410 355 366 372 358 334 348 366 350 340 354 365 364 337 298 264 241 219 199 183 167 156 150 143 135 130 135 154 150 144 137 131 155 190 146 109 95 90 89 96 114 106 135 165 181 162 153 161 189 221 251 288 264 241 223 210 207 181 147 124 111 111 109 114 112 104 97 97 101 115 117 121 133 137 146 153 171 175 177 187 176 156 144
526 486 439 500 427 364 372 383 380 367 371 360 365 370 353 353 374 362 322 281 249 227 207 189 175 165 160 151 146 142 137 154 151 144 146 134 136 168 163 115 96 91 92 106 168 151 176 204 246 285 237 217 281 289 302 431 319 285 324 320 309 249 226 189 154 132 106 106 120 128 118 115 114 106 104 105 115 119 119 147 143 139 137 155 161 142 129
471 458 470 567 568 473 416 382 387 385 393 379 385 373 387 386 378 375 360 337 291 244 217 197 180 171 169 160 157 158 152 149 149 148 151 141 130 127 141 113 98 94 94 130 230 171 180 207 249 290 209 228 324 397 322 327 408 277 302 370 346 261 246 232 204 170 107 107 119 142 145 110 97 94 91 93 101 106 106 106 121 128 114 115 133 132 116
502 466 426 426 410 400 428 397 408 401 400 394 400 391 401 395 386 387 378 366 332 300 248 214 187 180 178 175 172 171 176 165 163 164 162 157 146 135 129 113 105 97 98 157 173 153 168 208 230 371 312 198 238 256 274 304 255 254 292 258 231 235 199 176 217 162 142 137 138 145 143 111 89 82 82 81 83 81 82 85 87 104 112 96 95 104 109
434 430 425 426 418 403 412 420 415 409 413 394 389 384 386 380 385 393 394 390 409 399 316 261 216 203 200 197 194 192 193 189 189 188 186 182 174 164 150 137 125 116 113 120 144 169 163 228 217 266 350 225 184 203 221 243 222 262 264 226 204 179 165 158 167 190 210 221 207 161 135 118 99 88 82 78 75 75 76 77 74 77 79 85 84 80 86
494 489 471 451 433 428 412 426 419 414 414 396 380 379 378 397 375 364 356 350 359 371 371 363 295 271 245 237 233 229 231 228 231 231 229 224 222 210 196 180 165 155 146 146 149 168 172 179 275 323 332 211 183 187 197 210 235 252 237 196 190 203 175 173 175 171 190 194 218 209 174 150 114 102 90 83 74 74 75 75 75 74 74 76 78 78 81
503 469 462 445 455 447 436 440 421 413 414 404 380 381 374 367 365 361 355 341 346 347 312 322 366 433 358 378 326 316 309 316 331 319 308 293 301 285 266 247 225 213 193 179 172 181 192 203 239 337 228 204 197 196 201 243 228 210 225 205 176 179 193 170 154 143 155 160 163 181 190 183 157 125 112 107 103 78 75 74 75 74 75 75 75 77 81
491 481 468 470 449 459 454 444 425 419 418 395 382 376 372 375 371 360 356 356 339 338 334 369 412 505 442 503 565 470 439 501 568 569 504 451 432 394 363 337 298 278 249 223 206 199 223 262 259 244 222 224 221 218 219 222 223 214 199 192 179 181 175 198 187 135 138 206 159 149 147 171 160 139 114 104 98 88 80 79 81 76 75 75 77 78 78
493 477 470 437 407 419 426 414 423 417 408 403 401 387 379 379 379 380 413 434 448 448 521 555 566 648 661 639 701 710 685 695 730 729 709 711 646 576 514 459 394 354 309 269 243 233 470 459 518 576 412 345 320 299 291 288 283 251 223 203 187 190 172 185 175 144 135 151 164 149 122 120 153 136 151 114 112 114 94 116 114 82 75 75 84 84 79
440 409 419 420 433 449 453 453 454 447 440 440 438 408 396 410 422 416 415 438 481 542 589 536 519 635 704 726 732 742 743 750 757 750 744 740 774 660 486 509 483 421 361 315 278 315 528 660 798 815 776 708 622 590 527 562 407 329 287 248 224 219 229 202 176 159 146 141 138 124 113 106 148 152 173 170 147 180 144 142 126 94 83 78 83 86 78
398 459 461 445 437 437 427 432 437 433 431 444 443 440 416 395 398 408 405 416 405 447 446 438 453 494 696 660 749 643 691 766 753 658 762 794 776 777 499 349 460 468 378 316 372 697 641 626 818 836 802 788 780 769 748 706 623 601 491 476 406 358 322 250 201 187 171 153 143 126 110 104 118 152 142 146 123 123 157 158 155 108 89 84 85 90 86
390 402 400 393 401 398 405 415 415 416 415 429 408 403 396 390 392 395 404 412 430 467 428 522 616 575 570 504 510 378 420 516 542 600 783 825 795 803 601 367 442 694 615 591 654 881 919 855 859 846 823 805 788 776 765 747 718 699 647 569 549 469 406 306 229 198 186 168 157 144 126 116 108 122 120 111 107 103 123 176 149 122 106 95 93 98 99
350 360 357 366 379 393 417 427 433 440 441 413 395 390 385 386 391 396 405 421 430 432 435 464 601 594 465 490 445 408 366 372 374 454 652 782 822 843 719 444 326 331 473 603 700 831 839 889 884 841 837 815 803 791 787 767 756 744 706 627 581 474 385 321 250 228 210 187 165 153 137 124 110 107 113 109 103 96 95 118 128 129 173 119 107 113 135
326 328 348 400 397 399 410 432 431 431 422 400 392 388 385 383 390 392 397 410 437 450 462 466 462 481 454 482 432 412 400 406 389 504 562 598 630 583 529 463 320 308 301 311 326 350 386 615 776 786 739 771 785 780 779 793 789 780 749 687 598 463 365 335 285 245 217 184 158 146 142 127 117 109 108 104 102 96 94 92 93 97 121 142 118 124 149
311 318 375 403 441 426 416 408 408 405 408 413 415 413 410 400 399 398 402 421 411 443 474 493 477 454 431 429 421 419 418 417 412 401 392 383 374 366 353 343 332 321 315 310 306 306 319 371 434 413 591 803 821 831 810 795 776 771 747 693 573 460 382 322 297 244 213 181 162 151 153 140 131 119 116 112 107 98 93 91 89 90 92 95 116 115 132
302 372 374 414 456 443 444 433 415 389 392 426 414 430 429 420 404 411 399 403 410 422 447 453 432 417 404 398 403 409 418 426 426 423 414 403 385 368 355 350 343 331 324 315 308 306 308 304 314 401 568 705 817 832 875 871 808 759 651 597 483 351 282 287 273 265 283 233 225 231 233 188 219 188 142 150 123 108 99 95 99 97 97 100 108 121 130
-3.4e+38 -3.4e+38 342 375 376 405 411 425 437 410 392 423 415 385 380 367 359 353 355 372 390 403 423 426 414 395 395 399 402 414 429 427 423 417 411 400 378 365 353 348 345 334 325 318 315 319 329 319 317 351 397 635 812 828 822 806 724 581 474 406 301 234 223 266 318 359 362 344 270 285 293 300 348 281 186 207 193 130 135 112 109 124 135 122 126 120 117
-3.4e+38 -3.4e+38 -3.4e+38 -3.4e+38 -3.4e+38 -3.4e+38 321 331 338 338 325 328 329 318 333 331 333 340 349 359 373 384 389 390 399 390 428 407 404 418 413 424 431 406 395 383 374 362 350 348 348 334 323 332 339 340 335 330 327 335 378 501 604 638 695 722 677 562 327 272 224 206 200 263 246 325 392 409 389 351 305 312 317 297 240 228 200 163 161 135 126 119 129 112 127 123 104
-3.4e+38 -3.4e+38 -3.4e+38 -3.4e+38 -3.4e+38 -3.4e+38 -3.4e+38 -3.4e+38 -3.4e+38 -3.4e+38 -3.4e+38 -3.4e+38 -3.4e+38 -3.4e+38 -3.4e+38 316 313 325 348 352 362 369 375 381 382 386 431 441 437 422 429 440 438 408 380 373 363 354 347 342 337 328 330 349 370 365 362 340 334 336 355 383 413 414 377 410 442 452 356 238 197 173 164 180 194 219 258 324 370 371 334 337 317 300 248 213 182 157 157 165 136 110 102 96 96 94 93
-3.4e+38 -3.4e+38 -3.4e+38 -3.4e+38 -3.4e+38 -3.4e+38 -3.4e+38 -3.4e+38 -3.4e+38 -3.4e+38 -3.4e+38 -3.4e+38 -3.4e+38 -3.4e+38 -3.4e+38 -3.4e+38 314 314 325 349 353 358 364 368 371 370 382 397 407 416 422 436 443 430 400 365 358 353 360 347 335 335 345 351 352 345 348 339 338 338 344 349 342 334 297 278 263 237 221 211 185 168 156 152 154 160 193 198 299 292 373 363 272 263 242 192 145 124 113 135 120 100 98 97 95 92 93
-3.4e+38 -3.4e+38 -3.4e+38 -3.4e+38 -3.4e+38 -3.4e+38 -3.4e+38 -3.4e+38 -3.4e+38 -3.4e+38 -3.4e+38 -3.4e+38 -3.4e+38 -3.4e+38 -3.4e+38 -3.4e+38 312 316 320 330 336 344 355 359 362 360 364 380 385 384 385 392 404 412 387 365 355 351 351 343 345 348 358 361 349 340 342 341 319 316 332 343 335 343 367 304 286 284 228 206 177 164 154 150 151 147 139 148 157 172 219 291 308 248 234 220 181 135 120 115 112 110 109 111 120 121 142
-3.4e+38 -3.4e+38 -3.4e+38 -3.4e+38 -3.4e+38 -3.4e+38 -3.4e+38 -3.4e+38 -3.4e+38 -3.4e+38 -3.4e+38 -3.4e+38 -3.4e+38 -3.4e+38 -3.4e+38 -3.4e+38 -3.4e+38 319 318 325 329 334 345 352 351 352 356 362 365 367 366 374 381 392 403 442 387 368 355 370 362 362 362 363 352 338 338 334 318 310 309 332 346 403 467 494 533 701 467 467 254 174 158 146 147 134 132 125 127 137 170 226 276 308 263 254 201 205 203 156 135 126 127 124 134 152 128
-3.4e+38 -3.4e+38 -3.4e+38 -3.4e+38 -3.4e+38 -3.4e+38 -3.4e+38 -3.4e+38 -3.4e+38 -3.4e+38 -3.4e+38 -3.4e+38 -3.4e+38 -3.4e+38 -3.4e+38 -3.4e+38 -3.4e+38 328 322 322 327 336 338 340 344 342 343 353 356 353 357 375 392 412 437 482 500 425 365 358 366 382 385 381 359 337 331 326 332 344 308 305 361 364 405 486 709 765 850 769 453 210 162 149 138 125 115 110 115 126 116 136 188 244 252 232 237 253 215 181 159 153 148 151 161 168 136
-3.4e+38 -3.4e+38 -3.4e+38 -3.4e+38 -3.4e+38 -3.4e+38 -3.4e+38 -3.4e+38 -3.4e+38 -3.4e+38 -3.4e+38 -3.4e+38 -3.4e+38 -3.4e+38 -3.4e+38 -3.4e+38 314 379 383 337 316 318 327 332 326 331 339 345 350 351 354 361 380 402 406 446 513 518 437 351 386 416 411 398 352 334 327 339 366 348 312 306 300 299 312 459 593 738 791 773 507 211 175 166 144 129 118 107 98 97 93 96 124 163 195 203 216 225 203 189 207 193 170 178 156 148 135
-3.4e+38 -3.4e+38 -3.4e+38 -3.4e+38 -3.4e+38 -3.4e+38 -3.4e+38 -3.4e+38 -3.4e+38 -3.4e+38 -3.4e+38 -3.4e+38 -3.4e+38 -3.4e+38 -3.4e+38 -3.4e+38 -3.4e+38 327 360 346 314 313 321 -3.4e+38 321 319 328 336 338 340 341 338 348 375 412 415 475 633 613 455 373 350 371 367 343 339 327 328 337 324 314 313 315 312 315 329 470 609 665 696 462 252 192 208 174 133 122 110 98 89 84 86 98 125 153 172 215 244 205 182 224 242 174 173 135 138 123
-3.4e+38 -3.4e+38 -3.4e+38 -3.4e+38 -3.4e+38 -3.4e+38 -3.4e+38 -3.4e+38 -3.4e+38 -3.4e+38 -3.4e+38 -3.4e+38 -3.4e+38 -3.4e+38 -3.4e+38 -3.4e+38 -3.4e+38 -3.4e+38 -3.4e+38 -3.4e+38 306 -3.4e+38 -3.4e+38 -3.4e+38 -3.4e+38 312 317 323 327 327 323 328 338 352 377 397 428 513 544 614 508 361 324 334 333 332 328 327 327 320 321 313 335 352 352 379 454 556 529 568 622 465 241 276 205 151 144 115 99 89 87 83 86 103 119 133 134 142 135 127 140 133 112 97 95 96 97
-3.4e+38 -3.4e+38 -3.4e+38 -3.4e+38 -3.4e+38 -3.4e+38 -3.4e+38 -3.4e+38 -3.4e+38 -3.4e+38 -3.4e+38 -3.4e+38 -3.4e+38 -3.4e+38 -3.4e+38 -3.4e+38 -3.4e+38 -3.4e+38 -3.4e+38 -3.4e+38 -3.4e+38 -3.4e+38 -3.4e+38 -3.4e+38 -3.4e+38 -3.4e+38 321 318 320 318 320 334 344 343 355 373 379 395 465 541 512 443 343 312 348 358 341 332 327 337 361 355 345 378 435 385 433 534 584 495 591 621 332 347 304 199 173 126 105 94 88 81 81 89 108 118 113 100 106 114 115 115 126 114 114 111 104
-3.4e+38 -3.4e+38 -3.4e+38 -3.4e+38 -3.4e+38 -3.4e+38 -3.4e+38 -3.4e+38 -3.4e+38 -3.4e+38 -3.4e+38 -3.4e+38 -3.4e+38 -3.4e+38 -3.4e+38 -3.4e+38 -3.4e+38 -3.4e+38 -3.4e+38 -3.4e+38 -3.4e+38 -3.4e+38 -3.4e+38 -3.4e+38 -3.4e+38 -3.4e+38 -3.4e+38 -3.4e+38 311 307 339 372 363 350 350 358 362 369 383 433 451 479 511 386 331 344 351 329 326 338 344 359 377 394 432 475 477 454 582 583 518 604 392 359 359 298 296 176 113 96 88 83 80 80 86 93 98 98 131 158 146 134 123 119 114 111 109
-3.4e+38 -3.4e+38 -3.4e+38 -3.4e+38 -3.4e+38 -3.4e+38 -3.4e+38 -3.4e+38 -3.4e+38 -3.4e+38 -3.4e+38 -3.4e+38 -3.4e+38 -3.4e+38 -3.4e+38 -3.4e+38 -3.4e+38 -3.4e+38 -3.4e+38 -3.4e+38 -3.4e+38 -3.4e+38 -3.4e+38 -3.4e+38 -3.4e+38 -3.4e+38 -3.4e+38 -3.4e+38 -3.4e+38 -3.4e+38 313 338 352 335 334 343 342 339 360 448 468 428 438 426 369 326 322 323 326 332 338 353 368 372 413 451 483 411 416 420 506 526 488 535 504 418 482 339 163 125 94 88 82 79 78 76 81 84 95 127 162 133 113 101 102 106 114
-3.4e+38 -3.4e+38 -3.4e+38 -3.4e+38 -3.4e+38 -3.4e+38 -3.4e+38 -3.4e+38 -3.4e+38 -3.4e+38 -3.4e+38 -3.4e+38 -3.4e+38 -3.4e+38 -3.4e+38 -3.4e+38 -3.4e+38 -3.4e+38 -3.4e+38 -3.4e+38 -3.4e+38 -3.4e+38 -3.4e+38 -3.4e+38 -3.4e+38 -3.4e+38 -3.4e+38 -3.4e+38 -3.4e+38 -3.4e+38 -3.4e+38 -3.4e+38 332 336 333 325 331 332 350 424 390 412 450 427 393 368 331 322 327 331 333 373 351 363 381 420 417 420 415 399 464 431 512 647 695 649 434 296 196 145 106 91 82 77 77 74 71 75 75 76 85 87 90 99 113 119 124
-3.4e+38 -3.4e+38 240 -3.4e+38 -3.4e+38 -3.4e+38 -3.4e+38 -3.4e+38 -3.4e+38 -3.4e+38 -3.4e+38 -3.4e+38 278 303 274 -3.4e+38 -3.4e+38 -3.4e+38 -3.4e+38 -3.4e+38 -3.4e+38 -3.4e+38 -3.4e+38 -3.4e+38 -3.4e+38 -3.4e+38 -3.4e+38 -3.4e+38 -3.4e+38 -3.4e+38 -3.4e+38 -3.4e+38 -3.4e+38 319 312 325 338 332 342 363 395 453 435 365 345 348 362 335 326 330 346 337 330 341 370 410 447 503 532 442 390 355 350 471 472 415 450 433 281 212 136 96 87 78 76 75 73 70 73 69 73 75 85 126 142 143 134
-3.4e+38 -3.4e+38 -3.4e+38 -3.4e+38 -3.4e+38 -3.4e+38 -3.4e+38 -3.4e+38 -3.4e+38 -3.4e+38 -3.4e+38 -3.4e+38 -3.4e+38 320 295 299 298 293 -3.4e+38 -3.4e+38 -3.4e+38 -3.4e+38 -3.4e+38 -3.4e+38 -3.4e+38 -3.4e+38 -3.4e+38 -3.4e+38 -3.4e+38 -3.4e+38 -3.4e+38 -3.4e+38 -3.4e+38 -3.4e+38 -3.4e+38 305 323 316 323 347 414 491 397 318 348 340 336 366 361 355 436 448 394 371 364 409 477 547 557 554 467 378 293 315 299 293 286 352 411 402 191 115 95 83 76 75 73 71 69 72 71 72 74 102 109 127 114
-3.4e+38 -3.4e+38 -3.4e+38 -3.4e+38 -3.4e+38 -3.4e+38 -3.4e+38 -3.4e+38 -3.4e+38 -3.4e+38 -3.4e+38 -3.4e+38 -3.4e+38 -3.4e+38 -3.4e+38 281 327 341 296 -3.4e+38 -3.4e+38 -3.4e+38 -3.4e+38 -3.4e+38 -3.4e+38 -3.4e+38 -3.4e+38 -3.4e+38 -3.4e+38 -3.4e+38 -3.4e+38 -3.4e+38 -3.4e+38 -3.4e+38 -3.4e+38 -3.4e+38 298 307 326 323 368 386 352 315 323 324 340 350 354 349 450 557 555 483 492 429 402 453 522 584 620 495 388 257 251 236 198 169 183 352 283 161 118 100 80 77 73 72 70 72 72 70 71 74 80 87 90
-3.4e+38 -3.4e+38 -3.4e+38 -3.4e+38 -3.4e+38 -3.4e+38 -3.4e+38 -3.4e+38 -3.4e+38 -3.4e+38 -3.4e+38 -3.4e+38 -3.4e+38 -3.4e+38 -3.4e+38 285 322 344 333 284 -3.4e+38 -3.4e+38 -3.4e+38 -3.4e+38 -3.4e+38 -3.4e+38 -3.4e+38 -3.4e+38 -3.4e+38 -3.4e+38 -3.4e+38 -3.4e+38 -3.4e+38 -3.4e+38 -3.4e+38 -3.4e+38 -3.4e+38 302 341 353 332 316 321 304 328 329 324 311 322 315 340 459 646 691 685 634 503 451 474 525 605 597 475 287 254 190 196 177 137 184 310 218 133 100 83 78 76 73 72 69 70 69 70 68 68 73 77
