examples/night_lizards/data/train-rasters-2.5m/bclim18.asc
NCOLS 322 
NROWS 151 
XLLCORNER -122.75 
YLLCORNER 31.9166666666667 
CELLSIZE 0.0416666666666677 
NODATA_value -3.4e+38 
[rows 84 to 125 of 151, columns 94 to 187 of 322]
10 10 10 10 10 12 13 12 11 13 13 12 7 7 6 6 6 7 7 7 7 7 7 7 8 8 8 8 8 8 9 10 10 10 10 10 11 13 13 14 15 18 19 18 19 22 23 25 31 28 28 31 31 33 32 32 30 29 28 26 27 30 32 31 31 32 31 31 31 34 35 35 41 41 40 40 44 45 41 38 39 41 38 35 33 34 38 43 50 54 49 44 38 36
10 10 10 11 10 10 10 12 12 13 13 13 13 12 7 6 6 6 7 7 6 7 7 7 7 8 8 8 8 8 8 9 9 10 10 10 11 14 13 14 14 17 18 18 19 23 26 25 26 30 27 30 33 34 32 33 33 32 31 26 27 30 34 35 31 29 28 27 29 31 32 32 32 36 38 35 35 39 39 35 33 33 31 31 33 37 42 48 53 52 49 42 36 36
10 11 10 10 11 11 11 11 12 12 12 13 14 13 13 7 7 6 6 6 7 7 7 8 8 8 8 8 8 8 8 9 9 10 10 10 11 12 12 13 15 16 20 20 18 20 21 23 25 25 26 28 28 28 30 29 30 33 30 30 31 32 34 35 31 25 23 23 24 24 24 24 26 27 32 33 30 28 31 33 31 29 28 29 33 41 50 55 55 50 47 40 36 36
11 11 10 11 11 11 11 11 11 11 12 14 15 16 16 14 13 6 6 6 7 7 7 8 8 8 8 8 8 9 9 9 9 10 10 10 11 11 12 13 15 15 18 20 18 17 19 22 23 23 25 27 26 26 27 27 28 30 33 35 37 38 35 34 33 28 26 23 22 21 21 21 22 21 22 24 25 25 23 25 28 28 28 30 34 46 80 67 58 52 45 39 35 34
10 11 11 11 11 10 11 11 11 11 11 11 12 13 15 15 16 15 14 14 8 8 8 8 8 8 8 9 9 9 9 9 10 10 11 11 11 11 13 13 13 16 18 19 17 17 18 19 21 23 25 25 25 26 28 28 29 30 32 33 35 38 39 38 37 33 30 27 25 21 21 21 21 21 21 21 23 23 23 24 25 26 33 32 34 39 52 59 62 53 43 37 34 34
11 10 10 11 11 8 10 10 10 11 11 11 11 12 14 14 14 16 19 16 18 8 8 8 9 9 9 9 9 10 10 10 11 11 11 11 11 11 13 13 14 15 18 17 16 18 18 19 22 23 23 25 25 25 27 28 28 29 29 32 34 35 37 39 40 39 36 33 32 31 23 21 21 21 21 21 22 23 23 23 24 26 38 29 32 36 48 60 50 53 39 34 32 32
10 10 10 11 8 8 9 9 10 10 11 11 11 12 13 14 16 17 22 19 22 25 22 21 23 12 13 12 12 12 11 11 11 11 11 11 11 11 13 13 15 15 17 17 17 18 18 19 21 21 23 23 25 25 27 27 30 30 29 31 36 34 36 36 39 39 38 34 32 30 26 23 23 23 21 21 21 23 23 23 23 23 26 26 29 33 43 50 47 39 34 30 31 33
8 10 9 8 8 9 9 9 10 11 11 13 15 16 17 21 22 23 29 31 28 35 39 36 34 38 42 44 38 15 29 27 25 24 23 22 21 21 13 17 18 19 21 19 20 20 21 22 23 25 24 24 25 25 27 27 29 30 29 31 33 35 36 34 34 39 38 39 34 33 34 28 35 34 25 21 21 25 25 23 23 23 23 24 27 30 36 47 39 34 32 29 32 35
10 10 11 11 11 11 9 10 11 12 12 13 14 17 20 23 20 20 26 32 34 43 39 41 52 54 39 49 51 43 32 25 26 26 25 23 23 22 25 18 19 23 28 35 31 28 29 27 31 27 27 26 26 27 28 30 30 30 31 31 33 33 32 32 32 38 39 42 42 40 45 39 40 37 29 25 23 25 26 23 23 23 23 24 26 27 31 43 34 30 28 28 31 37
8 8 8 9 11 11 11 11 9 9 11 11 13 13 14 17 17 18 20 28 27 37 27 30 42 37 30 45 64 49 37 26 21 25 27 24 23 26 17 17 19 24 31 38 44 48 51 48 40 34 38 33 34 33 33 33 31 32 32 32 33 33 32 32 31 34 39 38 39 36 36 42 42 42 33 27 25 25 27 25 23 23 22 23 27 26 26 31 29 25 25 27 30 38
8 8 8 8 9 9 9 9 9 9 9 11 11 13 17 14 19 23 22 22 20 21 15 17 21 23 29 42 60 56 42 28 21 23 33 31 31 34 42 44 44 23 31 40 46 44 46 47 46 45 45 42 37 39 37 36 35 32 32 33 33 34 35 34 33 32 34 34 33 32 30 36 45 41 36 32 29 28 30 30 26 23 23 22 26 26 24 24 24 24 25 25 28 35
8 8 9 9 8 8 8 8 9 9 9 10 11 12 12 14 15 22 22 18 19 18 17 14 16 17 20 27 41 54 49 33 23 18 18 25 31 35 42 43 48 54 64 61 69 71 73 51 51 55 55 50 42 41 37 35 35 33 33 34 34 34 35 34 34 32 31 32 32 30 28 28 34 37 37 45 35 32 34 38 32 26 23 22 24 27 29 24 24 24 24 25 28 32
8 8 8 8 7 7 8 8 8 9 9 10 11 12 12 12 14 14 16 15 17 15 14 14 17 17 21 24 27 28 27 25 23 16 16 16 18 21 23 27 36 45 51 49 54 57 35 43 85 92 92 59 47 42 37 35 35 34 34 34 34 33 33 34 33 32 30 30 30 30 28 27 27 27 29 34 39 35 36 42 40 31 25 23 24 27 37 30 26 25 23 23 26 28
7 7 7 7 8 9 9 9 9 9 9 10 11 11 11 14 14 14 12 12 12 12 12 13 14 14 14 15 15 16 16 16 16 16 16 16 16 16 19 21 25 31 31 40 55 74 89 86 59 55 86 82 48 40 57 53 51 34 33 34 33 33 33 34 35 34 32 32 32 30 28 27 27 27 26 27 29 34 34 38 39 35 28 25 24 26 31 39 29 25 23 23 25 26
8 8 7 7 9 9 9 9 9 9 10 10 10 11 11 12 12 12 12 12 12 12 12 12 13 13 14 14 14 14 14 14 15 16 16 16 16 16 16 18 19 24 31 39 47 69 84 109 112 93 78 40 61 55 49 46 49 33 35 36 35 37 38 40 37 40 39 36 37 33 31 28 27 29 29 29 29 32 35 37 38 35 31 28 25 26 33 34 27 25 25 25 25 26
9 9 8 7 9 9 7 7 7 7 7 7 10 10 11 11 12 11 11 11 12 12 12 12 13 13 13 13 14 14 14 14 14 15 15 16 16 16 17 19 20 22 27 31 43 62 74 80 79 66 56 51 50 44 41 41 47 53 57 41 42 38 42 44 45 50 47 39 43 42 34 35 32 31 34 37 34 36 35 34 35 37 40 33 28 26 29 31 29 27 27 27 28 29
5 5 5 5 6 6 7 7 7 7 7 7 10 10 11 11 11 11 11 12 12 12 12 12 13 13 13 13 13 14 14 14 14 14 15 15 16 17 19 20 22 23 26 30 38 44 47 54 60 57 54 43 40 36 36 38 46 46 54 61 45 45 45 44 45 47 48 44 43 42 39 39 35 34 34 35 32 35 35 30 30 38 48 43 31 26 29 34 36 32 30 28 30 32
-3.4e+38 -3.4e+38 -3.4e+38 -3.4e+38 -3.4e+38 -3.4e+38 -3.4e+38 -3.4e+38 7 7 7 7 9 10 10 11 11 11 11 12 12 13 12 13 13 13 13 12 12 13 13 14 14 14 14 15 17 21 22 23 22 23 25 29 32 36 38 37 40 44 46 43 37 32 30 30 35 40 44 50 57 63 65 45 47 47 47 43 42 40 37 37 40 35 31 29 27 27 27 27 27 29 33 42 32 26 26 29 34 44 41 30 30 29
-3.4e+38 -3.4e+38 -3.4e+38 -3.4e+38 -3.4e+38 -3.4e+38 -3.4e+38 -3.4e+38 -3.4e+38 7 7 7 9 9 10 10 11 11 11 11 12 12 12 12 13 14 14 13 12 13 13 14 14 14 15 17 18 18 19 21 21 23 25 27 30 30 32 30 31 31 30 30 31 29 28 28 28 31 34 41 44 57 57 66 48 44 44 43 39 34 31 30 34 32 27 27 27 27 26 26 26 27 27 36 30 26 24 25 27 32 36 30 31 33
-3.4e+38 -3.4e+38 -3.4e+38 -3.4e+38 -3.4e+38 -3.4e+38 -3.4e+38 -3.4e+38 -3.4e+38 7 7 7 8 8 8 10 11 11 11 11 11 12 12 12 12 13 13 13 13 13 13 14 14 15 16 18 18 18 18 21 21 21 22 26 29 30 32 36 32 33 35 30 29 26 26 25 26 29 30 30 34 38 42 50 60 46 42 41 41 38 32 30 29 29 29 29 30 33 33 38 32 26 25 30 28 24 22 22 25 27 31 30 29 35
-3.4e+38 -3.4e+38 -3.4e+38 -3.4e+38 -3.4e+38 -3.4e+38 -3.4e+38 -3.4e+38 -3.4e+38 -3.4e+38 9 7 7 8 8 10 11 11 11 11 11 11 12 12 12 12 13 13 17 15 14 14 15 16 18 18 18 18 18 21 21 21 21 23 27 30 37 43 46 51 68 51 53 37 26 25 25 27 26 27 27 29 33 42 51 58 64 44 44 40 41 42 37 34 32 33 33 35 40 35 27 24 23 25 33 24 22 22 23 25 32 33 26 26
-3.4e+38 -3.4e+38 -3.4e+38 -3.4e+38 -3.4e+38 -3.4e+38 -3.4e+38 -3.4e+38 -3.4e+38 -3.4e+38 8 7 8 9 9 9 9 11 10 10 11 11 11 12 12 13 14 16 19 21 17 15 15 17 18 19 21 19 18 19 21 22 25 22 23 30 33 38 46 62 74 106 87 55 32 26 25 24 22 21 14 24 29 20 35 46 56 42 41 43 47 43 40 37 37 37 38 40 41 36 27 24 22 22 23 22 21 21 25 32 35 32 25 27
-3.4e+38 -3.4e+38 -3.4e+38 -3.4e+38 -3.4e+38 -3.4e+38 -3.4e+38 -3.4e+38 -3.4e+38 8 10 10 8 8 8 9 10 9 9 11 11 12 12 12 12 13 13 14 16 22 22 19 15 18 21 22 22 19 18 19 21 25 25 22 23 24 26 30 43 53 68 85 83 58 31 27 27 25 22 21 13 13 13 13 15 23 30 35 38 40 42 41 40 43 42 40 41 38 38 35 27 23 21 21 21 20 20 21 27 39 37 28 24 27
-3.4e+38 -3.4e+38 -3.4e+38 -3.4e+38 -3.4e+38 -3.4e+38 -3.4e+38 -3.4e+38 -3.4e+38 -3.4e+38 9 10 9 8 8 8 -3.4e+38 9 9 11 11 10 12 12 11 11 13 15 15 19 28 28 21 17 17 19 19 18 19 19 21 22 22 22 24 26 27 30 33 46 56 63 69 54 37 29 34 29 22 21 13 11 11 10 12 16 23 29 33 39 44 40 38 44 48 40 40 33 35 31 25 23 23 22 22 22 21 21 23 28 26 24 22 23
-3.4e+38 -3.4e+38 -3.4e+38 -3.4e+38 -3.4e+38 -3.4e+38 -3.4e+38 -3.4e+38 -3.4e+38 -3.4e+38 -3.4e+38 -3.4e+38 -3.4e+38 8 -3.4e+38 -3.4e+38 -3.4e+38 -3.4e+38 9 9 10 10 11 11 11 11 12 13 15 16 22 25 28 25 17 17 18 18 19 19 19 21 22 23 23 26 31 33 38 46 53 54 58 64 56 37 44 33 25 25 20 11 10 10 11 12 18 22 26 27 29 28 28 31 31 28 24 24 25 25 28 28 26 26 24 23 22 21 21 21 22 22 22 22
-3.4e+38 -3.4e+38 -3.4e+38 -3.4e+38 -3.4e+38 -3.4e+38 -3.4e+38 -3.4e+38 -3.4e+38 -3.4e+38 -3.4e+38 -3.4e+38 -3.4e+38 -3.4e+38 -3.4e+38 -3.4e+38 -3.4e+38 -3.4e+38 -3.4e+38 11 11 12 11 11 11 11 12 13 13 15 16 20 25 24 22 18 17 19 20 19 20 21 22 26 26 27 33 41 39 45 53 58 55 61 66 49 51 48 33 31 22 12 11 11 10 11 14 19 22 23 21 23 25 26 26 29 28 28 28 28 33 38 36 34 30 25 23 23 21 21 20 20 21 21
-3.4e+38 -3.4e+38 -3.4e+38 -3.4e+38 -3.4e+38 -3.4e+38 -3.4e+38 -3.4e+38 -3.4e+38 -3.4e+38 -3.4e+38 -3.4e+38 -3.4e+38 -3.4e+38 -3.4e+38 -3.4e+38 -3.4e+38 -3.4e+38 -3.4e+38 -3.4e+38 -3.4e+38 11 10 12 13 13 13 13 13 13 15 16 19 21 23 25 19 18 19 21 19 20 22 23 26 29 34 41 45 49 49 58 59 57 64 53 54 53 48 48 32 13 11 11 11 11 11 14 16 18 19 27 33 31 30 28 28 28 28 28 32 38 41 41 34 30 25 23 22 22 22 21 21 21
-3.4e+38 -3.4e+38 -3.4e+38 -3.4e+38 -3.4e+38 -3.4e+38 -3.4e+38 -3.4e+38 -3.4e+38 -3.4e+38 -3.4e+38 -3.4e+38 -3.4e+38 -3.4e+38 -3.4e+38 -3.4e+38 -3.4e+38 -3.4e+38 -3.4e+38 -3.4e+38 -3.4e+38 -3.4e+38 -3.4e+38 12 12 13 12 12 13 13 13 15 19 22 20 22 22 19 18 18 18 19 21 22 26 29 30 38 43 47 47 50 52 57 58 58 65 65 59 65 53 30 23 11 11 11 11 11 12 14 16 19 36 45 29 26 24 24 26 28 31 36 44 46 40 34 28 26 24 22 22 22 22 22
-3.4e+38 -3.4e+38 -3.4e+38 -3.4e+38 -3.4e+38 -3.4e+38 -3.4e+38 -3.4e+38 -3.4e+38 -3.4e+38 -3.4e+38 -3.4e+38 -3.4e+38 -3.4e+38 -3.4e+38 -3.4e+38 -3.4e+38 -3.4e+38 -3.4e+38 -3.4e+38 -3.4e+38 -3.4e+38 -3.4e+38 -3.4e+38 -3.4e+38 12 13 13 12 13 13 13 19 17 19 22 22 20 19 18 18 18 21 21 26 26 29 33 40 44 47 48 50 54 54 59 72 84 79 61 49 35 27 20 11 11 10 16 16 16 12 12 14 17 18 20 23 27 29 30 31 33 36 39 39 35 30 28 26 24 24 23 23 23
-3.4e+38 -3.4e+38 -3.4e+38 -3.4e+38 -3.4e+38 6 6 6 -3.4e+38 -3.4e+38 -3.4e+38 -3.4e+38 -3.4e+38 -3.4e+38 -3.4e+38 -3.4e+38 -3.4e+38 -3.4e+38 -3.4e+38 -3.4e+38 -3.4e+38 -3.4e+38 -3.4e+38 -3.4e+38 -3.4e+38 -3.4e+38 13 12 13 13 13 13 15 17 20 21 18 17 18 19 18 18 19 22 22 23 25 30 37 45 51 52 50 50 45 46 57 59 56 61 61 46 38 24 11 11 14 15 15 15 16 12 12 13 15 19 29 32 33 32 32 33 35 37 37 37 33 33 29 27 27 27 26 24
-3.4e+38 -3.4e+38 -3.4e+38 -3.4e+38 -3.4e+38 -3.4e+38 8 6 7 7 7 -3.4e+38 -3.4e+38 -3.4e+38 -3.4e+38 -3.4e+38 -3.4e+38 -3.4e+38 -3.4e+38 -3.4e+38 -3.4e+38 -3.4e+38 -3.4e+38 -3.4e+38 -3.4e+38 -3.4e+38 -3.4e+38 -3.4e+38 12 13 13 13 13 18 23 19 14 17 16 17 19 21 21 29 31 29 28 29 37 46 51 53 54 53 47 37 41 41 42 43 51 59 60 35 21 17 16 15 15 15 15 15 12 12 13 15 22 25 29 27 28 29 30 34 35 35 33 33 31 29 27 26 25 25
-3.4e+38 -3.4e+38 -3.4e+38 -3.4e+38 -3.4e+38 -3.4e+38 -3.4e+38 -3.4e+38 7 9 9 8 -3.4e+38 -3.4e+38 -3.4e+38 -3.4e+38 -3.4e+38 -3.4e+38 -3.4e+38 -3.4e+38 -3.4e+38 -3.4e+38 -3.4e+38 -3.4e+38 -3.4e+38 -3.4e+38 -3.4e+38 -3.4e+38 -3.4e+38 12 12 13 13 15 16 15 14 15 15 16 18 18 19 28 38 41 38 40 37 37 44 51 55 59 54 47 31 33 33 28 25 29 54 47 30 22 18 15 15 15 15 15 17 12 12 13 14 17 20 21 22 25 26 30 32 33 32 30 29 27 27 27 25 25
-3.4e+38 -3.4e+38 -3.4e+38 -3.4e+38 -3.4e+38 -3.4e+38 -3.4e+38 -3.4e+38 7 8 9 10 9 -3.4e+38 -3.4e+38 -3.4e+38 -3.4e+38 -3.4e+38 -3.4e+38 -3.4e+38 -3.4e+38 -3.4e+38 -3.4e+38 -3.4e+38 -3.4e+38 -3.4e+38 -3.4e+38 -3.4e+38 -3.4e+38 -3.4e+38 12 14 14 13 13 13 13 14 15 15 14 15 17 18 29 44 48 51 51 44 42 46 50 57 58 53 34 31 23 27 25 19 29 50 38 24 18 15 15 15 15 15 15 16 17 12 12 12 15 16 18 20 23 28 28 31 30 29 27 27 27 25 25 25
-3.4e+38 -3.4e+38 -3.4e+38 -3.4e+38 -3.4e+38 -3.4e+38 -3.4e+38 -3.4e+38 6 7 7 10 10 -3.4e+38 -3.4e+38 -3.4e+38 -3.4e+38 -3.4e+38 -3.4e+38 -3.4e+38 -3.4e+38 -3.4e+38 -3.4e+38 -3.4e+38 -3.4e+38 -3.4e+38 -3.4e+38 -3.4e+38 -3.4e+38 -3.4e+38 -3.4e+38 -3.4e+38 13 13 13 12 13 14 14 14 15 17 18 18 18 28 41 48 48 41 40 38 43 52 65 60 52 37 21 20 22 19 20 26 31 24 18 17 15 15 15 15 15 16 16 16 16 12 13 14 15 16 19 24 28 28 28 27 27 27 25 25 25 25
-3.4e+38 -3.4e+38 -3.4e+38 -3.4e+38 -3.4e+38 -3.4e+38 -3.4e+38 -3.4e+38 -3.4e+38 -3.4e+38 -3.4e+38 -3.4e+38 -3.4e+38 -3.4e+38 -3.4e+38 -3.4e+38 -3.4e+38 -3.4e+38 -3.4e+38 -3.4e+38 -3.4e+38 -3.4e+38 -3.4e+38 -3.4e+38 -3.4e+38 -3.4e+38 -3.4e+38 -3.4e+38 -3.4e+38 -3.4e+38 -3.4e+38 -3.4e+38 12 12 13 13 12 13 13 14 15 17 18 21 20 20 28 33 38 40 33 36 38 47 57 60 56 37 19 18 18 19 22 21 21 19 18 17 15 15 15 15 15 16 16 16 17 17 12 13 14 15 16 20 24 26 27 27 27 27 27 26 26 26
-3.4e+38 -3.4e+38 -3.4e+38 -3.4e+38 -3.4e+38 -3.4e+38 -3.4e+38 -3.4e+38 -3.4e+38 -3.4e+38 -3.4e+38 -3.4e+38 -3.4e+38 -3.4e+38 -3.4e+38 -3.4e+38 -3.4e+38 -3.4e+38 -3.4e+38 -3.4e+38 -3.4e+38 -3.4e+38 -3.4e+38 -3.4e+38 -3.4e+38 -3.4e+38 -3.4e+38 -3.4e+38 -3.4e+38 -3.4e+38 -3.4e+38 -3.4e+38 -3.4e+38 13 13 12 12 13 13 15 16 18 18 19 21 25 32 37 37 39 33 36 40 43 50 55 51 34 21 18 18 18 18 18 18 17 16 16 16 15 15 15 15 16 16 16 17 17 11 13 13 14 16 17 19 25 28 29 29 29 28 27 27 27
-3.4e+38 -3.4e+38 -3.4e+38 -3.4e+38 -3.4e+38 -3.4e+38 -3.4e+38 -3.4e+38 -3.4e+38 -3.4e+38 -3.4e+38 -3.4e+38 -3.4e+38 -3.4e+38 -3.4e+38 -3.4e+38 -3.4e+38 -3.4e+38 -3.4e+38 -3.4e+38 -3.4e+38 -3.4e+38 -3.4e+38 -3.4e+38 -3.4e+38 -3.4e+38 -3.4e+38 -3.4e+38 -3.4e+38 -3.4e+38 -3.4e+38 -3.4e+38 -3.4e+38 -3.4e+38 13 13 12 13 13 14 16 16 18 19 21 23 25 27 34 40 41 43 49 47 47 47 48 47 31 21 19 18 19 19 16 16 16 16 16 17 17 15 15 16 16 16 17 17 12 13 13 14 14 16 17 19 25 29 29 31 31 30 29 28
-3.4e+38 -3.4e+38 -3.4e+38 -3.4e+38 -3.4e+38 -3.4e+38 -3.4e+38 -3.4e+38 -3.4e+38 -3.4e+38 -3.4e+38 -3.4e+38 -3.4e+38 -3.4e+38 -3.4e+38 -3.4e+38 -3.4e+38 -3.4e+38 -3.4e+38 -3.4e+38 -3.4e+38 -3.4e+38 -3.4e+38 -3.4e+38 -3.4e+38 -3.4e+38 -3.4e+38 -3.4e+38 -3.4e+38 -3.4e+38 -3.4e+38 -3.4e+38 -3.4e+38 -3.4e+38 -3.4e+38 12 12 12 13 13 14 14 15 17 21 22 23 18 30 32 39 40 49 58 42 39 37 33 30 26 22 21 19 18 16 16 16 16 16 16 16 15 16 16 16 16 17 18 18 13 13 14 14 16 17 17 19 21 22 27 31 32 32 30
-3.4e+38 -3.4e+38 -3.4e+38 -3.4e+38 -3.4e+38 -3.4e+38 -3.4e+38 -3.4e+38 -3.4e+38 -3.4e+38 -3.4e+38 -3.4e+38 -3.4e+38 -3.4e+38 -3.4e+38 -3.4e+38 -3.4e+38 -3.4e+38 -3.4e+38 -3.4e+38 -3.4e+38 -3.4e+38 -3.4e+38 -3.4e+38 -3.4e+38 -3.4e+38 -3.4e+38 -3.4e+38 -3.4e+38 -3.4e+38 -3.4e+38 -3.4e+38 -3.4e+38 -3.4e+38 -3.4e+38 -3.4e+38 12 12 12 14 14 14 14 14 15 17 19 19 25 28 32 36 44 51 44 32 34 32 36 28 28 33 29 23 16 15 16 16 16 15 15 10 11 16 16 16 18 18 19 20 20 21 14 15 16 17 17 19 20 21 22 27 29 29
-3.4e+38 -3.4e+38 -3.4e+38 -3.4e+38 -3.4e+38 -3.4e+38 -3.4e+38 -3.4e+38 -3.4e+38 -3.4e+38 -3.4e+38 -3.4e+38 -3.4e+38 -3.4e+38 -3.4e+38 -3.4e+38 -3.4e+38 -3.4e+38 -3.4e+38 -3.4e+38 -3.4e+38 -3.4e+38 -3.4e+38 -3.4e+38 -3.4e+38 -3.4e+38 -3.4e+38 -3.4e+38 -3.4e+38 -3.4e+38 -3.4e+38 -3.4e+38 -3.4e+38 -3.4e+38 -3.4e+38 -3.4e+38 12 12 12 12 14 12 12 14 17 17 19 19 24 28 31 34 44 52 47 40 45 34 36 42 41 36 39 36 22 16 16 16 16 10 10 11 11 11 11 11 18 18 19 19 20 21 21 22 16 16 17 17 19 20 21 22 24 26
-3.4e+38 -3.4e+38 -3.4e+38 -3.4e+38 -3.4e+38 4 4 -3.4e+38 -3.4e+38 -3.4e+38 -3.4e+38 -3.4e+38 -3.4e+38 -3.4e+38 -3.4e+38 -3.4e+38 -3.4e+38 -3.4e+38 -3.4e+38 -3.4e+38 -3.4e+38 -3.4e+38 -3.4e+38 -3.4e+38 -3.4e+38 -3.4e+38 -3.4e+38 -3.4e+38 -3.4e+38 -3.4e+38 -3.4e+38 -3.4e+38 -3.4e+38 -3.4e+38 -3.4e+38 -3.4e+38 12 12 11 11 12 12 13 14 20 19 19 19 21 26 26 34 43 54 58 48 39 36 36 43 51 43 32 30 22 19 19 18 16 16 11 11 11 11 11 12 18 18 19 19 20 21 22 22 15 16 17 17 19 19 20 21 22 24
-3.4e+38 -3.4e+38 -3.4e+38 -3.4e+38 -3.4e+38 -3.4e+38 4 4 -3.4e+38 -3.4e+38 -3.4e+38 -3.4e+38 -3.4e+38 -3.4e+38 -3.4e+38 -3.4e+38 -3.4e+38 -3.4e+38 -3.4e+38 -3.4e+38 -3.4e+38 -3.4e+38 -3.4e+38 -3.4e+38 -3.4e+38 -3.4e+38 -3.4e+38 -3.4e+38 -3.4e+38 -3.4e+38 -3.4e+38 -3.4e+38 -3.4e+38 -3.4e+38 -3.4e+38 -3.4e+38 -3.4e+38 11 11 11 11 13 13 13 18 20 17 19 22 20 20 31 40 58 58 56 41 29 28 25 25 25 23 19 19 19 22 26 24 16 16 17 17 12 12 12 12 18 19 13 20 21 22 22 23 16 16 17 19 19 19 20 22 22
