examples/night_lizards/data/train-rasters-2.5m/bclim6.asc
NCOLS 322 
NROWS 151 
XLLCORNER -122.75 
YLLCORNER 31.9166666666667 
CELLSIZE 0.0416666666666677 
NODATA_value -3.4e+38 
[rows 0 to 20 of 151, columns 0 to 45 of 322]
3.684000015258790 3.48399996757507 3.55200004577637 3.61199998855591 3.51200008392334 3.26399993896484 3.09599995613098 2.96399998664856 3.03999996185303 3.48399996757507 3.76799988746643 3.37199997901917 2.94799995422363 2.88000011444092 2.96399998664856 3.30800008773804 3.67199993133545 3.89199995994568 3.66000008583069 3.57599997520447 3.37599992752075 2.93600010871887 2.70000004768372 2.65599989891052 2.65199995040894 2.78399991989136 2.78399991989136 2.59999990463257 2.68799996376038 2.87199997901917 2.83200001716614 2.62400007247925 2.35199999809265 2.18799996376038 2.25999999046326 2.33200001716614 2.26399993896484 2.16000008583069 2.13199996948242 2.09999990463257 2.17600011825562 2.3199999332428 2.43600010871887 2.35199999809265 2.40400004386902 2.42400002479553
3.86400008201599 3.7960000038147 4.02400016784668 4.05200004577637 3.89599990844727 3.48399996757507 3.13199996948242 2.90799999237061 3.11764717102051 3.53478264808655 3.70799994468689 3.75600004196167 3.30399990081787 3.16400003433228 3.12800002098083 3.40400004386902 4.10454559326172 4.42500019073486 4.15416669845581 3.86400008201599 3.58400011062622 3.1159999370575 2.76799988746643 2.6800000667572 2.81200003623962 3.03600001335144 2.81599998474121 2.79200005531311 2.90000009536743 2.99600005149841 2.92400002479553 2.68400001525879 2.37599992752075 2.15599989891052 2.2720000743866 2.5239999294281 2.36400008201599 2.03999996185303 2.01999998092651 2.05999994277954 2.20799994468689 2.30799984931946 2.29999995231628 2.14800000190735 2.16000008583069 2.34800004959106
4.04400014877319 4.01200008392334 4.21199989318848 4.31599998474121 4.16400003433228 3.81599998474121 3.50769233703613 3.03333330154419 -3.4e+38 -3.4e+38 3.50999999046326 3.65199995040894 3.44799995422363 3.36400008201599 3.19199991226196 3.55833339691162 4.16666650772095 4.44000005722046 4.37619066238403 4.23600006103516 3.90400004386902 3.45199990272522 3.01999998092651 2.89599990844727 3.05200004577637 3.16400003433228 3.09599995613098 3.40400004386902 3.52799987792969 3.48399996757507 2.97200012207031 2.45600008964539 2.28399991989136 2.15199995040894 2.1159999370575 2.25600004196167 2.17199993133545 2 2 2.07200002670288 2.14400005340576 2.29200005531311 2.25600004196167 2.07200002670288 2.07200002670288 2.31599998474121
4.26800012588501 4.23999977111816 4.37200021743774 4.49599981307983 4.61999988555908 4.2480001449585 4.04285717010498 -3.4e+38 -3.4e+38 -3.4e+38 -3.4e+38 3.7571427822113 3.63888883590698 3.6235294342041 3.63333320617676 3.91428565979004 4.28000020980835 4.16666650772095 4.1777777671814 4.26363658905029 4.19166660308838 4.05200004577637 3.84800004959106 3.33599996566772 3.01600003242493 2.99200010299683 3.13199996948242 3.6800000667572 3.68799996376038 3.5239999294281 3.1800000667572 2.83599996566772 2.53999996185303 2.40799999237061 2.30400013923645 2.2720000743866 2.15199995040894 2 2 2.06399989128113 2.14800000190735 2.2720000743866 2.2039999961853 2.10399985313416 2.09999990463257 2.24000000953674
4.51200008392334 4.51200008392334 4.44799995422363 4.64400005340576 4.83200025558472 4.66400003433228 4.84999990463257 -3.4e+38 -3.4e+38 4.90000009536743 4.46000003814697 3.95714282989502 3.79200005531311 3.90833330154419 4.21250009536743 4.0625 3.8840000629425 3.64000010490417 3.55200004577637 3.66000008583069 3.74000000953674 3.81200003623962 3.83200001716614 3.71600008010864 3.46399998664856 3.07200002670288 2.72399997711182 3.2720000743866 3.46399998664856 3.2960000038147 3.14800000190735 3.15599989891052 2.86400008201599 2.81200003623962 2.82800006866455 2.76799988746643 2.40400004386902 2.03999996185303 2.07599997520447 2.10799980163574 2.19600009918213 2.2039999961853 2.16000008583069 2.11999988555908 2.19199991226196 2.16400003433228
5.01599979400635 4.85200023651123 4.59600019454956 4.88399982452393 4.96799993515015 4.93599987030029 5.01249980926514 6.26666688919067 5.19999980926514 4.95909118652344 4.69999980926514 4.38000011444092 4.06400012969971 4.04400014877319 4.14799976348877 4.06799983978271 3.80399990081787 3.62800002098083 3.42400002479553 3.52799987792969 3.6159999370575 3.6159999370575 3.5239999294281 3.36400008201599 3.11999988555908 2.75999999046326 2.43200016021729 2.63199996948242 3.03999996185303 3.21600008010864 2.80399990081787 2.59200000762939 2.51600003242493 2.8199999332428 3.02799987792969 2.96399998664856 2.53999996185303 2.10399985313416 2.01200008392334 2.07999992370605 2.11199998855591 2.07599997520447 2.05200004577637 2 2.00799989700317 1.96799993515015
5.49545431137085 5.39565229415894 5.02400016784668 4.69999980926514 5.12799978256226 5.29166650772095 5.28333330154419 -3.4e+38 5.46000003814697 5.33199977874756 5.19600009918213 4.7519998550415 4.55999994277954 4.37599992752075 4.14799976348877 4.31199979782104 3.99200010299683 3.77600002288818 3.60800004005432 3.56399989128113 3.57200002670288 3.57999992370605 3.41199994087219 3.19600009918213 3.01200008392334 2.76399993896484 2.48799991607666 2.58399987220764 2.81200003623962 2.72000002861023 2.38800001144409 2.24399995803833 2.16400003433228 2.42799997329712 2.90000009536743 2.9760000705719 2.49200010299683 2.03600001335144 2 2.00799989700317 2.03999996185303 2.01600003242493 1.94400000572205 1.90399992465973 1.89199995994568 1.80400002002716
5.59999990463257 5.625 5.65833330154419 5.45599985122681 5.69600009918213 5.56818199157715 5.43333339691162 5.52500009536743 5.75 5.69999980926514 5.74375009536743 5.42400026321411 4.66400003433228 4.48799991607666 4.38800001144409 4.34000015258789 4.10799980163574 3.7960000038147 3.71600008010864 3.58800005912781 3.53200006484985 3.5 3.35599994659424 3.17199993133545 2.98799991607666 2.73199987411499 2.6159999370575 2.69600009918213 2.67600011825562 2.52799987792969 2.40799999237061 2.23600006103516 2.1159999370575 2.2039999961853 2.44400000572205 2.54800009727478 2.34400010108948 2.08799982070923 2.05999994277954 2.08799982070923 2.09599995613098 2.01600003242493 1.97200000286102 1.93999993801117 1.83599996566772 1.8199999332428
-3.4e+38 -3.4e+38 -3.4e+38 6.13333320617676 5.85624980926514 5.6399998664856 5.74615383148193 5.90000009536743 -3.4e+38 -3.4e+38 6.28181838989258 6.11599969863892 5.33199977874756 4.48000001907349 4.2960000038147 4.06400012969971 4.00799989700317 3.88000011444092 3.68400001525879 3.63599991798401 3.68799996376038 3.54399991035461 3.32800006866455 3.35599994659424 3.22000002861023 2.96000003814697 2.7720000743866 2.69600009918213 2.96799993515015 2.55599999427795 2.31599998474121 2.21200013160706 2.17600011825562 2.11199998855591 2.20000004768372 2.32400012016296 2.29200005531311 2.14800000190735 2.09999990463257 2.09999990463257 2.1159999370575 2.09200000762939 2.01200008392334 1.99199998378754 1.96000003814697 2.22399997711182
-3.4e+38 -3.4e+38 -3.4e+38 -3.4e+38 -3.4e+38 5.92000007629395 6.23333358764648 6.28999996185303 6.24000024795532 6.82000017166138 6.61249971389771 6.30000019073486 6.06799983978271 5.05200004577637 4.4520001411438 4.06400012969971 3.91199994087219 3.93600010871887 3.80800008773804 3.55200004577637 3.53600001335144 3.4760000705719 3.34400010108948 3.44400000572205 3.55999994277954 3.24000000953674 3.05999994277954 2.92000007629395 2.98799991607666 2.55999994277954 2.36800003051758 2.33599996566772 2.31599998474121 2.24000000953674 2.2720000743866 2.41199994087219 2.48000001907349 2.3600001335144 2.2279999256134 2.2279999256134 2.2279999256134 2.17600011825562 2.08799982070923 1.99600005149841 1.93199992179871 2.07200002670288
-3.4e+38 -3.4e+38 -3.4e+38 -3.4e+38 -3.4e+38 6.68333339691162 6.49200010299683 6.28399991989136 6.31428575515747 -3.4e+38 6.61249971389771 6.32941198348999 6.09999990463257 5.68800020217896 5.08400011062622 4.5 4.26800012588501 4.02799987792969 3.85199999809265 3.53200006484985 3.20799994468689 2.98000001907349 3.08800005912781 3.32800006866455 3.28399991989136 3.24799990653992 3.24799990653992 3.2279999256134 2.98399996757507 2.60400009155273 2.48799991607666 2.52799987792969 2.4760000705719 2.36800003051758 2.41199994087219 2.49600005149841 2.48000001907349 2.42400002479553 2.3840000629425 2.37199997901917 2.32399988174438 2.2960000038147 2.23600006103516 2.11199998855591 1.99199998378754 2.03600001335144
-3.4e+38 -3.4e+38 -3.4e+38 -3.4e+38 -3.4e+38 7.09999990463257 6.66400003433228 6.22399997711182 6.09583330154419 7.72499990463257 -3.4e+38 6.09999990463257 5.77500009536743 5.65599966049194 5.3439998626709 4.98000001907349 4.60799980163574 4.20800018310547 3.90400004386902 3.79999995231628 3.40000009536743 3.01200008392334 2.96399998664856 2.96000003814697 2.88000011444092 2.92799997329712 3.05200004577637 3.04800009727478 2.93200016021729 2.77999997138977 2.76399993896484 2.80399990081787 2.61199998855591 2.43600010871887 2.41200017929077 2.42799997329712 2.40000009536743 2.40000009536743 2.42000007629395 2.5 2.57599997520447 2.68799996376038 2.62000012397766 2.33200001716614 2.05999994277954 1.99599993228912
-3.4e+38 -3.4e+38 -3.4e+38 -3.4e+38 -3.4e+38 -3.4e+38 6.45599985122681 6.00799989700317 5.84117650985718 -3.4e+38 -3.4e+38 -3.4e+38 5.55000019073486 5.56999969482422 5.27199983596802 5.09200000762939 4.8120002746582 4.42400026321411 4.11999988555908 3.98399996757507 3.73600006103516 3.37199997901917 3.07200002670288 2.94400000572205 2.85199999809265 2.74000000953674 2.82399988174438 2.86400008201599 2.85599994659424 2.90000009536743 2.96000003814697 3.05200004577637 2.82800006866455 2.62400007247925 2.5239999294281 2.46399998664856 2.40799999237061 2.40000009536743 2.43200016021729 2.55999994277954 2.73600006103516 2.98000001907349 3.00399994850159 2.64800000190735 2.19600009918213 1.92799997329712
-3.4e+38 -3.4e+38 -3.4e+38 -3.4e+38 -3.4e+38 -3.4e+38 6.21000003814697 6.05200004577637 5.813636302948 -3.4e+38 -3.4e+38 -3.4e+38 -3.4e+38 -3.4e+38 5.33529424667358 5.07599973678589 4.73999977111816 4.39200019836426 4.14799976348877 3.94000005722046 3.82800006866455 3.42400002479553 3.1159999370575 3 2.98000001907349 2.88800001144409 2.87600016593933 2.83599996566772 2.85199999809265 2.83999991416931 2.84400010108948 2.94400000572205 2.97200012207031 2.94400000572205 2.85199999809265 2.65599989891052 2.45600008964539 2.40000009536743 2.4760000705719 2.51600003242493 2.61199998855591 2.90799999237061 3.07200002670288 2.81599998474121 2.34800004959106 2.08800005912781
-3.4e+38 -3.4e+38 -3.4e+38 -3.4e+38 -3.4e+38 6.47499990463257 6.08799982070923 5.71600008010864 5.68400001525879 5.48750019073486 5.14999961853027 -3.4e+38 -3.4e+38 -3.4e+38 5.5533332824707 5.11999988555908 4.73199987411499 4.51599979400635 4.36399984359741 4.26800012588501 3.89599990844727 3.42799997329712 3.21199989318848 3.15199995040894 3.15199995040894 3.01200008392334 2.84400010108948 2.64800000190735 2.51200008392334 2.60800004005432 2.73200011253357 2.7960000038147 2.88800001144409 3.05599999427795 3.05999994277954 2.87199997901917 2.60400009155273 2.46399998664856 2.5 2.5 2.49600005149841 2.68799996376038 2.77999997138977 2.57599997520447 2.24399995803833 2.09599995613098
-3.4e+38 -3.4e+38 -3.4e+38 -3.4e+38 -3.4e+38 6.3899998664856 5.80800008773804 5.35200023651123 5.4040002822876 5.32399988174438 5.04347801208496 4.8894739151001 4.77500009536743 -3.4e+38 5.17500019073486 4.94166660308838 4.78000020980835 4.71199989318848 4.8439998626709 4.4520001411438 3.8840000629425 3.59200000762939 3.32800006866455 3.1800000667572 2.98399996757507 3.00399994850159 2.83999991416931 2.59599995613098 2.2960000038147 2.24000000953674 2.57999992370605 2.93199992179871 2.88800001144409 2.92400002479553 3.02799987792969 3.07599997520447 2.83999991416931 2.55999994277954 2.5 2.51200008392334 2.48799991607666 2.39600014686584 2.37599992752075 2.3199999332428 2.19600009918213 2.17199993133545
-3.4e+38 -3.4e+38 -3.4e+38 -3.4e+38 -3.4e+38 6.21428537368774 5.91200017929077 5.48799991607666 5.3439998626709 5.18400001525879 4.98000001907349 4.7480001449585 4.62608671188354 4.73333358764648 -3.4e+38 4.875 4.8600001335144 5.03599977493286 4.9520001411438 4.78800010681152 4.08400011062622 3.6159999370575 3.41199994087219 3.14400005340576 2.92400002479553 2.78800010681152 2.90400004386902 2.71199989318848 2.36800003051758 2.09999990463257 2.26800012588501 2.69600009918213 2.7039999961853 2.82800006866455 2.88000011444092 2.95600008964539 2.96799993515015 2.73200011253357 2.57200002670288 2.55999994277954 2.49200010299683 2.24000000953674 2.16000008583069 2.17600011825562 2.20000004768372 2.36800003051758
-3.4e+38 -3.4e+38 -3.4e+38 -3.4e+38 -3.4e+38 -3.4e+38 6.05000019073486 5.83809518814087 5.34000015258789 4.93599987030029 4.82000017166138 4.67199993133545 4.46000003814697 4.39047622680664 4.18823528289795 4.19999980926514 4.86666679382324 5.23478269577026 5.23750019073486 5.08400011062622 4.36800003051758 3.66799998283386 3.42400002479553 3.25600004196167 3.1800000667572 2.92000007629395 2.66000008583069 2.59999990463257 2.3600001335144 2.15599989891052 2.22399997711182 2.47200012207031 2.46799993515015 2.58399987220764 2.75600004196167 2.80800008773804 2.91199994087219 2.90000009536743 2.65599989891052 2.40799999237061 2.25600004196167 2.16000008583069 2.09599995613098 2.06399989128113 2.06399989128113 2.13199996948242
-3.4e+38 -3.4e+38 -3.4e+38 -3.4e+38 -3.4e+38 -3.4e+38 -3.4e+38 5.63571405410767 5.29199981689453 4.96400022506714 4.71199989318848 4.46000003814697 4.16799974441528 4.13599967956543 4.22800016403198 4.39166688919067 4.74166679382324 5.34000015258789 5.55999994277954 5.3439998626709 4.91200017929077 4.09600019454956 3.40000009536743 3.15999984741211 3.16400003433228 2.81599998474121 2.39599990844727 2.40400004386902 2.36400008201599 2.34800004959106 2.30399990081787 2.54399991035461 2.65199995040894 2.66799998283386 2.75200009346008 2.73199987411499 2.69199991226196 2.85599994659424 2.74000000953674 2.47200012207031 2.27999997138977 2.14800000190735 2.0479998588562 1.97599995136261 1.91999995708466 1.87999999523163
-3.4e+38 -3.4e+38 -3.4e+38 -3.4e+38 -3.4e+38 -3.4e+38 -3.4e+38 5.42500019073486 5.09999990463257 4.82399988174438 4.65999984741211 4.3439998626709 3.98799991607666 3.91199994087219 4.08799982070923 4.42799997329712 4.7039999961853 4.93200016021729 5.05600023269653 5.00799989700317 4.8600001335144 4.51599979400635 3.66400003433228 3.0239999294281 2.92799997329712 2.7960000038147 2.42400002479553 2.29200005531311 2.19600009918213 2.20799994468689 2.14400005340576 2.35999989509583 2.44799995422363 2.39199995994568 2.45600008964539 2.48799991607666 2.55200004577637 2.79200005531311 2.75200009346008 2.53999996185303 2.32800006866455 2.17600011825562 2.07200002670288 1.94400000572205 1.89999997615814 1.82799994945526
-3.4e+38 -3.4e+38 -3.4e+38 -3.4e+38 -3.4e+38 -3.4e+38 -3.4e+38 -3.4e+38 4.6235294342041 4.41599988937378 4.3600001335144 4.19999980926514 4.02799987792969 3.91200017929077 3.99200010299683 4.16799974441528 4.38399982452393 4.5959997177124 4.76399993896484 4.84000015258789 4.80000019073486 4.61199998855591 4.10400009155273 3.16000008583069 2.7720000743866 2.73600006103516 2.63599991798401 2.36800003051758 1.99199998378754 1.8400000333786 1.79999995231628 1.97599995136261 2.27600002288818 2.42400002479553 2.43200016021729 2.40400004386902 2.50799989700317 2.67599987983704 2.74000000953674 2.6159999370575 2.33999991416931 2.16400003433228 2.05200004577637 1.98399996757507 1.86799991130829 1.75199997425079
