examples/night_lizards/data/train-rasters-2.5m/bclim9.asc
NCOLS 322 
NROWS 151 
XLLCORNER -122.75 
YLLCORNER 31.9166666666667 
CELLSIZE 0.0416666666666677 
NODATA_value -3.4e+38 
[rows 0 to 20 of 151, columns 141 to 187 of 322]
3.74066662788391 4.07333326339722 3.89199995994568 3.94133329391479 4.22266674041748 4.31533336639404 4.25600004196167 0.17666657269001 0.334000021219254 4.12266635894775 3.69800019264221 4.00133323669434 0.246000051498413 0.0813333168625832 0.0286667346954346 4.43133354187012 -0.0880001410841942 0.110000133514404 0.512666702270508 0.611999809741974 0.322000026702881 0.225333288311958 5.04666709899902 0.399333238601685 5.19399976730347 0.294666767120361 -0.108666740357876 11.1473331451416 8.46199989318848 2.44799995422363 8.76533317565918 8.87733268737793 3.93066668510437 12.5780000686646 13.5473327636719 13.8559999465942 13.6759996414185 13.7600002288818 13.8333330154419 13.9359998703003 13.8459997177124 1.24400007724762 1.50200009346008 13.4320001602173 13.7846670150757 13.3066663742065 12.216667175293
4.4453330039978 4.60666656494141 4.21533346176147 4.11533355712891 4.34866666793823 4.3546667098999 4.24133348464966 0.231333330273628 4.20666646957397 4.01133346557617 3.53399991989136 3.65733361244202 4.32133340835571 4.4486665725708 0.0140000181272626 4.28266668319702 4.05266666412354 4.31799983978271 4.83800029754639 5.06466674804688 5.00400018692017 5.02799987792969 0.441999912261963 0.434666633605957 4.760666847229 4.10199975967407 9.55066680908203 9.10400009155273 7.09666681289673 2.89599990844727 10.4046669006348 10.8446664810181 12.456000328064 1.05599987506866 0.946666657924652 1.12666666507721 13.3586673736572 13.9519996643066 14.1626663208008 13.3726663589478 12.9300003051758 13.3299999237061 14.0373334884644 14.2333326339722 14.1840000152588 13.8059997558594 13.3319997787476
4.69999980926514 4.79066705703735 4.43666648864746 4.18599987030029 4.37133359909058 4.41466665267944 4.28466653823853 4.32600021362305 4.26466655731201 3.80533337593079 3.21066641807556 3.42866683006287 4.11333322525024 4.36533355712891 4.3973331451416 4.06400012969971 3.80999994277954 4.21866655349731 4.88866662979126 5.10400009155273 0.328666776418686 5.06666660308838 4.99733352661133 13.0406665802002 12.4946670532227 10.8406667709351 8.45133304595947 6.80533313751221 8.48600006103516 10.510666847229 11.1206665039062 12.5053329467773 13.4053335189819 13.8553333282471 14.1319999694824 13.9873332977295 13.456000328064 1.58133339881897 1.62066662311554 13.9626665115356 13.0166664123535 12.5159997940063 13.1420001983643 13.7773332595825 14.2653331756592 14.2213335037231 13.8726663589478
4.83533334732056 4.85733318328857 4.60333299636841 4.42266654968262 4.57333326339722 4.56666660308838 4.43866682052612 4.42000007629395 3.99599981307983 3.378666639328 3.06599998474121 10.8099994659424 4.09066677093506 4.25066661834717 4.25999975204468 3.96866655349731 3.77133321762085 4.11600017547607 4.82200002670288 0.540666580200195 0.392000108957291 0.595333337783813 5.03800010681152 12.8333330154419 11.4653329849243 9.83466625213623 7.96533346176147 8.260666847229 10.7666664123535 12.0986671447754 12.7526664733887 13.5126667022705 13.9353332519531 14.1300001144409 14.2473335266113 13.9479999542236 1.58666658401489 1.38066649436951 1.37600004673004 14.2253332138062 13.8240003585815 12.8473329544067 11.0646667480469 12.1926670074463 13.478666305542 14.3420000076294 14.0986661911011
4.86733341217041 4.88800001144409 4.83799982070923 4.8600001335144 4.88800001144409 4.73466682434082 4.47466659545898 4.11999988555908 3.35799980163574 2.26133346557617 8.48000049591064 3.35666656494141 4.05866670608521 4.13066673278809 4.15866708755493 4.02066659927368 3.53400015830994 3.82266664505005 4.6613335609436 0.495333284139633 0.39466667175293 5.23466682434082 5.11933326721191 12.4373331069946 10.6533336639404 10.3553333282471 8.83466720581055 10.1240005493164 11.543999671936 12.5059995651245 13.2693328857422 13.7119998931885 14.0453329086304 14.2466669082642 14.3026666641235 14.1780004501343 14.0553331375122 1.32933342456818 14.3586673736572 14.3400001525879 13.989333152771 12.9720001220703 10.9566669464111 10.8733329772949 12.6126670837402 14.1593332290649 14.210000038147
4.7180004119873 4.79199981689453 4.80266666412354 4.83866691589355 4.80866718292236 4.63133335113525 4.27133321762085 3.73600006103516 3.04999995231628 8.3439998626709 8.05266666412354 3.2586669921875 3.84000015258789 3.94533348083496 3.97466659545898 3.89866662025452 10.9566669464111 11.7379999160767 4.5959997177124 0.230666637420654 0.0399999618530273 5.11199998855591 14.1319999694824 12.1973333358765 10.5319995880127 11.3713340759277 11.6180000305176 12.3626670837402 12.6193332672119 12.9619998931885 13.224666595459 13.7259998321533 14.0386667251587 14.1579999923706 14.0040006637573 13.8699998855591 14.3873329162598 14.4026670455933 14.4573335647583 14.4293336868286 13.9140005111694 12.9060001373291 11.061333656311 10.783332824707 12.8486661911011 14.2713327407837 14.0433330535889
4.93266677856445 4.88133335113525 4.81533336639404 4.83266639709473 4.7979998588562 4.69999980926514 4.33333349227905 3.63800001144409 9.13733291625977 8.85733318328857 7.87066698074341 9.84666728973389 3.39800000190735 3.75400018692017 12.7013330459595 12.4593334197998 11.6259994506836 11.2173337936401 4.44799995422363 4.93133354187012 15.2846670150757 5.23133325576782 13.8199996948242 11.5766668319702 11.6260004043579 12.8086671829224 13.5533332824707 13.7706670761108 13.699333190918 12.9659996032715 11.4826669692993 13.2620000839233 13.8213329315186 13.6226663589478 12.9833335876465 13.1599998474121 14.4266672134399 14.4226665496826 14.5226669311523 14.4793329238892 13.8386669158936 12.9833335876465 12.9126663208008 12.3159999847412 13.3593330383301 14.5459995269775 14.1073331832886
4.95000028610229 4.79133367538452 4.76600027084351 4.82066631317139 4.86133337020874 4.88533306121826 4.71333360671997 4.23333311080933 3.79999971389771 3.43799996376038 9.67199993133545 9.21399974822998 3.17066669464111 3.63666677474976 3.80266666412354 3.97599983215332 12.2280006408691 10.6586666107178 12.4953336715698 14.7880001068115 15.2119998931885 14.7880001068115 13.503999710083 12.3473329544067 13.1440000534058 14.0040006637573 14.3746671676636 14.4133329391479 14.1773338317871 13.0239992141724 10.2333335876465 12.7419996261597 13.4300003051758 12.966667175293 11.5539999008179 12.6906671524048 1.34266674518585 1.01733314990997 1.378666639328 14.4720001220703 13.279333114624 12.8253335952759 13.6446666717529 13.9646663665771 14.228666305542 14.5306663513184 13.6466665267944
4.8973331451416 4.83666658401489 4.84666681289673 4.81799983978271 4.84666681289673 4.95333337783813 4.90000009536743 4.6646671295166 4.42533349990845 4.15533351898193 11.4833335876465 9.94200038909912 10.0346660614014 11.7053327560425 12.5433330535889 13.0113334655762 12.6593332290649 10.6613330841064 12.1700000762939 4.73266649246216 14.8973331451416 14.2626667022705 13.1800003051758 13.5633335113525 14.0813331604004 14.5440006256104 14.7633333206177 14.7333335876465 14.5620002746582 13.7340002059937 11.1280002593994 12.6319999694824 13.0026664733887 12.1920003890991 10.9086666107178 13.2113332748413 14.4086666107178 1.11466681957245 14.3873329162598 14.4300003051758 13.4006671905518 13.2866668701172 14.1933336257935 14.811333656311 14.9313325881958 14.4359998703003 13.5386667251587
4.74200010299683 4.88933324813843 4.96799993515015 4.91333341598511 4.84600019454956 4.88866662979126 4.89533281326294 4.76733350753784 4.65933322906494 4.57000017166138 4.29133319854736 11.2653331756592 9.6879997253418 10.71399974823 12.326000213623 12.9980001449585 13.2819995880127 12.7040004730225 13.4193334579468 14.3813333511353 14.6326665878296 14.173999786377 13.4246664047241 13.4926662445068 14.2226667404175 14.6880006790161 14.8946666717529 14.9113330841064 14.8626670837402 14.467999458313 11.8646669387817 12.5080003738403 12.1599998474121 12.2366666793823 12.4099998474121 13.7613334655762 14.3886671066284 14.5240001678467 14.3240003585815 14.3973331451416 14.5413331985474 13.8726663589478 14.75 15.4686660766602 14.8559999465942 14.1726665496826 13.576000213623
4.39800024032593 4.78399991989136 4.97266674041748 4.98466682434082 4.88466644287109 4.86866664886475 4.87333345413208 4.75866651535034 4.6986665725708 4.69533348083496 4.57600021362305 12.1560001373291 10.4273328781128 9.96666717529297 11.956000328064 12.8866672515869 13.4320001602173 13.7940006256104 14.0826663970947 14.3213329315186 14.3333339691162 13.7626667022705 12.8613328933716 13.466667175293 14.2340002059937 14.7346668243408 14.9133329391479 14.9486665725708 14.8433332443237 14.5046663284302 13.2826662063599 12.4373331069946 11.9079999923706 12.4720001220703 12.684666633606 13.6866664886475 14.1579999923706 14.3466663360596 13.9253330230713 14.2519998550415 14.7633333206177 15.2220001220703 15.6440000534058 15.3773336410522 14.7019996643066 13.9980001449585 13.3013334274292
4.72933340072632 4.85333347320557 4.91533327102661 5.01733350753784 5.01533365249634 4.94266653060913 4.92133331298828 4.86199998855591 4.85066652297974 13.7933330535889 4.87733316421509 12.9433336257935 11.1820001602173 10.5673332214355 11.7266664505005 12.6840000152588 13.3666667938232 13.7180004119873 13.3966665267944 13.8433332443237 13.5799999237061 13.0326671600342 13.4966669082642 14.1160001754761 14.3793334960938 14.8706665039062 14.8193330764771 14.764666557312 14.6560001373291 14.2620000839233 13.5240001678467 12.4820003509521 11.6713333129883 11.9926662445068 11.9226665496826 12.6013336181641 13.1346664428711 13.684666633606 13.6153335571289 14.5500001907349 14.5920000076294 15.6560001373291 15.5553331375122 15.2220001220703 14.6433334350586 13.8299999237061 13.1793336868286
5.54333353042603 5.19799995422363 4.76799964904785 4.94933319091797 5.14333343505859 5.02333307266235 14.3426666259766 4.97866678237915 4.95666694641113 5.03733348846436 5.14000034332275 13.6013336181641 11.8293333053589 10.82200050354 11.673999786377 12.8780002593994 13.4700002670288 13.4460000991821 12.8713331222534 13.242000579834 13.3979997634888 13.0913333892822 13.8013334274292 14.5473337173462 14.8053331375122 14.7666664123535 14.6420001983643 14.6826667785645 14.5686664581299 13.8433332443237 13.0726671218872 12.3400001525879 11.3606662750244 11.3266668319702 11.2766666412354 10.8306665420532 11.6193332672119 13.1193332672119 13.9273338317871 15.0900001525879 15.5993337631226 14.684666633606 14.8119993209839 14.775333404541 14.1933336257935 13.3833332061768 12.8433332443237
5.87333345413208 5.38399982452393 12.188666343689 12.782000541687 14.0799999237061 5.12133359909058 14.4173336029053 14.1559991836548 14.2446670532227 14.4113330841064 14.4133329391479 14.0073328018188 12.5780000686646 12.1486663818359 12.742000579834 13.4486665725708 13.7613334655762 13.5493335723877 12.9099998474121 13.2286672592163 13.6606664657593 13.7773332595825 14.2526664733887 14.6120004653931 14.7379999160767 1.13333332538605 14.6173334121704 14.6086664199829 14.1873331069946 12.4793338775635 11.8513336181641 11.1339998245239 10.804666519165 11.5780000686646 11.456000328064 9.89000034332275 11.6319999694824 13.5100002288818 14.6813335418701 15.7766666412354 15.1400003433228 14.9340000152588 15.4860000610352 15.3973331451416 14.9586668014526 14.3446664810181 14.1893329620361
5.82866668701172 5.43000030517578 12.7853336334229 12.6706666946411 13.8626661300659 14.3326663970947 14.2666664123535 13.956000328064 14.1719999313354 14.5819997787476 14.6506662368774 14.3126668930054 13.025333404541 12.4826669692993 13.3013334274292 13.8073329925537 13.9573335647583 13.5226669311523 12.543999671936 12.6246662139893 13.4553337097168 13.8813333511353 14.2960004806519 14.4946670532227 14.532000541687 14.4546661376953 14.1906671524048 13.8386669158936 13.768666267395 12.5013332366943 12.6346664428711 12.3206663131714 12.4860000610352 12.9060001373291 12.0566663742065 11.8520002365112 13.6626663208008 14.9686670303345 15.8400001525879 16.3859996795654 15.5666666030884 15.7533330917358 15.8280000686646 15.4013328552246 14.7873334884644 14.8219995498657 14.8066673278809
5.66933345794678 5.49333333969116 5.31666660308838 5.14200019836426 13.7873334884644 14.1146669387817 13.9393329620361 13.960000038147 14.4586668014526 14.7446660995483 14.8146667480469 14.6806669235229 13.7620000839233 13.0819997787476 13.7266664505005 14.1300001144409 14.1219997406006 13.3446664810181 11.8526668548584 11.7006664276123 13.018666267395 13.804666519165 14.0613327026367 14.0693330764771 13.8379993438721 13.2220001220703 12.0333337783813 12.71399974823 13.4546670913696 13.9020004272461 14.1040000915527 13.8959999084473 13.6519994735718 13.6573333740234 11.9166669845581 12.0086669921875 13.8406667709351 15.4899997711182 16.2900009155273 16.5526657104492 15.5526666641235 15.9226665496826 15.4833335876465 14.4446668624878 13.7126665115356 14.5386667251587 14.8439998626709
5.56466674804688 5.4379997253418 13.8073329925537 13.3426666259766 13.7726669311523 14.1619997024536 14.2593326568604 14.4159994125366 14.800666809082 14.9680004119873 14.9406671524048 14.8999996185303 14.3313331604004 12.6579999923706 14.0033330917358 14.2786664962769 14.1313333511353 13.4066667556763 11.9466667175293 10.5173330307007 12.3459997177124 13.5019998550415 13.3559999465942 13.3159999847412 13.423999786377 12.5299997329712 10.8066663742065 12.0706663131714 13.4913330078125 14.315333366394 14.7946662902832 14.8706665039062 14.8613328933716 14.3599996566772 12.4406671524048 13.3340005874634 14.4133329391479 15.6393337249756 16.4046669006348 16.7679996490479 15.5266666412354 15.5726661682129 14.9619998931885 12.804666519165 12.4700002670288 14.1406669616699 14.6960000991821
14.3380002975464 14.1246671676636 13.5853328704834 13.5900001525879 14.1326665878296 14.470666885376 14.6219997406006 14.7779998779297 14.9420003890991 14.9953336715698 14.9820003509521 14.9660005569458 14.3680000305176 13.1879997253418 14.1393327713013 14.257999420166 14.0900001525879 13.6066665649414 11.9119997024536 11.1540002822876 12.5933332443237 13.5873336791992 14.2066669464111 14.2126665115356 13.7159996032715 12.6606664657593 11.1073331832886 10.6420001983643 12.8080005645752 14.2126665115356 15.0473337173462 15.4079999923706 15.4366664886475 14.764666557312 13.3579998016357 13.8893337249756 14.7580003738403 15.2533330917358 16.1326675415039 16.8166675567627 16.6119995117188 15.9126672744751 14.6266670227051 12.1613330841064 11.9779996871948 13.7600002288818 14.6946668624878
14.4366664886475 14.1726665496826 13.9393329620361 14.2700004577637 14.5093336105347 14.735333442688 14.8366661071777 14.9213333129883 14.9720001220703 14.9746675491333 14.9440002441406 14.7233333587646 13.5386667251587 13.0473327636719 14.1400003433228 14.3666667938232 14.2160005569458 13.0580005645752 10.9693336486816 11.1859998703003 13.0606670379639 13.9899997711182 14.6353330612183 14.5993328094482 14.1000003814697 12.9053335189819 11.6999998092651 9.39799976348877 12.0026664733887 13.4226665496826 14.9619998931885 15.5246667861938 15.7586669921875 15.6579999923706 14.8780002593994 13.8093338012695 13.7700004577637 13.9219999313354 15.3186664581299 16.7566661834717 17.2100009918213 16.7639999389648 14.8179998397827 14.2180004119873 13.1866664886475 14.2639999389648 15.2153339385986
14.699333190918 14.5486669540405 14.1106662750244 14.5373334884644 14.5993337631226 14.6613330841064 14.4899997711182 14.746000289917 14.9046669006348 14.8280000686646 14.75 13.8946666717529 12.7013330459595 12.1073331832886 13.6506662368774 14.1766662597656 13.7466669082642 11.2853336334229 11.1199998855591 12.4519996643066 13.6879997253418 14.6286668777466 14.9586668014526 15.0073337554932 14.6606664657593 13.673999786377 12.3586673736572 10.8693332672119 12.5266666412354 13.5566663742065 14.7586669921875 15.4840002059937 15.9066667556763 16.03733253479 15.6286668777466 14.3806667327881 12.7980003356934 12.8966665267944 14.764666557312 16.5279998779297 17.3000011444092 16.9740009307861 15.5699996948242 15.4366664886475 15.0033330917358 14.9513330459595 15.4219999313354
14.6586666107178 14.5219993591309 14.3119993209839 14.5006666183472 14.300666809082 14.0126667022705 13.8586664199829 14.3746662139893 14.5413331985474 14.2133331298828 13.9966669082642 12.8140001296997 11.7366666793823 11.3693332672119 12.7013330459595 13.7153329849243 12.779333114624 11.1353330612183 12.3993330001831 13.6373329162598 14.5366668701172 15.1573333740234 15.3393335342407 15.4200000762939 15.3133335113525 14.3433332443237 13.1113328933716 12.1506671905518 13.2786664962769 14.0433340072632 14.789999961853 15.4573335647583 15.8733329772949 16.1526660919189 15.981333732605 13.9973335266113 11.0799999237061 11.4820003509521 13.7333335876465 15.8986663818359 17.2846660614014 17.3826675415039 16.1806659698486 16.2513332366943 15.9879999160767 15.4446668624878 15.6079998016357
