examples/night_lizards/data/train-rasters-2.5m/bclim8.asc
NCOLS 322 
NROWS 151 
XLLCORNER -122.75 
YLLCORNER 31.9166666666667 
CELLSIZE 0.0416666666666677 
NODATA_value -3.4e+38 
[rows 21 to 41 of 151, columns 188 to 234 of 322]
4.19799995422363 4.06999969482422 3.58399987220764 2.3953332901001 2.4520001411438 3.19066667556763 4.23866653442383 5.28333330154419 5.41866683959961 5.37666654586792 6.16400003433228 6.16200017929077 5.66466665267944 4.49399995803833 3.39400005340576 3.71799993515015 4.25799989700317 4.80266666412354 5.52333354949951 5.28066682815552 5.6526665687561 6.13733291625977 6.33866691589355 5.74333333969116 5.03800010681152 5.01999998092651 5.19000005722046 5.62199974060059 5.5886664390564 4.93666648864746 4.21799993515015 2.92133331298828 1.54799997806549 0.00333333015441895 -0.856666803359985 1.29333341121674 2.36066675186157 3.95866656303406 5.61333322525024 5.68933343887329 5.02400016784668 3.88466668128967 4.13600015640259 2.6726667881012 1.89999997615814 1.46000003814697 0.840666711330414
3.57866668701172 3.73066663742065 3.27400016784668 2.81400012969971 4.38266658782959 5.45466661453247 6.07733345031738 5.989333152771 5.1013331413269 5.86733341217041 7.47533321380615 7.0886664390564 5.96933317184448 4.51666641235352 4.19933319091797 5.08666658401489 5.42399978637695 5.71400022506714 6.21333360671997 6.25066661834717 6.53533315658569 6.7480001449585 6.81933307647705 6.39799976348877 6.06333351135254 5.86466693878174 6.03333330154419 6.03733348846436 5.17466688156128 4.68333339691162 4.54333305358887 4.16066694259644 2.88800001144409 2.91400003433228 3.27600002288818 4.27666664123535 5.10733318328857 6.21399974822998 6.76799964904785 6.75666666030884 5.94933319091797 4.4486665725708 5.5460000038147 4.97466659545898 3.72333335876465 2.34266662597656 1.67400002479553
3.99799990653992 4.00799989700317 3.89400005340576 4.96933317184448 6.3953332901001 7.10666704177856 6.97066640853882 5.7039999961853 6.260666847229 7.17866659164429 8.26666641235352 7.62400007247925 6.58066654205322 5.37066698074341 5.29199981689453 5.97266674041748 6.19266653060913 6.25133323669434 6.16266679763794 6.90466690063477 7.02666664123535 7.06733369827271 7.39999961853027 6.58933353424072 5.55066680908203 5.55733346939087 6.22666692733765 6.09733295440674 5.10866641998291 4.88533306121826 5.77266693115234 5.07266664505005 4.67066669464111 5.01866626739502 5.38600015640259 6.10533332824707 7.00266695022583 7.30600023269653 7.44199991226196 7.56933307647705 6.49933290481567 6.41999959945679 6.30733346939087 5.58266687393188 5.16466665267944 3.56599998474121 3.81200003623962
4.19399976730347 4.69600009918213 5.03666639328003 6.6026668548584 7.59466648101807 7.69733333587646 6.489333152771 6.7446665763855 7.4006667137146 7.90799999237061 8.67066669464111 8.08466625213623 7.10933303833008 6.54866647720337 6.7446665763855 6.90199995040894 6.8386664390564 6.64400005340576 6.83666658401489 7.28066682815552 7.48666667938232 7.7960000038147 7.47533369064331 6.29866647720337 4.16533327102661 3.95733332633972 5.69000005722046 6.75333309173584 7.03533363342285 6.70999956130981 6.92199993133545 6.53866672515869 6.63933324813843 7.01533317565918 6.89200019836426 7.31400012969971 7.84666681289673 8.03999996185303 7.85200023651123 7.55933332443237 7.22933340072632 7.16266679763794 6.9980001449585 6.62600040435791 6.59000015258789 5.64466667175293 5.01599979400635
4.72333335876465 5.64266633987427 6.34800004959106 7.60799980163574 7.81400012969971 7.02733325958252 7.26333332061768 7.61999988555908 8.11466693878174 8.35866641998291 8.85666656494141 8.20199966430664 7.59266662597656 7.72533369064331 7.739333152771 7.63666677474976 7.35333347320557 6.94866704940796 7.05266666412354 7.53933334350586 8.1026668548584 8.43400001525879 7.63800001144409 6.28399991989136 3.97666668891907 3.78399991989136 5.42466688156128 6.55733346939087 7.32933330535889 7.78733348846436 7.91066694259644 7.68133354187012 7.7979998588562 8.04600048065186 7.89333343505859 7.99066638946533 8.02799987792969 7.82933330535889 7.61800003051758 6.84800004959106 6.20133352279663 5.57866668701172 5.7446665763855 6.28133344650269 6.49266672134399 6.02799987792969 5.70266628265381
6.4486665725708 6.91333341598511 7.72800016403198 7.9806661605835 7.26800012588501 6.60599994659424 7.92000007629395 8.05066680908203 8.63533306121826 8.62333297729492 8.48666667938232 7.78866672515869 7.47866678237915 8.0019998550415 8.21133327484131 8.10733318328857 7.68333339691162 7.55866670608521 7.35533332824707 8.03933334350586 8.67866706848145 8.88533401489258 8.12399959564209 6.98666667938232 5.59200000762939 5.37466669082642 4.78666687011719 5.78200006484985 7.16933345794678 7.80866670608521 8.1966667175293 8.2906665802002 8.33866691589355 8.38533306121826 8.20400047302246 7.8953332901001 7.47933340072632 7.47133350372314 7.13066673278809 6.18866682052612 5.58866691589355 4.97066688537598 4.93266677856445 4.9593334197998 4.78399991989136 3.69133329391479 3.5460000038147
7.38066673278809 7.78666639328003 7.8066668510437 7.03599977493286 7.22466659545898 8.18000030517578 8.69333362579346 8.82133293151855 8.92666625976562 8.28800010681152 7.30800008773804 6.53866672515869 6.54533338546753 7.67799997329712 8.46133327484131 8.21199989318848 8.23133373260498 8.29333305358887 8.34933376312256 8.74066638946533 9.10066699981689 9.27533340454102 8.7480001449585 8.20533275604248 7.65733337402344 6.37133312225342 4.44733333587646 5.68266677856445 7.24266672134399 8.09200000762939 8.28666687011719 8.39599990844727 8.32333374023438 8.28400039672852 8.15466690063477 7.58133363723755 6.96000003814697 7.26999998092651 7.17000007629395 5.46600008010864 4.06133317947388 4.23133325576782 4.66866683959961 5.0053334236145 4.24866676330566 2.74799990653992 1.77466666698456
8.39000034332275 7.96733331680298 6.35933351516724 6.76933336257935 8.11400032043457 8.84066677093506 9.3953332901001 9.33866691589355 8.22933292388916 6.71600008010864 4.93666696548462 4.4573335647583 5.59133338928223 7.02533340454102 8.54600048065186 8.91933345794678 8.91866683959961 8.89466667175293 9.05066680908203 9.16399955749512 9.35666656494141 9.56466674804688 9.41133308410645 9.12399959564209 8.69200038909912 7.28200006484985 6.03466653823853 6.239333152771 7.06133365631104 8.11200046539307 8.41133308410645 8.33933353424072 8.24133396148682 8.25266647338867 8.21733379364014 8.02333354949951 7.83066654205322 7.86800003051758 7.63533306121826 5.98933362960815 5.33733320236206 5.38866662979126 5.23266649246216 5.25266695022583 5.08533334732056 4.6453332901001 3.76266670227051
8.67599964141846 7.55599975585938 6.07800006866455 7.35933303833008 8.64999961853027 9.31466674804688 9.8633337020874 9.21466636657715 7.60599994659424 4.77933311462402 3.28266668319702 3.75266671180725 6.03533363342285 7.40399980545044 8.43133354187012 9.15866661071777 9.46399974822998 9.52000045776367 9.38399982452393 9.45733261108398 9.5600004196167 9.62600040435791 9.75266647338867 9.69200038909912 9.61266613006592 8.43933391571045 8.00799942016602 7.96400022506714 7.93533372879028 7.76199960708618 8.02266693115234 8.13000011444092 8.14799976348877 8.09333324432373 8.06933307647705 7.95333337783813 7.66666650772095 7.89599990844727 6.92999982833862 5.99733352661133 5.90666675567627 5.65799999237061 5.03866672515869 4.92333316802979 4.97000026702881 4.90133333206177 4.84800004959106
8.87199974060059 7.54400014877319 7.08733320236206 7.88533353805542 8.84799957275391 9.74866676330566 10.1173334121704 9.32466697692871 8.06599998474121 5.97200012207031 4.19266653060913 3.92999982833862 5.53133344650269 7.24400043487549 7.72066640853882 9.19799995422363 9.75599956512451 9.80666637420654 9.80466651916504 9.70400047302246 9.74599933624268 9.71533298492432 9.92266654968262 10.0719995498657 10.0833330154419 8.80933284759521 8.52000045776367 7.46133327484131 6.27600002288818 7.00666666030884 7.3459997177124 7.27999973297119 7.71199989318848 7.39266681671143 7.17666673660278 6.9006667137146 7.0053334236145 6.99000024795532 5.70466661453247 5.5993332862854 5.78866672515869 5.62599992752075 5.02600002288818 4.75799989700317 4.63800001144409 4.82999992370605 4.9060001373291
8.98733329772949 7.49533319473267 7.65000009536743 8.05000019073486 8.78333282470703 9.97599983215332 10.0679998397827 9.42000007629395 8.74266624450684 7.7553334236145 6.61733293533325 6.11533355712891 7.23866653442383 7.8953332901001 8.09133338928223 9.45533275604248 10.0053339004517 10.1120004653931 10.1319999694824 9.96466636657715 10.0880002975464 10.0086669921875 10.0753335952759 10.2760000228882 9.98999977111816 7.76599979400635 6.47399997711182 5.11399984359741 4.90866661071777 6.33133316040039 5.70333337783813 5.66866683959961 6.70466661453247 5.80200004577637 6.18466663360596 6.42399978637695 6.21666669845581 5.91533327102661 5.17666673660278 5.30200004577637 5.48533344268799 5.40466690063477 5.22066640853882 4.95333337783813 4.82999992370605 4.66933345794678 4.6080002784729
9.35666656494141 8.42066669464111 8.01399993896484 8.52866649627686 9.1899995803833 10.0740003585815 10.2940006256104 9.87466716766357 9.41533374786377 8.83399963378906 7.56533336639404 7.27999973297119 8.56400012969971 9.18466663360596 9.55933380126953 9.93733310699463 10.279333114624 10.460000038147 10.1506671905518 10.4873332977295 10.4399995803833 10.3000001907349 10.3533334732056 10.1719999313354 9.0600004196167 5.95600032806396 5.11866664886475 3.49666666984558 3.13466668128967 4.69933319091797 5.04466676712036 4.59466695785522 5.2446665763855 4.48866653442383 5.00866651535034 5.85599994659424 6.19000005722046 6.36733341217041 5.06333351135254 5.0993332862854 5.28800010681152 5.24733352661133 5.05466651916504 4.88800001144409 4.76133298873901 4.62066698074341 4.47933340072632
9.56733322143555 9.31066703796387 9.260666847229 9.18266677856445 9.73733329772949 10.4013328552246 10.8020000457764 10.4193334579468 9.96399974822998 9.63399982452393 9.2906665802002 9.68733310699463 9.84333324432373 9.95266723632812 10.0866670608521 10.2006664276123 10.4379997253418 10.6999998092651 10.434666633606 10.8273334503174 10.7426671981812 10.5880002975464 10.3033332824707 9.47333335876465 7.69533348083496 4.07866668701172 3.878666639328 2.4300000667572 2.89133334159851 4.51266670227051 3.76266646385193 3.15000009536743 4.08533334732056 3.8033332824707 4.76266670227051 5.71266651153564 6.16400003433228 6.35733318328857 5.59133338928223 4.78266668319702 4.89266681671143 5.06599998474121 5.03866672515869 4.86666679382324 4.73466682434082 4.56933355331421 4.35266637802124
9.44733333587646 9.75933361053467 9.90533256530762 9.93466663360596 10.3393335342407 10.7173337936401 11.0073337554932 10.8533334732056 10.3253335952759 10.1266670227051 10.010666847229 10.4126663208008 10.5279998779297 10.5579996109009 10.5620002746582 10.5813331604004 10.8526668548584 10.9733333587646 10.8953332901001 10.7026672363281 10.4126663208008 10.2799997329712 10.0239992141724 8.49200057983398 5.36399984359741 3.12466669082642 2.3033332824707 3.44933319091797 3.51733326911926 4.3600001335144 3.95133328437805 3.64600014686584 4.36266660690308 4.53133344650269 4.8439998626709 5.53200006484985 6.05733346939087 6.2413330078125 6.11733341217041 4.82466697692871 4.69199991226196 4.82733345031738 5 4.89333343505859 4.74333333969116 4.58733320236206 4.30000019073486
8.89000034332275 9.05399990081787 9.78066635131836 9.98533344268799 10.6973333358765 11.0193328857422 11.0766668319702 11.1613330841064 10.7053337097168 10.4446668624878 10.4373331069946 10.6126670837402 10.5933332443237 10.8406667709351 11.0073328018188 11.1186666488647 11.1813335418701 10.7726669311523 10.3079996109009 9.92599964141846 9.66133308410645 9.66199970245361 9.18133354187012 7.37133312225342 5.22133350372314 4.40133333206177 4.79533338546753 5.26333332061768 4.86800003051758 4.49066686630249 4.2039999961853 4.41066694259644 4.49200010299683 4.42866659164429 4.64933347702026 5.15666675567627 5.80200004577637 6.05533313751221 6.10799980163574 5.28933334350586 4.56599998474121 4.63733339309692 4.86400032043457 4.80200004577637 4.70133304595947 4.61800003051758 4.46266651153564
8.18266677856445 8.03333282470703 9.06866645812988 9.71533298492432 10.4086666107178 10.9160003662109 11.0780000686646 11.2580003738403 11.0786666870117 10.8726663589478 10.8299999237061 10.7653331756592 10.7480001449585 11.010666847229 11.3546667098999 11.3313341140747 10.550666809082 9.73466682434082 9.10933303833008 8.35333347320557 8.03400039672852 8.18066692352295 6.71666669845581 6.36933326721191 6.04133319854736 5.70800018310547 5.92533349990845 5.99333333969116 5.7906665802002 4.70133352279663 4.35200023651123 4.33066654205322 4.33266687393188 4.34600019454956 4.55466651916504 4.7906665802002 5.34600019454956 5.79666662216187 5.88000011444092 5.80999994277954 4.63333320617676 4.4486665725708 4.77266645431519 4.7446665763855 4.56999969482422 4.50600004196167 4.47666692733765
7.79866695404053 8.00066661834717 9.25599956512451 10.0460004806519 10.6033334732056 10.8680000305176 11.0780000686646 11.1833333969116 11.1206665039062 11.1273336410522 11.2586669921875 11.0113334655762 10.8933334350586 11.1433334350586 11.5793333053589 10.985333442688 9.9506664276123 8.73466682434082 7.2906665802002 5.23199987411499 4.73000001907349 5.59000015258789 6.03999996185303 6.92199993133545 6.65933322906494 6.31800031661987 5.84466648101807 6.42799997329712 5.89066648483276 5.21600008010864 4.50600004196167 4.2480001449585 4.16133308410645 4.1966667175293 4.34999990463257 4.66466665267944 5.03866672515869 5.42533349990845 5.6439995765686 5.75133323669434 4.60599994659424 4.42933368682861 4.60599994659424 4.69933319091797 4.57800006866455 4.5019998550415 4.43866682052612
8.10733318328857 8.60200023651123 9.87800025939941 10.4106664657593 10.7286672592163 10.9186668395996 10.981333732605 10.684666633606 10.7466659545898 11.188666343689 11.4879999160767 11.3479995727539 11.0673332214355 11.3280000686646 11.6093330383301 10.760666847229 9.83800029754639 8.67933368682861 5.75799989700317 3.24266672134399 3.91799974441528 6.22666645050049 6.87666654586792 7.47933340072632 7.06799983978271 6.75933361053467 6.82999992370605 6.43666648864746 5.52266693115234 5.21000003814697 4.45266675949097 4.17666673660278 4.09200000762939 4.10066652297974 4.25266695022583 4.52133321762085 4.82133340835571 5.15866661071777 5.39933347702026 5.26399993896484 4.09333324432373 4.05866670608521 4.10933303833008 4.25799989700317 4.57399988174438 4.55466651916504 23.1319999694824
9.10000038146973 9.52733325958252 10.1506671905518 10.4973335266113 10.707332611084 10.8606662750244 10.7486667633057 10.224666595459 10.6206665039062 11.0353336334229 11.5499992370605 11.6499996185303 11.2893333435059 11.5839996337891 11.4566669464111 10.5753335952759 10.3686666488647 9.41066646575928 7.15133333206177 5.44066667556763 4.95599985122681 7.33599996566772 7.68200016021729 8.03999996185303 8.30599975585938 8.13599967956543 8.08333301544189 7.57133340835571 5.56400012969971 4.93733310699463 4.28533315658569 3.83266663551331 3.88733339309692 3.92000007629395 4.08333349227905 4.43666696548462 4.61666679382324 4.86600017547607 4.52866649627686 3.69533324241638 3.50399994850159 3.62800025939941 3.82200002670288 4.06533336639404 22.935998916626 22.9086666107178 22.8466663360596
10.0846662521362 10.4660005569458 10.4619998931885 10.5686664581299 10.7026662826538 10.7266664505005 10.5340003967285 10.0299997329712 10.7066659927368 11.0220003128052 11.4093332290649 11.6533336639404 11.5153331756592 11.6640005111694 11.5113334655762 11.2286672592163 10.4466667175293 9.86466693878174 9.14599990844727 8.21199989318848 6.92600011825562 7.95866680145264 8.59533309936523 9.00266647338867 9.14466667175293 9.22733306884766 9.19799995422363 7.79333353042603 6.54200029373169 5.36999988555908 4.27733325958252 3.57400012016296 3.61399984359741 3.70466661453247 4.00733327865601 4.31333351135254 4.55000019073486 4.76800012588501 3.85133337974548 3.18066644668579 3.00666642189026 21.3026657104492 21.7686672210693 22.0353336334229 22.2666664123535 22.1780014038086 22.1153335571289
10.5173330307007 10.6479997634888 10.5440006256104 10.5733337402344 10.5920000076294 10.5620002746582 10.2526664733887 10.0073337554932 10.6373329162598 11.0246667861938 11.2513332366943 11.4573335647583 11.6280002593994 11.706000328064 11.6919994354248 11.3540000915527 10.5426664352417 10.0006666183472 9.74399948120117 9.2306661605835 8.08933353424072 8.84733295440674 9.15866661071777 9.58800029754639 9.65866661071777 9.67999935150146 9.37199974060059 6.95733308792114 4.52333354949951 4.23466682434082 4.06066656112671 3.46666669845581 3.41466665267944 3.64666652679443 3.91799998283386 4.08999967575073 4.49399995803833 4.61399984359741 3.97200012207031 3.21199989318848 20.8999996185303 20.593334197998 20.5893325805664 21.2779998779297 21.8826675415039 21.6399993896484 21.6020011901855
