examples/night_lizards/data/train-rasters-2.5m/bclim6.asc
NCOLS 322 
NROWS 151 
XLLCORNER -122.75 
YLLCORNER 31.9166666666667 
CELLSIZE 0.0416666666666677 
NODATA_value -3.4e+38 
[rows 126 to 146 of 151, columns 138 to 183 of 322]
5.8439998626709 5.92799997329712 5.72800016403198 4.88399982452393 4.12800025939941 4.94399976730347 4.03600025177002 3.23199987411499 1.58000004291534 -0.00800000037997961 -0.332000017166138 -0.348000019788742 0.244000002741814 1.81200003623962 3.06399989128113 3.26399993896484 3.69600009918213 4.59200000762939 5.05200004577637 5.16400003433228 5.2480001449585 5.22800016403198 5.64800024032593 6.04400014877319 5.7480001449585 4.88399982452393 4.48400020599365 4.57200002670288 4.91200017929077 4.90000009536743 4.7519998550415 4.57200002670288 4.44799995422363 4.48799991607666 4.50400018692017 4.51999998092651 4.46799993515015 4.42400026321411 4.52799987792969 4.64400005340576 4.71199989318848 4.69999980926514 4.71600008010864 4.84400033950806 5.01200008392334 5.07999992370605
6.06400012969971 6.18400001525879 5.7519998550415 5.60400009155273 5.22800016403198 5.2960000038147 4.60400009155273 3.63199996948242 1.8400000333786 0.568000018596649 0.0640000030398369 -0.0439999997615814 -0.300000011920929 -0.208000004291534 1.6159999370575 2.1800000667572 3.27999997138977 4.11600017547607 4.84000015258789 5.01200008392334 5.08400011062622 5.33599996566772 5.73999977111816 5.97599983215332 5.72399997711182 5.2519998550415 4.85599994659424 4.56799983978271 4.56400012969971 4.80800008773804 4.87200021743774 4.53200006484985 4.30399990081787 4.33599996566772 4.52400016784668 4.77199983596802 4.67600011825562 4.49599981307983 4.48799991607666 4.62799978256226 4.71199989318848 4.71600008010864 4.69999980926514 4.7039999961853 4.74399995803833 4.97200012207031
6.30800008773804 6.20799970626831 5.92399978637695 5.60799980163574 5.41200017929077 4.92399978637695 3.45600008964539 3.32800006866455 1.77999997138977 0.995999991893768 0.519999980926514 0.467999994754791 -0.164000004529953 -0.804000020027161 -0.288000017404556 1.41999995708466 2.15599989891052 3.65599989891052 4.8600001335144 4.89200019836426 4.88000011444092 5.30800008773804 5.81199979782104 6.08400011062622 5.96400022506714 5.47200012207031 5.03599977493286 4.76800012588501 4.57999992370605 4.5 4.42799997329712 4.27199983596802 4.19199991226196 4.2480001449585 4.59600019454956 4.6879997253418 4.55999994277954 4.51200008392334 4.53200006484985 4.62400007247925 4.78000020980835 4.7960000038147 4.72399997711182 4.63199996948242 4.61999988555908 4.72399997711182
6.53599977493286 6.34000015258789 5.9520001411438 5.65599966049194 5.49599981307983 5.21199989318848 4.72399997711182 3.76399993896484 2.66799998283386 1.59200000762939 0.811999976634979 0.555999994277954 0.38400000333786 0.0200000014156103 0.0200000014156103 0.263999998569489 0.828000009059906 2.93199992179871 4.67999982833862 5.05200004577637 5.03200006484985 5.27600002288818 5.75600004196167 6.05999994277954 6.27600002288818 5.59999990463257 5.16799974441528 5.01599979400635 4.80399990081787 4.46400022506714 4.25600004196167 4.28399991989136 4.2960000038147 4.37599992752075 4.87599992752075 4.96000003814697 4.6879997253418 4.61199998855591 4.69199991226196 4.76399993896484 4.75600004196167 4.69199991226196 4.53200006484985 4.36800003051758 4.46000003814697 4.54400014877319
6.69600009918213 6.35599994659424 6.01200008392334 5.72399997711182 5.46000003814697 5.2039999961853 4.44400024414062 3.94799995422363 3.44000005722046 1.74000000953674 0.675999999046326 0.828000009059906 1.40799999237061 1.13999998569489 1.1360000371933 0.620000004768372 0.611999988555908 1.432000041008 3.85599994659424 4.5479998588562 4.67199993133545 4.98000001907349 5.64400005340576 6.14400005340576 5.9520001411438 5.42799997329712 5.26800012588501 5.32000017166138 5.02799987792969 4.53999996185303 4.28800010681152 4.31599998474121 4.30000019073486 4.44400024414062 4.90000009536743 5 4.72800016403198 4.53999996185303 4.62400007247925 4.7039999961853 4.76000022888184 4.7480001449585 4.48000001907349 4.3600001335144 4.4520001411438 4.51200008392334
6.7519998550415 6.2519998550415 5.91599988937378 5.6560001373291 5.40000009536743 4.75999975204468 3.92799997329712 4.22399997711182 3.56800007820129 2.2039999961853 1.432000041008 1.42799997329712 1.72800004482269 1.6599999666214 1.31200003623962 0.624000012874603 0.660000026226044 0.804000020027161 2.35599994659424 3.51999998092651 3.89599990844727 4.38800001144409 5.17999982833862 5.83599996566772 5.58400011062622 5.19199991226196 5.24399995803833 5.37200021743774 5.07599973678589 4.54400014877319 4.34800004959106 4.30400037765503 4.30000019073486 4.35599994659424 4.55600023269653 4.68400001525879 4.63599967956543 4.58400011062622 4.66400003433228 4.73199987411499 4.76800012588501 4.69199991226196 4.51599979400635 4.48400020599365 4.55999994277954 4.64400005340576
6.59999990463257 6.16400003433228 5.94399976730347 5.46000003814697 5.42000007629395 4.88000011444092 4.21199989318848 4.33199977874756 3.93199992179871 3.38800001144409 2.58800005912781 1.93599998950958 1.86000001430511 1.94799995422363 1.77199995517731 1.14800000190735 0.804000020027161 0.903999984264374 1.51999998092651 2.73600006103516 2.59200000762939 3.59599995613098 4.68400001525879 5.6399998664856 5.7960000038147 5.46799993515015 5.20799970626831 5.28000020980835 4.96799993515015 4.71600008010864 4.66799974441528 4.44400024414062 4.28000020980835 4.26000022888184 4.41599988937378 4.73600006103516 4.91200017929077 4.93200016021729 4.94000005722046 4.87599992752075 4.8120002746582 4.64799976348877 4.53999996185303 4.60799980163574 4.66400003433228 4.73199987411499
6.7519998550415 6.52799987792969 6.2519998550415 5.61999988555908 5.42799997329712 5.38000011444092 4.53200006484985 4.90000009536743 4.08799982070923 3.63199996948242 3.19199991226196 2.34400010108948 2.34800004959106 2.32400012016296 2.07999992370605 1.47200000286102 0.980000019073486 1.08000004291534 1.52799999713898 2.21199989318848 2 2.30399990081787 3.65199995040894 5.09999990463257 5.49200010299683 5.5959997177124 5.30000019073486 5.15199995040894 5.09200000762939 5.10799980163574 5.26000022888184 5.33599996566772 4.92000007629395 4.71600008010864 4.89599990844727 5.35599994659424 5.83599996566772 5.94000005722046 5.61999988555908 5.24399995803833 5.04400014877319 4.82399988174438 4.66400003433228 4.72399997711182 4.7480001449585 4.80000019073486
6.63600015640259 6.47599983215332 6.31599998474121 5.22800016403198 5.07600021362305 5.61999988555908 5.62400007247925 5.28399991989136 4.42000007629395 3.85199999809265 3.46000003814697 3.04800009727478 2.58400011062622 2.24000000953674 1.7960000038147 1.43999993801117 1.23599994182587 1.2960000038147 1.51999998092651 1.59599995613098 1.53600001335144 1.29999995231628 2.51600003242493 4.63600015640259 5.31599998474121 5.54400014877319 5.43200016021729 5.53999996185303 5.61199998855591 5.82800006866455 6.18400001525879 6.29199981689453 5.57600021362305 5.21600008010864 5.32800006866455 5.71199989318848 6.19199991226196 6.4040002822876 6.13199996948242 5.6560001373291 5.35200023651123 5.18400001525879 5.08400011062622 5.09999990463257 5.05200004577637 5
7.01599979400635 6.8439998626709 6.71600008010864 6.19600009918213 6.02799987792969 5.92400026321411 5.6560001373291 5.08799982070923 4.96400022506714 4.35599994659424 4.02400016784668 3.63199996948242 2.80399990081787 2.1800000667572 1.59599995613098 1.36800003051758 1.34399998188019 1.27999997138977 1.35599994659424 1.41600000858307 1.25199997425079 0.691999971866608 1.39600002765656 3.21600008010864 4.81599998474121 5.33200025558472 5.63599967956543 5.69199991226196 5.60400009155273 5.65999984741211 6.15199995040894 6.41200017929077 6.28399991989136 6.30399990081787 5.90399980545044 5.60799980163574 5.75999975204468 5.92000007629395 5.86399984359741 5.69199991226196 5.55200004577637 5.51599979400635 5.43599987030029 5.32800006866455 5.26399993896484 5.18400001525879
7.49599981307983 7.34000015258789 7.14400005340576 6.80000019073486 6.28800010681152 6.07599973678589 5.76399993896484 5.66800022125244 5.2960000038147 4.48799991607666 3.96399998664856 3.57200002670288 2.8840000629425 2.28399991989136 1.62399995326996 1.38800001144409 1.44799995422363 1.38800001144409 1.19200003147125 1.08399999141693 0.824000000953674 0.196000009775162 0.439999997615814 1.72399997711182 2.83999991416931 3.58400011062622 5.01999998092651 5.92399978637695 5.48000001907349 5.06799983978271 5.41200017929077 5.96799993515015 6.32800006866455 6.90799999237061 6.7039999961853 6.21999979019165 5.89599990844727 5.59200000762939 5.5 5.56799983978271 5.59999990463257 5.62799978256226 5.58400011062622 5.42000007629395 5.31599998474121 5.19999980926514
7.13600015640259 7.15199995040894 6.96000003814697 6.61600017547607 6.35599994659424 6.12400007247925 5.90000009536743 5.8120002746582 5.35599994659424 4.67199993133545 4.36800003051758 4.44799995422363 3.6800000667572 2.87199997901917 2.08800005912781 1.59200000762939 1.60000002384186 1.53200006484985 1.22800004482269 0.755999982357025 0.256000012159348 -0.0879999995231628 0.0920000001788139 0.248000010848045 0.259999990463257 0.871999979019165 3.45199990272522 5.90799999237061 5.96000003814697 4.98799991607666 5.2039999961853 5.58799982070923 6.00400018692017 6.65999984741211 6.98000001907349 6.90000009536743 6.43599987030029 5.90000009536743 5.63199996948242 5.55999994277954 5.60400009155273 5.76000022888184 5.67999982833862 5.54400014877319 5.35200023651123 5.16799974441528
6.67999982833862 6.67999982833862 6.66400003433228 6.32000017166138 6.07999992370605 5.88000011444092 5.65199995040894 5.53200006484985 5.38399982452393 5.28800010681152 5.02799987792969 4.62400007247925 4.10400009155273 3.27999997138977 2.42000007629395 1.94799995422363 1.75999999046326 1.70000004768372 1.567999958992 0.948000013828278 0.312000006437302 -0.068000003695488 -0.164000004529953 -0.392000019550323 -0.575999975204468 -0.0720000043511391 1.53199994564056 5.22399997711182 6.32000017166138 5.14400005340576 5.35200023651123 5.64799976348877 5.94400024414062 6.53999996185303 6.61999988555908 6.65999984741211 6.56400012969971 6.20800018310547 5.89200019836426 5.59999990463257 5.6560001373291 6.23600006103516 6.22800016403198 5.7960000038147 5.38000011444092 5.14799976348877
6.80800008773804 6.59200000762939 6.36399984359741 6.14800024032593 6.05200004577637 5.9520001411438 5.66799974441528 5.3439998626709 5.19199991226196 5.11999988555908 4.93599987030029 4.73999977111816 4.43200016021729 3.66000008583069 3.31200003623962 2.68400001525879 2.30399990081787 2.01200008392334 1.37999999523163 0.864000022411346 0.328000009059906 0.0120000010356307 -0.340000003576279 -0.815999984741211 -1.00399994850159 -0.560000002384186 0.952000021934509 4.58799982070923 6.13600015640259 5.22399997711182 5.51599979400635 5.85200023651123 6.01200008392334 6.28000020980835 6.44799995422363 6.6879997253418 6.30399990081787 6.30000019073486 6.40399980545044 6.02799987792969 5.87599992752075 6.63600015640259 6.78399991989136 6.11999988555908 5.55600023269653 5.28000020980835
6.96000003814697 6.8120002746582 6.50400018692017 5.98000001907349 5.82399988174438 5.69999980926514 5.49599981307983 5.37599992752075 5.19199991226196 5.02400016784668 4.94799995422363 4.77199983596802 4.5959997177124 4.36800003051758 4.03200006484985 3.48399996757507 2.75200009346008 2.02799987792969 1.39199995994568 0.819999992847443 0.332000017166138 -0.144000008702278 -0.564000010490417 -0.96399998664856 -1.12400007247925 -0.703999996185303 0.720000028610229 4.23600006103516 6.02400016784668 5.16400003433228 5.31599998474121 5.76800012588501 6.07599973678589 6.28000020980835 6.21600008010864 6.46799993515015 6.58799982070923 6.3600001335144 6.84800004959106 6.89599990844727 6.04400014877319 5.88800001144409 5.89200019836426 5.77600002288818 5.63599967956543 5.43599987030029
7.03999996185303 7.0479998588562 6.76399993896484 6.2960000038147 6 5.56799983978271 5.23600006103516 4.06400012969971 4.7039999961853 5.16400003433228 4.95599985122681 4.62799978256226 4.25999975204468 4.10799980163574 4.18800020217896 3.7039999961853 2.80800008773804 2.07999992370605 1.53600001335144 0.744000017642975 0.216000005602837 -0.15200001001358 -0.592000007629395 -1.00399994850159 -1.01199996471405 -0.388000011444092 1.15199995040894 4.52400016784668 6.23600006103516 5.23999977111816 4.93200016021729 5.40799999237061 6.01999998092651 6.2960000038147 6.08400011062622 6.17999982833862 6.71999979019165 7.19600009918213 7.17999982833862 7.09999990463257 6.37200021743774 5.88400030136108 5.7519998550415 5.69999980926514 5.64400005340576 5.58799982070923
7.27142858505249 7.21199989318848 6.96000003814697 6.61999988555908 6.26399993896484 6.0479998588562 5.78399991989136 5.15999984741211 5.20800018310547 4.90000009536743 4.88400030136108 4.66400003433228 4.5479998588562 4.34000015258789 3.82400012016296 3.2039999961853 2.03999996185303 1.26400005817413 1.03600001335144 0.675999999046326 0.184000000357628 -0.120000004768372 -0.592000007629395 -0.972000002861023 -0.860000014305115 0.303999990224838 3.01999998092651 5.46400022506714 6.51599979400635 5.7480001449585 5.14400005340576 5.36399984359741 5.76000022888184 5.80000019073486 5.56400012969971 5.67600011825562 6.43599987030029 7.09200000762939 7.1879997253418 7.22399997711182 6.26399993896484 5.88000011444092 5.83200025558472 5.73600006103516 5.61999988555908 5.60400009155273
-3.4e+38 7.30000019073486 6.82800006866455 6.44000005722046 6.38000011444092 6.21999979019165 6.15999984741211 5.96799993515015 5.32800006866455 4.98000001907349 4.80000019073486 4.6879997253418 4.45599985122681 4.07999992370605 3.79200005531311 2.98399996757507 2.07999992370605 1.11199998855591 0.931999981403351 0.680000007152557 0.332000017166138 -0.0200000014156103 -0.412000000476837 -0.807999968528748 -0.824000000953674 -0.275999993085861 1.10800004005432 3.98799991607666 5.90399980545044 6.03999996185303 5.48799991607666 5.10799980163574 5.1399998664856 5.2960000038147 5.35200023651123 5.34400033950806 6.19999980926514 6.78800010681152 7.11600017547607 7.13600015640259 6.26800012588501 6.03200006484985 5.94400024414062 5.82800006866455 5.69999980926514 5.48000001907349
-3.4e+38 -3.4e+38 6.81304359436035 6.26399993896484 6.11199998855591 6.22800016403198 6.11599969863892 5.9040002822876 5.62799978256226 5.63199996948242 5.24399995803833 4.71999979019165 4.51599979400635 4.16800022125244 3.90799999237061 3.51200008392334 2.37599992752075 1.26800000667572 1.10399997234344 0.660000026226044 0.519999980926514 0.0480000004172325 -0.300000011920929 -0.835999965667725 -1.0440000295639 -0.995999991893768 -0.416000008583069 1.53600001335144 4.57599973678589 5.94799995422363 5.7480001449585 5.21600008010864 4.88400030136108 4.71600008010864 4.97200012207031 5.14799976348877 6.28800010681152 7.03999996185303 6.89599990844727 6.99200010299683 6.35599994659424 5.98400020599365 5.69999980926514 5.47200012207031 5.34000015258789 5.26000022888184
-3.4e+38 -3.4e+38 6.90000009536743 6.25600004196167 6.00400018692017 6.10400009155273 6.13599967956543 6.08799982070923 5.82800006866455 5.55999994277954 5.42000007629395 5.19199991226196 4.86399984359741 4.44799995422363 4.26800012588501 3.96799993515015 3.03600001335144 2.42400002479553 1.6360000371933 1.00800001621246 0.65200001001358 0.248000010848045 -0.0640000030398369 -0.60400003194809 -1.01600003242493 -1.15600001811981 -0.708000004291534 0.667999982833862 3.38800001144409 5.7960000038147 6.18400001525879 5.58400011062622 5.21600008010864 5.00400018692017 4.99200010299683 5.07599973678589 5.89200019836426 6.80399990081787 7.03599977493286 7.11600017547607 6.89200019836426 6.10400009155273 5.37599992752075 5.28000020980835 5.44400024414062 5.45599985122681
-3.4e+38 -3.4e+38 6.69999980926514 6.2960000038147 5.95599985122681 5.86800003051758 5.98000001907349 5.97599983215332 5.72800016403198 5.30800008773804 5.18400001525879 4.96799993515015 4.82399988174438 4.47200012207031 4.38399982452393 3.53600001335144 3.17199993133545 2.6159999370575 2.04399991035461 1.54799997806549 1.00399994850159 0.692000031471252 0.483999997377396 -0.0160000007599592 -0.763999998569489 -1.06000006198883 -0.744000017642975 0.156000003218651 1.83599996566772 5.10799980163574 6.22000026702881 5.88800001144409 5.50799989700317 5.61600017547607 5.52799987792969 5.25600004196167 5.41599988937378 5.89599990844727 6.38800001144409 6.98799991607666 6.59200000762939 6.44799995422363 5.3600001335144 5.07599973678589 5.21600008010864 5.23999977111816
