examples/night_lizards/data/train-rasters-2.5m/bclim11.asc
NCOLS 322 
NROWS 151 
XLLCORNER -122.75 
YLLCORNER 31.9166666666667 
CELLSIZE 0.0416666666666677 
NODATA_value -3.4e+38 
[rows 0 to 20 of 151, columns 188 to 234 of 322]
0.797333240509033 1.20333325862885 1.23133337497711 1.20133316516876 1.02466654777527 0.542666673660278 0.344000190496445 0.162666723132133 -0.0440000705420971 -0.116000019013882 -0.113333381712437 -0.219333335757256 -0.475333213806152 -1.37533330917358 -1.48266673088074 -1.14066660404205 -1.01133334636688 -1.05866670608521 -1.25333333015442 -1.48933327198029 -1.72666680812836 -1.53599977493286 -1.49866664409637 -1.66399991512299 -1.97133326530457 -2.67400002479553 -2.3973331451416 -2 -1.74399995803833 -1.68599998950958 -1.69599997997284 -1.75866663455963 -1.7646666765213 -1.52066659927368 -1.16333329677582 -0.928666651248932 -0.881333529949188 -0.351999998092651 -0.341333538293839 -0.401333421468735 -0.400666564702988 -0.478000074625015 -0.558666527271271 -0.541333258152008 -0.543999850749969 -0.495999962091446 -0.393999814987183
1.28599989414215 1.44533348083496 1.5346667766571 1.57799994945526 1.51066672801971 1.28600001335144 0.829999923706055 0.196000024676323 -0.00533342361450195 0.0113332271575928 0.0479999370872974 0.0526666641235352 -0.0659999847412109 -0.982000052928925 -1.62000000476837 -1.1966667175293 -1.00800001621246 -1.07200002670288 -1.20200002193451 -1.39933335781097 -1.76066672801971 -1.70999991893768 -1.70733320713043 -1.67399990558624 -1.83666670322418 -2.28466653823853 -2.31933331489563 -2.05266666412354 -1.80866658687592 -1.71066677570343 -1.68333327770233 -1.63066685199738 -1.55866658687592 -1.44533348083496 -1.02933323383331 -0.741999924182892 -0.497333437204361 -0.154000043869019 -0.399333238601685 -0.59799987077713 -0.569999992847443 -0.521333396434784 -0.614000082015991 -0.755333364009857 -0.826666533946991 -0.889333307743073 -0.887999951839447
1.432000041008 1.5973334312439 1.59799993038177 1.63266670703888 1.6526665687561 1.37666654586792 0.822000026702881 -0.130666732788086 -0.000666697800625116 0.0899999141693115 0.135999992489815 0.202000066637993 0.201333284378052 -0.180000066757202 -0.83266669511795 -1.07799994945526 -0.96399998664856 -1.06066656112671 -1.18666660785675 -1.34999990463257 -1.75266647338867 -1.71733343601227 -1.82066679000854 -1.75666677951813 -1.80066668987274 -1.95933330059052 -2.0460000038147 -1.90066683292389 -1.66466653347015 -1.50866663455963 -1.4686666727066 -1.36133337020874 -1.15733325481415 -1.08133339881897 -0.951333343982697 -0.517333209514618 -0.197999954223633 -0.256666570901871 -0.531333267688751 -0.628666579723358 -0.488666623830795 -0.724666655063629 -1.16333329677582 -1.35133349895477 -1.54733324050903 -1.96466648578644 -1.91733336448669
1.51199984550476 1.71200001239777 1.74733316898346 1.72066652774811 1.76066660881042 1.49800002574921 0.956666707992554 -0.597333431243896 -0.0920000076293945 0.184000089764595 0.191999986767769 0.236666679382324 0.287333399057388 0.132666751742363 -0.196666717529297 -0.59799998998642 -0.831999957561493 -0.935999810695648 -1.12333333492279 -1.38733339309692 -1.88066649436951 -1.80866670608521 -1.85066676139832 -1.92800009250641 -1.86133337020874 -1.95266664028168 -1.91466653347015 -1.63466668128967 -1.32399988174438 -1.14266669750214 -0.979999959468842 -0.81799989938736 -0.74866658449173 -0.737999737262726 -0.612000048160553 -0.142666652798653 -0.146000146865845 -0.388666540384293 -0.650666654109955 -0.6506667137146 -0.528666734695435 -0.69733339548111 -0.888000011444092 -1.18400013446808 -1.70133328437805 -2.01399993896484 -1.94266653060913
1.51533317565918 1.85399985313416 1.90600001811981 1.73866677284241 1.72133350372314 1.7153332233429 1.19800007343292 -0.592666685581207 -0.240666627883911 0.278666734695435 0.28600001335144 0.257333278656006 0.301999896764755 0.173333242535591 -0.0686666145920753 -0.164666652679443 -0.304666668176651 -0.657333433628082 -1.12533330917358 -1.46866679191589 -1.88533341884613 -1.93333327770233 -1.8400000333786 -2.03266668319702 -2.0460000038147 -2.0753333568573 -1.7886666059494 -1.26466679573059 -1.11333334445953 -1.11333334445953 -0.851999819278717 -0.595333397388458 -0.531333267688751 -0.412666648626328 -0.210000038146973 -0.178666904568672 -0.439999908208847 -0.568666517734528 -0.598666667938232 -0.583333432674408 -0.495333343744278 -0.384666591882706 -0.438666820526123 -0.896666705608368 -1.32133340835571 -1.27600002288818 -1.21466672420502
1.62466657161713 2.01733350753784 1.93466675281525 1.71133351325989 1.70000016689301 1.72866654396057 1.35066664218903 0.0826665535569191 -0.312666654586792 0.242666646838188 0.353333234786987 0.278666734695435 0.263333410024643 0.311999887228012 0.244666650891304 0.186666563153267 0.213999912142754 -0.13666670024395 -0.691999912261963 -1.33866667747498 -2.02133345603943 -1.99133324623108 -1.89599990844727 -2.08933329582214 -2.14466667175293 -2.00799989700317 -1.50266671180725 -0.886666536331177 -0.533333301544189 -0.47800001502037 -0.415333181619644 -0.438666671514511 -0.527333557605743 -0.409333467483521 -0.324666649103165 -0.429333299398422 -0.52866667509079 -0.562666594982147 -0.541333258152008 -0.476666778326035 -0.386000066995621 -0.243999883532524 -0.258666664361954 -0.515333414077759 -0.664666593074799 -0.679333388805389 -0.738666713237762
1.8439998626709 2.12266683578491 1.9686666727066 1.74666678905487 1.74533331394196 1.69466662406921 1.16799998283386 -0.0286667346954346 -0.700000047683716 0.0199999809265137 0.278666645288467 0.414666652679443 0.287333399057388 0.367333322763443 0.513333320617676 0.465999990701675 0.291333347558975 -0.0226666927337646 -0.473999977111816 -1.02066671848297 -1.41133332252502 -1.83800005912781 -1.56266677379608 -1.61000001430511 -1.50333321094513 -1.12533330917358 -0.702666580677032 -0.421333163976669 -0.342666536569595 -0.318666696548462 -0.346666663885117 -0.465999841690063 -0.539333283901215 -0.520000040531158 -0.596666634082794 -0.598666489124298 -0.538666546344757 -0.510666608810425 -0.538666725158691 -0.486666679382324 -0.32000008225441 -0.261333227157593 -0.151333332061768 -0.17599980533123 -0.295333474874496 -0.336666822433472 -0.414000034332275
1.82599985599518 2.12533330917358 1.95666658878326 1.7373331785202 1.75066661834717 1.78333342075348 1.3566666841507 0.065333366394043 -1.08133327960968 0.218666717410088 0.833333313465118 1.00199997425079 0.813333332538605 0.62333345413208 0.639333307743073 0.580666780471802 0.310666710138321 -0.0526666641235352 -0.518000066280365 -0.992666661739349 -1.11266672611237 -1.23333346843719 -1.19599997997284 -1.25 -1.02066671848297 -0.630000114440918 -0.352000087499619 -0.357333421707153 -0.495333343744278 -0.59333348274231 -0.665333330631256 -0.714000165462494 -0.734666764736176 -0.736000001430511 -0.684000015258789 -0.600666582584381 -0.459333181381226 -0.455333471298218 -0.520666658878326 -0.49466672539711 -0.334666818380356 -0.314666837453842 -0.259333461523056 -0.143333271145821 -0.150666952133179 -0.191999912261963 -0.456666618585587
1.93533325195312 2.11733341217041 1.92933332920074 1.70266652107239 1.77800011634827 1.87266671657562 1.55066668987274 0.704666674137115 -0.00866659451276064 0.83866673707962 1.15866672992706 1.25866675376892 1.23266661167145 0.943333327770233 0.634000062942505 0.445333331823349 0.168000057339668 -0.20600001513958 -0.573333263397217 -1.04133331775665 -1.0846666097641 -1.07000005245209 -1.1100001335144 -0.851999938488007 -0.574666559696198 -0.452666521072388 -0.455333471298218 -0.631999969482422 -0.800666570663452 -0.832666575908661 -0.884000062942505 -0.91133326292038 -0.896666705608368 -0.810000121593475 -0.636666774749756 -0.469333320856094 -0.468666702508926 -0.486666530370712 -0.479333490133286 -0.453999847173691 -0.361999988555908 -0.398666709661484 -0.356666803359985 -0.211333513259888 -0.184666633605957 -0.276000022888184 -0.695333302021027
1.93133342266083 2.09133338928223 1.81533324718475 1.56866657733917 1.83866655826569 1.96466672420502 1.70333337783813 1.28933322429657 1.05400002002716 1.20999991893768 1.28733325004578 1.3546667098999 1.46200001239777 1.1560001373291 0.68666672706604 0.374666780233383 0.0193332824856043 -0.546666622161865 -0.898666679859161 -1.03600013256073 -0.991333305835724 -0.88999992609024 -0.707999885082245 -0.558666527271271 -0.511999845504761 -0.554666459560394 -0.644666612148285 -0.772666752338409 -0.890666544437408 -0.942666590213776 -0.957333385944366 -0.958666622638702 -0.872666597366333 -0.733999967575073 -0.558000028133392 -0.478666871786118 -0.531333386898041 -0.502666532993317 -0.404666513204575 -0.344666481018066 -0.323333352804184 -0.346000045537949 -0.332666635513306 -0.242666408419609 -0.269333273172379 -0.321333408355713 -0.69133323431015
1.86066663265228 1.9706666469574 1.67666661739349 1.41133332252502 1.80066668987274 1.7813333272934 1.64333343505859 1.49066662788391 1.27000021934509 1.24199998378754 1.27333343029022 1.35399997234344 1.40533339977264 1.24866664409637 0.90200001001358 0.498666614294052 -0.0113334655761719 -0.691333293914795 -0.908666610717773 -0.885333299636841 -0.895333290100098 -0.775333344936371 -0.617333173751831 -0.625333309173584 -0.625333368778229 -0.622666656970978 -0.642000198364258 -0.731333553791046 -0.895999848842621 -1.02933347225189 -1.03933358192444 -0.94133335351944 -0.79666668176651 -0.601999819278717 -0.527333319187164 -0.755333483219147 -0.686000108718872 -0.48799991607666 -0.315999895334244 -0.194666787981987 -0.111333288252354 -0.338000148534775 -0.26733335852623 -0.255333423614502 -0.235333278775215 -0.391999959945679 -1.19200003147125
1.7426666021347 1.89933347702026 1.72866666316986 1.58066666126251 1.78733336925507 1.56266677379608 1.3453334569931 1.37266659736633 1.18266665935516 1.41866683959961 1.48599994182587 1.40866661071777 1.30733323097229 1.18066680431366 0.862666666507721 0.427999973297119 -0.176000043749809 -0.64466667175293 -0.736666619777679 -0.764666616916656 -0.77266651391983 -0.753999888896942 -0.758666694164276 -0.845333337783813 -0.804666519165039 -0.662000119686127 -0.605333387851715 -0.621333420276642 -0.757999956607819 -0.909999847412109 -0.920000016689301 -0.79066675901413 -0.550666749477386 -0.25399985909462 -0.50133341550827 -0.919333517551422 -0.834666669368744 -0.48866668343544 -0.241999864578247 -0.145999982953072 -0.0479999370872974 0.0206665992736816 -0.116000019013882 -0.0859999656677246 -0.066666841506958 -0.866000115871429 -2.59533357620239
1.92533326148987 1.93666660785675 1.86533343791962 1.85066664218903 1.77333319187164 1.40666663646698 1.10200011730194 1.27933323383331 1.48333346843719 1.71733343601227 1.73733329772949 1.51866662502289 1.3806666135788 1.01800000667572 0.523333489894867 0.107333339750767 -0.315333366394043 -0.550000011920929 -0.605333507061005 -0.65666675567627 -0.668666541576385 -0.759333431720734 -0.804666697978973 -0.868000030517578 -0.865333259105682 -0.767333328723907 -0.745333433151245 -0.618666410446167 -0.569999933242798 -0.654666662216187 -0.608000040054321 -0.511333405971527 -0.263333410024643 -0.0786667689681053 -0.397333294153214 -0.778666794300079 -0.875333309173584 -0.601333379745483 -0.307333469390869 -0.187333345413208 -0.00466664647683501 0.178666666150093 0.0380000285804272 -0.0273332595825195 -0.378000020980835 -1.48199987411499 -2.73666667938232
2.2279999256134 2.00666666030884 1.92999994754791 1.83133327960968 1.5533332824707 1.12533342838287 1.04333341121674 1.35199987888336 1.72333323955536 1.9046665430069 1.6966667175293 1.55866658687592 1.50266671180725 0.98333328962326 0.302666574716568 -0.136666774749756 -0.276666641235352 -0.356666713953018 -0.415333271026611 -0.504666745662689 -0.625999987125397 -0.80266672372818 -0.789999902248383 -0.738666594028473 -0.753999948501587 -0.787999927997589 -0.777333319187164 -0.588666677474976 -0.465333312749863 -0.493999868631363 -0.380666643381119 -0.267999976873398 -0.282666772603989 -0.186000034213066 -0.247333526611328 -0.358666747808456 -0.78600001335144 -0.95799994468689 -0.804666578769684 -0.395333379507065 0.129333421587944 0.253333419561386 0.125333473086357 -0.412666797637939 -1.68533325195312 -3.14533352851868 -2.86533331871033
2.09533357620239 2.05200004577637 1.95000004768372 1.60933315753937 1.13400018215179 0.859333276748657 1.09333312511444 1.58933341503143 1.89533340930939 1.90733349323273 1.60533344745636 1.50266659259796 1.48866665363312 1.12133324146271 0.618000090122223 0.258666604757309 0.100666761398315 -0.0533332824707031 -0.0986665859818459 -0.243999883532524 -0.436666578054428 -0.70333343744278 -0.8206667304039 -0.790666580200195 -0.718666553497314 -0.754000008106232 -0.727333247661591 -0.517999947071075 -0.357999950647354 -0.340666770935059 -0.288000017404556 -0.324666649103165 -0.643999874591827 -0.353333383798599 -0.520000159740448 -0.558000028133392 -0.739999949932098 -1.1193333864212 -1.38466656208038 -1.0806667804718 -0.170000076293945 0.254000037908554 -0.258666664361954 -1.17466652393341 -3.11666655540466 -4.91333341598511 -4.92133331298828
2.14933347702026 2.2093334197998 2.06466674804688 1.47933328151703 0.643999993801117 0.609333336353302 1.19666659832001 1.9153333902359 2.19133329391479 1.54333341121674 1.14466655254364 1.04733324050903 1.08933341503143 1.01066672801971 0.714666604995728 0.51666671037674 0.462666749954224 0.312000036239624 0.210000038146973 0.216000005602837 0.177333354949951 -0.236666679382324 -0.659333288669586 -0.890666544437408 -0.768666744232178 -0.595333278179169 -0.746000051498413 -0.579999983310699 -0.39399990439415 -0.446000099182129 -0.530666589736938 -0.567333459854126 -0.9006667137146 -0.77533346414566 -0.968000113964081 -1.00466668605804 -1.20866668224335 -1.34066677093506 -1.49466669559479 -1.38133335113525 -0.219333335757256 0.257999897003174 -1.01199996471405 -3.21333312988281 -4.82999992370605 -5.44933319091797 -4.92133331298828
2.34866666793823 2.50666666030884 2.38800001144409 1.56200003623962 0.461333423852921 0.619333326816559 1.31133329868317 2.20266675949097 2.14933347702026 1.25066673755646 0.741333305835724 0.690666675567627 0.681333303451538 0.708000004291534 0.638000011444092 0.55266672372818 0.439333200454712 0.324666827917099 0.25 0.499333471059799 0.847333252429962 0.492666631937027 -0.211999967694283 -0.874000012874603 -0.733333349227905 -0.461333274841309 -0.911333322525024 -0.826666831970215 -0.644666612148285 -0.692666709423065 -0.709999978542328 -0.615333318710327 -1.06866681575775 -1.1746666431427 -1.31000006198883 -1.93600010871887 -2.25600004196167 -1.12733340263367 0.00600004196166992 0.40599998831749 0.963333368301392 0.278000026941299 -1.85666656494141 -3.48799991607666 -4.80933332443237 -4.92399978637695 -4.49666690826416
2.76333332061768 2.73466682434082 2.56866669654846 1.69599997997284 0.740666806697845 0.914000034332275 1.57866680622101 2.17933344841003 2.72266674041748 1.54733335971832 0.613999903202057 0.437333256006241 0.55866664648056 0.52733325958252 0.38333335518837 0.229333475232124 0.294666618108749 0.379999965429306 0.34400001168251 0.504000008106232 1.38333332538605 1.46733343601227 0.747999966144562 -0.181333377957344 -0.571333348751068 -0.266000032424927 -0.00933337211608887 -0.245999976992607 -0.480666726827621 -0.263333231210709 0.0980000495910645 -0.492666631937027 -1.47066676616669 -1.85199999809265 -1.83866667747498 -2.25133323669434 -2.8493332862854 -1.54666650295258 0.594000041484833 1.5440000295639 1.76266670227051 0.0719999447464943 -1.79933333396912 -1.94466662406921 -3.38533329963684 -4.25400018692017 -3.42133331298828
3.06799983978271 2.89266657829285 2.6800000667572 1.89466655254364 1.30799996852875 1.00133335590363 1.64066660404205 2.28066658973694 3.24066662788391 2.46799993515015 1.83000004291534 1.49266684055328 1.49866676330566 0.844666659832001 0.245333358645439 0.181333303451538 0.293999999761581 0.594666719436646 0.752666532993317 1.1653333902359 2.24000024795532 2.63800001144409 2.06533336639404 1.04000008106232 0.633333265781403 0.80266672372818 0.712666690349579 1.09866666793823 1.4926666021347 1.46933329105377 1.29666674137115 0.89599996805191 -0.177999973297119 -1.41266679763794 -1.88666677474976 -2.35866665840149 -3.07733345031738 -2.46066665649414 -0.387333303689957 1.60266673564911 1.85866677761078 0.619333207607269 -0.509999990463257 -1.23133337497711 -2.95999979972839 -2.68133354187012 -2.17333316802979
3.08200001716614 2.92066669464111 2.63599991798401 1.74866664409637 0.990000069141388 1.36333334445953 2.42133331298828 3.0460000038147 3.9266664981842 3.5 2.73799991607666 2.39866662025452 2.65466666221619 1.81199991703033 0.656666696071625 0.192666694521904 0.324666649103165 1.33599984645844 2.2279999256134 2.4026665687561 2.95466661453247 3.31866669654846 3.29666662216187 2.93666696548462 2.46466684341431 1.64666676521301 1.21266663074493 2.0533332824707 2.90133357048035 2.66933345794678 2.20533323287964 1.42733347415924 -0.114000082015991 -1.05599999427795 -1.60066676139832 -2.51199984550476 -3.06600022315979 -0.893999874591827 0.911333382129669 2.23066663742065 2.13599991798401 1.82333326339722 0.504666745662689 -1.62799990177155 -2.87933325767517 -1.86133325099945 -0.730666697025299
3.08066654205322 2.86199998855591 2.47800016403198 1.79866671562195 0.76800012588501 1.36266672611237 2.54866671562195 3.48733329772949 4.52999973297119 4.71600008010864 3.64933323860168 3.57999992370605 3.66866660118103 2.73866677284241 1.53933322429657 0.717999935150146 1.01599991321564 2.25666689872742 3.28933334350586 3.14000010490417 3.49333333969116 4.01733350753784 4.24333333969116 3.74733328819275 2.38333320617676 2.08466672897339 2.46133351325989 3.2553334236145 3.64266657829285 3.25800013542175 2.63199996948242 1.20466673374176 -0.585999965667725 -1.96666669845581 -2.43599987030029 -2.65466666221619 -1.82333338260651 0.660000026226044 2.63199996948242 3.55933332443237 2.6340000629425 2.2480001449585 0.90200001001358 -0.546000003814697 -1.567999958992 -1.17800009250641 -0.369333416223526
