examples/night_lizards/data/train-rasters-2.5m/bclim2.asc
NCOLS 322 
NROWS 151 
XLLCORNER -122.75 
YLLCORNER 31.9166666666667 
CELLSIZE 0.0416666666666677 
NODATA_value -3.4e+38 
[rows 21 to 41 of 151, columns 0 to 46 of 322]
-3.4e+38 -3.4e+38 -3.4e+38 -3.4e+38 -3.4e+38 -3.4e+38 -3.4e+38 -3.4e+38 11.1060190200806 11.433666229248 11.7023334503174 11.8703327178955 11.9530000686646 11.7553329467773 11.7943334579468 12.6093330383301 12.9739999771118 13.2736663818359 13.4686660766602 13.5719995498657 13.6196660995483 13.8053331375122 14.0073337554932 14.2509994506836 14.1076669692993 13.6789999008179 12.2609996795654 11.3729991912842 12.9606666564941 13.6876668930054 13.9423332214355 13.6009998321533 12.813666343689 13.7133331298828 14.2329998016357 14.3043327331543 14.5433330535889 14.7923336029053 14.767333984375 14.3549995422363 13.8780002593994 13.9293327331543 14.0976667404175 14.2866668701172 14.4563331604004 14.6763334274292 14.9283332824707
-3.4e+38 -3.4e+38 -3.4e+38 -3.4e+38 -3.4e+38 -3.4e+38 -3.4e+38 -3.4e+38 11.1098480224609 11.4093332290649 11.4420003890991 11.5769996643066 11.908332824707 12.0699996948242 11.4980001449585 12.1683330535889 13.0583333969116 13.3883333206177 13.6606664657593 13.8076667785645 13.9056663513184 14.0356674194336 14.1733331680298 14.4536666870117 14.3669996261597 14.0033330917358 13.4993333816528 12.3140001296997 12.0839996337891 13.2463331222534 13.9580001831055 14.0036668777466 14.0500001907349 14.3533334732056 14.1643333435059 14.2059993743896 14.3553333282471 14.6820001602173 14.7476673126221 14.4390001296997 13.8099994659424 13.8070001602173 13.945333480835 14.1046667098999 14.582667350769 14.9300003051758 14.9569997787476
-3.4e+38 -3.4e+38 -3.4e+38 -3.4e+38 -3.4e+38 -3.4e+38 -3.4e+38 -3.4e+38 11.1123189926147 11.1669998168945 11.2180004119873 11.3716659545898 11.3929996490479 12.0920000076294 11.981333732605 11.1393337249756 11.9283332824707 12.8726673126221 13.5043334960938 13.8573331832886 13.8879995346069 13.9996662139893 14.2203330993652 14.2720003128052 14.5503330230713 14.565333366394 14.2706670761108 13.4029998779297 12.7256669998169 12.8033332824707 13.8373336791992 13.9246664047241 14.3309993743896 14.618332862854 14.5 14.2876663208008 14.3473329544067 14.5606660842896 14.5343332290649 14.2516660690308 13.7403335571289 13.732666015625 13.7653331756592 13.5453338623047 13.8833332061768 14.5460004806519 14.843334197998
-3.4e+38 -3.4e+38 -3.4e+38 -3.4e+38 -3.4e+38 -3.4e+38 -3.4e+38 -3.4e+38 11.1053028106689 11.1277780532837 11.2089996337891 11.4343338012695 11.6193332672119 11.9630002975464 12.5310001373291 12.5010004043579 12.1293334960938 12.4630002975464 13.4023332595825 12.6270008087158 13.1850004196167 13.6770000457764 14.0056667327881 14.452000617981 14.393666267395 14.5676670074463 14.4860000610352 13.9663333892822 13.1346664428711 13.3039999008179 13.9289999008179 13.938666343689 14.2869997024536 14.4323329925537 14.4243335723877 14.3676671981812 14.3686666488647 14.4449996948242 14.5223331451416 14.353666305542 13.8713331222534 13.6986665725708 13.6413335800171 13.2629995346069 13.1073331832886 13.6486663818359 14.3116664886475
-3.4e+38 -3.4e+38 -3.4e+38 -3.4e+38 -3.4e+38 -3.4e+38 -3.4e+38 -3.4e+38 -3.4e+38 10.9324073791504 11.1400003433228 11.514666557312 11.7136669158936 11.610333442688 12.5329999923706 12.9843330383301 13.0869998931885 12.8570003509521 13.0109996795654 12.6269998550415 11.5910005569458 12.6773338317871 13.4259996414185 14.1186666488647 14.2863330841064 14.190333366394 14.2956666946411 14.3546676635742 14.1283330917358 13.2726669311523 13.7846670150757 13.7443332672119 14.0769996643066 14.1386661529541 14.3363332748413 14.4973335266113 14.4700002670288 14.5266666412354 14.4783334732056 14.1373329162598 13.8953332901001 13.6496667861938 13.6413326263428 13.4483337402344 13.2309999465942 13.5019998550415 13.9440002441406
-3.4e+38 -3.4e+38 -3.4e+38 -3.4e+38 -3.4e+38 -3.4e+38 -3.4e+38 -3.4e+38 -3.4e+38 10.7416667938232 10.9119052886963 11.5037879943848 12.0343332290649 11.8039999008179 11.5209999084473 12.9820003509521 13.4986667633057 13.5369997024536 13.4230003356934 13.0973339080811 12.474666595459 11.199333190918 12.2189998626709 13.3030004501343 13.5126667022705 13.7266664505005 14.1673336029053 14.6203327178955 14.7096672058105 13.8373336791992 13.7556667327881 13.6153335571289 13.9370002746582 14.0006666183472 14.2036666870117 14.4046669006348 14.6673336029053 14.5103330612183 13.5046672821045 13.0316667556763 13.1793327331543 13.4763336181641 13.7896671295166 13.7783336639404 13.703332901001 13.9033336639404 14.0443334579468
-3.4e+38 -3.4e+38 -3.4e+38 -3.4e+38 -3.4e+38 -3.4e+38 -3.4e+38 -3.4e+38 -3.4e+38 -3.4e+38 -3.4e+38 11.6291675567627 12.0450754165649 12.3533334732056 12.1323328018188 12.6256666183472 13.5563335418701 13.6763334274292 13.5453338623047 13.2513332366943 12.7726669311523 12.0909996032715 12.1193332672119 12.6096668243408 13.0096664428711 13.3423337936401 13.960000038147 14.4879999160767 14.6966667175293 14.6713333129883 14.3680000305176 14.2049999237061 14.2196664810181 14.2126665115356 14.0369997024536 14.2476673126221 14.5816669464111 14.1940002441406 12.9230003356934 12.1409997940063 12.9336671829224 13.6433334350586 14.1219997406006 14.0710000991821 13.8950004577637 13.9829998016357 14.1433334350586
-3.4e+38 -3.4e+38 -3.4e+38 -3.4e+38 -3.4e+38 -3.4e+38 -3.4e+38 -3.4e+38 -3.4e+38 -3.4e+38 -3.4e+38 -3.4e+38 11.671667098999 12.3386363983154 12.7779998779297 12.9773330688477 13.2419996261597 13.3516664505005 13.2056665420532 13.1456661224365 12.9250001907349 12.7856664657593 12.9879999160767 13.1136665344238 13.0136671066284 13.0256662368774 13.3793334960938 13.9796667098999 14.4863328933716 14.6440000534058 14.7423334121704 14.746000289917 14.5813331604004 14.4896669387817 14.3623332977295 14.4119997024536 14.5506658554077 14.5813331604004 14.1573333740234 13.9860000610352 14.893666267395 14.9623327255249 14.6569995880127 14.3993339538574 14.2496671676636 14.0786666870117 14.0943336486816
-3.4e+38 -3.4e+38 -3.4e+38 -3.4e+38 -3.4e+38 -3.4e+38 -3.4e+38 -3.4e+38 -3.4e+38 -3.4e+38 -3.4e+38 -3.4e+38 -3.4e+38 11.8999996185303 12.4208326339722 12.8857641220093 13.190333366394 12.8587121963501 12.8106660842896 12.8557291030884 12.5083332061768 12.4056663513184 12.7343330383301 13.0473337173462 13.1053333282471 13.2976665496826 13.2569999694824 13.6169996261597 14.0509996414185 14.3629999160767 14.6186666488647 14.6703329086304 14.6626663208008 14.7069997787476 14.9096670150757 15.0143327713013 14.7783336639404 14.5556669235229 14.8680000305176 15.0289993286133 15.2636661529541 15.5233335494995 15.2216672897339 14.921667098999 14.8023328781128 14.3763332366943 14.2489995956421
-3.4e+38 -3.4e+38 -3.4e+38 -3.4e+38 -3.4e+38 -3.4e+38 -3.4e+38 -3.4e+38 -3.4e+38 -3.4e+38 -3.4e+38 -3.4e+38 -3.4e+38 -3.4e+38 -3.4e+38 12.2250003814697 12.4233331680298 12.5458335876465 -3.4e+38 -3.4e+38 11.6833333969116 11.6166667938232 12.171667098999 12.7600002288818 12.8550004959106 13.1186666488647 13.4773330688477 13.5016670227051 13.91100025177 14.1606664657593 14.4860000610352 14.6546669006348 14.5836668014526 14.6893339157104 15.1093330383301 15.2133331298828 14.8290004730225 14.9126663208008 15.2390003204346 15.4526672363281 15.5520000457764 15.5096664428711 15.8303337097168 15.7523336410522 15.6823329925537 15.2969999313354 14.8140001296997
-3.4e+38 -3.4e+38 -3.4e+38 -3.4e+38 -3.4e+38 -3.4e+38 -3.4e+38 -3.4e+38 -3.4e+38 -3.4e+38 -3.4e+38 -3.4e+38 -3.4e+38 -3.4e+38 -3.4e+38 -3.4e+38 -3.4e+38 -3.4e+38 -3.4e+38 -3.4e+38 -3.4e+38 10.9645833969116 11.5583333969116 12.3009996414185 12.5209999084473 12.5973339080811 12.8790006637573 13.2036666870117 13.5363330841064 14.2290000915527 14.423999786377 14.6086664199829 14.7413330078125 14.8676671981812 15.4060001373291 15.6353330612183 15.3293333053589 15.2290000915527 15.6596670150757 16.1326675415039 16.425666809082 16.1499996185303 16.0629997253418 16.326000213623 16.4656658172607 16.4446659088135 15.7293329238892
-3.4e+38 -3.4e+38 -3.4e+38 -3.4e+38 -3.4e+38 -3.4e+38 -3.4e+38 -3.4e+38 -3.4e+38 -3.4e+38 -3.4e+38 -3.4e+38 -3.4e+38 -3.4e+38 -3.4e+38 -3.4e+38 -3.4e+38 -3.4e+38 -3.4e+38 -3.4e+38 -3.4e+38 -3.4e+38 11.2769231796265 11.7273330688477 12.0060005187988 12.2690000534058 12.5786666870117 13.1339998245239 13.4763336181641 13.6876668930054 14.0749998092651 14.3923330307007 14.5916662216187 14.8986663818359 15.4133338928223 16.0553340911865 16.3819999694824 16.3716659545898 15.7863330841064 16.3996658325195 16.6776676177979 16.5389995574951 16.4173336029053 16.6340007781982 16.8986663818359 16.9930000305176 16.6149997711182
-3.4e+38 -3.4e+38 -3.4e+38 -3.4e+38 -3.4e+38 -3.4e+38 -3.4e+38 -3.4e+38 -3.4e+38 -3.4e+38 -3.4e+38 -3.4e+38 -3.4e+38 -3.4e+38 -3.4e+38 -3.4e+38 -3.4e+38 -3.4e+38 -3.4e+38 -3.4e+38 -3.4e+38 -3.4e+38 11.0416669845581 11.0393333435059 11.5366668701172 11.9776668548584 12.326000213623 13.0699996948242 13.6750001907349 13.664999961853 13.6736669540405 14.0173330307007 14.3850002288818 14.8723335266113 15.5966663360596 16.0900001525879 16.8226661682129 16.9466667175293 16.6493339538574 16.6686668395996 16.96266746521 16.6813335418701 16.5113334655762 16.8206672668457 17.1333332061768 17.2226657867432 17.0303325653076
-3.4e+38 -3.4e+38 -3.4e+38 -3.4e+38 -3.4e+38 -3.4e+38 -3.4e+38 -3.4e+38 -3.4e+38 -3.4e+38 -3.4e+38 -3.4e+38 -3.4e+38 -3.4e+38 -3.4e+38 -3.4e+38 -3.4e+38 -3.4e+38 -3.4e+38 -3.4e+38 -3.4e+38 -3.4e+38 10.9354162216187 11.2166662216187 11.7583332061768 11.9833335876465 12.2293329238892 12.688666343689 13.3809995651245 13.849666595459 14.066333770752 14.175666809082 14.4200000762939 14.8073329925537 15.4406671524048 16.2626667022705 16.8313331604004 17.1873321533203 17.2870006561279 17.0599994659424 17.0069999694824 16.8173332214355 16.8166656494141 17.0576667785645 17.1316661834717 17.1153335571289 17.0833339691162
-3.4e+38 -3.4e+38 -3.4e+38 -3.4e+38 -3.4e+38 -3.4e+38 -3.4e+38 -3.4e+38 -3.4e+38 -3.4e+38 -3.4e+38 -3.4e+38 -3.4e+38 -3.4e+38 -3.4e+38 -3.4e+38 -3.4e+38 -3.4e+38 -3.4e+38 -3.4e+38 -3.4e+38 -3.4e+38 11.0203704833984 11.2866668701172 11.7276668548584 11.9553337097168 12.2543334960938 12.5446662902832 13.4176664352417 13.8870000839233 14.3756666183472 14.5396671295166 14.6406660079956 14.9056663513184 15.5016670227051 16.0686664581299 17.0570011138916 17.5230007171631 17.5486660003662 17.5426654815674 17.6063327789307 17.5906658172607 17.1226673126221 17.2596664428711 17.353666305542 17.5376663208008 17.7690010070801
-3.4e+38 -3.4e+38 -3.4e+38 -3.4e+38 -3.4e+38 -3.4e+38 -3.4e+38 -3.4e+38 -3.4e+38 -3.4e+38 -3.4e+38 -3.4e+38 -3.4e+38 -3.4e+38 -3.4e+38 -3.4e+38 -3.4e+38 -3.4e+38 -3.4e+38 -3.4e+38 -3.4e+38 -3.4e+38 11.0930557250977 11.4329996109009 11.6556663513184 11.9090003967285 12.1730003356934 12.4236669540405 12.8263330459595 13.8453330993652 14.4799995422363 14.5873336791992 14.6070003509521 15.0126667022705 15.4090003967285 15.867000579834 16.8633327484131 17.3169994354248 17.5799999237061 17.8549995422363 17.9463329315186 17.7059993743896 17.5240001678467 17.4290008544922 17.9120006561279 18.0820007324219 18.326000213623
-3.4e+38 -3.4e+38 -3.4e+38 -3.4e+38 -3.4e+38 -3.4e+38 -3.4e+38 -3.4e+38 -3.4e+38 -3.4e+38 -3.4e+38 -3.4e+38 -3.4e+38 -3.4e+38 -3.4e+38 -3.4e+38 -3.4e+38 -3.4e+38 -3.4e+38 8.65833377838135 -3.4e+38 9.36666679382324 10.3847827911377 11.3990001678467 11.4573335647583 11.6569995880127 12.0196666717529 12.2806663513184 12.5620002746582 13.2006664276123 13.9186668395996 14.6733331680298 14.9873332977295 15.2053337097168 15.5723333358765 15.885666847229 16.4193325042725 17.3729991912842 17.5580005645752 17.5296669006348 17.5283336639404 17.9206657409668 17.9060001373291 18.0616664886475 18.503999710083 18.8193340301514 18.7886657714844
-3.4e+38 -3.4e+38 -3.4e+38 -3.4e+38 -3.4e+38 -3.4e+38 -3.4e+38 -3.4e+38 -3.4e+38 -3.4e+38 -3.4e+38 -3.4e+38 -3.4e+38 -3.4e+38 -3.4e+38 -3.4e+38 -3.4e+38 -3.4e+38 8.14999961853027 8.8019847869873 9.35980415344238 9.71333312988281 10.6306667327881 11.8066663742065 11.7556667327881 11.9423332214355 12.1353330612183 12.184666633606 12.4836664199829 12.9476671218872 13.6069993972778 14.5383329391479 15.2969999313354 15.6866664886475 15.7153329849243 15.967999458313 16.6350002288818 17.3500003814697 17.4203338623047 17.1406669616699 16.4403343200684 16.8920001983643 17.6876659393311 18.0896663665771 18.7056655883789 18.9523334503174 18.8366661071777
-3.4e+38 -3.4e+38 -3.4e+38 -3.4e+38 -3.4e+38 -3.4e+38 -3.4e+38 -3.4e+38 -3.4e+38 -3.4e+38 -3.4e+38 -3.4e+38 -3.4e+38 -3.4e+38 -3.4e+38 -3.4e+38 -3.4e+38 -3.4e+38 8.07291698455811 8.66388893127441 9.58833312988281 10.3973331451416 11.1743335723877 12.0143337249756 11.9069995880127 13.010666847229 14.0643329620361 13.5286664962769 12.503999710083 12.6469993591309 13.3923330307007 14.2316665649414 15.331000328064 16.4436664581299 16.5909996032715 16.6730003356934 16.949333190918 17.4383335113525 17.7840003967285 17.796667098999 17.1140003204346 16.6296672821045 17.1973323822021 17.2706661224365 17.8863334655762 18.5820007324219 18.8226661682129
-3.4e+38 -3.4e+38 -3.4e+38 -3.4e+38 -3.4e+38 -3.4e+38 -3.4e+38 -3.4e+38 -3.4e+38 -3.4e+38 -3.4e+38 -3.4e+38 -3.4e+38 -3.4e+38 -3.4e+38 -3.4e+38 -3.4e+38 -3.4e+38 -3.4e+38 8.3988094329834 9.55466651916504 10.1566667556763 10.8210000991821 11.6773338317871 12.6813335418701 13.4419994354248 14.7473335266113 14.970666885376 14.1859998703003 12.6586666107178 13.0863332748413 13.7256669998169 14.7106666564941 16.0433330535889 16.9813327789307 17.17799949646 17.3010005950928 17.4036674499512 17.875 18.3806667327881 18.378999710083 17.7476673126221 17.2583332061768 16.9370002746582 17.2013339996338 17.7576675415039 18.3129997253418
-3.4e+38 -3.4e+38 -3.4e+38 -3.4e+38 -3.4e+38 -3.4e+38 -3.4e+38 -3.4e+38 -3.4e+38 -3.4e+38 -3.4e+38 -3.4e+38 -3.4e+38 -3.4e+38 -3.4e+38 -3.4e+38 -3.4e+38 -3.4e+38 -3.4e+38 8.69513893127441 10.3793334960938 11.0109996795654 11.7220001220703 12.2453336715698 11.9703330993652 13.4623336791992 14.4963331222534 15.1613330841064 15.0579996109009 14.1879997253418 12.9433336257935 13.3716669082642 14.0790004730225 14.8386659622192 16.5930004119873 17.4896659851074 17.5739994049072 17.433666229248 17.9440002441406 18.6006660461426 18.818000793457 18.3146667480469 18.1346664428711 17.7323341369629 16.9646663665771 17.1643333435059 17.7620010375977
