examples/night_lizards/data/train-rasters-2.5m/bclim3.asc
NCOLS 322 
NROWS 151 
XLLCORNER -122.75 
YLLCORNER 31.9166666666667 
CELLSIZE 0.0416666666666677 
NODATA_value -3.4e+38 
[rows 21 to 41 of 151, columns 235 to 281 of 322]
41.1030616760254 41.8632888793945 41.991096496582 41.6119346618652 42.2605361938477 42.8203620910645 43.4150848388672 43.5085182189941 43.5783386230469 43.6926193237305 43.7429122924805 43.5987854003906 43.3011703491211 43.3943214416504 43.5676574707031 43.4419860839844 43.0910949707031 42.7272720336914 42.4322814941406 41.7778930664062 41.3574485778809 41.0659599304199 40.9288101196289 40.5230293273926 40.3875541687012 39.9520530700684 40.2414207458496 40.2571983337402 39.0790100097656 39.0937423706055 39.1183586120605 39.0492744445801 38.5210838317871 37.9862251281738 37.5155487060547 36.9064292907715 36.9702796936035 37.2787132263184 36.74462890625 35.8056602478027 35.8163757324219 36.0331382751465 36.0872917175293 35.6557540893555 34.5315437316895 34.5441246032715 34.9826049804688
40.8636245727539 41.727783203125 42.1844711303711 42.3558769226074 42.8716850280762 43.3455581665039 43.8478584289551 44.1575889587402 43.6997222900391 43.394718170166 43.5216331481934 43.4840431213379 43.4134101867676 43.4628524780273 43.4117469787598 43.1757469177246 42.7607345581055 42.2524909973145 41.9507675170898 41.8418922424316 41.6293830871582 41.3504943847656 40.840950012207 40.1131248474121 40.0267105102539 39.5983963012695 39.6742477416992 39.657829284668 38.8563385009766 38.793628692627 38.8700103759766 38.2963600158691 38.0348587036133 38.0946388244629 38.0713005065918 37.3021850585938 36.463623046875 36.9214744567871 36.6615905761719 35.9323234558105 35.8845634460449 35.4735069274902 35.6632995605469 36.2375221252441 35.7268257141113 34.5572547912598 33.9699249267578
40.9565010070801 41.5056076049805 42.0942649841309 42.6056098937988 42.9975357055664 43.5028266906738 43.8572044372559 43.9863319396973 43.3617477416992 43.2256278991699 43.4178009033203 43.4630165100098 43.3935585021973 43.3122406005859 43.0796127319336 42.8495674133301 42.523136138916 42.0343132019043 41.9081764221191 41.765079498291 41.5996475219727 41.418399810791 40.8036994934082 40.4663505554199 39.6483840942383 39.7939910888672 39.416431427002 39.4198417663574 38.7682266235352 38.2057037353516 38.420597076416 38.1397819519043 38.0379447937012 37.8967666625977 37.6623153686523 37.4646759033203 36.6603088378906 36.1286735534668 36.6002502441406 36.0005226135254 35.4797973632812 35.6582450866699 35.4275779724121 35.7751502990723 35.9831848144531 35.3191680908203 34.5971641540527
40.8653144836426 41.0813484191895 41.4234733581543 42.0944976806641 42.6032600402832 43.0730018615723 43.4912147521973 43.5601348876953 43.4547386169434 43.5717926025391 43.7262496948242 43.6683082580566 43.4706039428711 43.2818641662598 42.9781188964844 42.7283935546875 42.4760856628418 42.2013626098633 42.0261573791504 41.5341453552246 41.2485237121582 41.3302383422852 41.3306427001953 40.9594841003418 39.8978080749512 40.0090637207031 39.4649238586426 39.383472442627 39.2813377380371 38.5410499572754 38.4406967163086 38.2151908874512 38.19189453125 37.5607452392578 36.7826728820801 36.6735610961914 36.8471031188965 36.0696640014648 36.1754379272461 36.1515884399414 35.6629829406738 35.4883041381836 35.4034729003906 35.2166023254395 35.2031135559082 35.3756332397461 35.037223815918
40.8981819152832 41.5483436584473 41.9924964904785 42.3042182922363 42.722785949707 42.9220771789551 43.118896484375 43.3224830627441 43.5183296203613 43.6538581848145 43.6704597473145 43.557544708252 43.2630805969238 43.2514762878418 43.2238693237305 42.6925582885742 42.2800788879395 42.4442253112793 42.0720672607422 41.5553321838379 41.3058967590332 41.2195129394531 41.2704429626465 40.6602439880371 39.8654861450195 39.9048385620117 39.7450981140137 39.5371017456055 39.0920219421387 38.7166938781738 38.2732048034668 38.5563201904297 38.2394676208496 37.5427131652832 36.4770965576172 36.1844711303711 36.4014053344727 36.6142578125 36.4916687011719 35.8931274414062 35.2748641967773 35.3598861694336 35.100643157959 34.7703590393066 34.7842636108398 34.5441360473633 34.3008651733398
41.3884086608887 41.9357948303223 42.4102821350098 42.8396530151367 43.0447807312012 42.9866027832031 43.0688819885254 43.1519203186035 43.3155326843262 43.4314308166504 43.5268859863281 43.3087463378906 43.1060676574707 43.0478973388672 43.3772201538086 43.0729141235352 42.7623634338379 42.5936470031738 42.4032516479492 41.9500923156738 41.2782020568848 40.6400718688965 40.6353988647461 40.2989158630371 39.7135543823242 39.5984725952148 39.761905670166 39.5204582214355 38.9411506652832 38.3108024597168 37.6800346374512 37.6245269775391 37.8318061828613 37.5075759887695 36.959602355957 36.2745590209961 35.9907302856445 35.902530670166 35.4621276855469 35.1015090942383 34.5415420532227 34.7110862731934 34.6252021789551 34.3369827270508 34.2259712219238 33.9850387573242 33.7570762634277
41.6432228088379 42.1849365234375 42.7160224914551 43.118335723877 43.369987487793 43.3651351928711 42.9818954467773 42.9540672302246 43.3568534851074 43.8276100158691 43.8601875305176 43.9288291931152 43.7718849182129 43.5619621276855 43.489818572998 43.4133071899414 43.184383392334 42.9515075683594 42.7088584899902 41.9597854614258 41.1429977416992 40.4999847412109 39.7873191833496 39.944221496582 39.915397644043 39.3266105651855 39.3218460083008 39.6221504211426 39.3383560180664 38.6937065124512 37.4839935302734 36.5516815185547 36.5882606506348 36.4885444641113 36.1682319641113 35.5671577453613 35.2573890686035 35.1892318725586 34.9294128417969 34.6032180786133 34.3727035522461 34.3388366699219 34.5217514038086 34.6396827697754 34.4785957336426 34.0273590087891 33.9266662597656
42.2608757019043 42.4987373352051 42.8560180664062 43.0112800598145 43.295108795166 43.4743232727051 43.0687026977539 43.0731735229492 43.6866340637207 44.1332321166992 44.1060752868652 44.2223320007324 44.2225341796875 44.0242347717285 43.6873435974121 43.4116859436035 43.1792411804199 42.9589385986328 42.4852867126465 41.8790397644043 41.1947555541992 40.5823707580566 39.4439353942871 39.5870933532715 39.3310585021973 38.9379997253418 38.647102355957 39.2624664306641 39.1088447570801 38.8536682128906 38.3875923156738 36.3009185791016 35.9186668395996 35.8769874572754 35.6078758239746 35.2308921813965 35.0558204650879 34.9518203735352 34.8868751525879 34.7891082763672 34.5654220581055 34.3025741577148 34.3419418334961 34.7925605773926 35.2225227355957 34.3093338012695 34.5366897583008
43.0634613037109 43.0876998901367 42.9274978637695 42.7536239624023 42.8572654724121 42.984733581543 43.248119354248 43.3778533935547 43.7258529663086 44.0097198486328 44.0003967285156 44.0970840454102 44.223274230957 44.0527954101562 43.6735229492188 43.3704032897949 43.0468673706055 42.6656951904297 42.0283164978027 41.5947761535645 41.1020545959473 40.5105667114258 39.9177474975586 39.9506340026855 39.7059288024902 39.3565521240234 38.6822547912598 38.2414207458496 37.736888885498 38.6813011169434 38.6145782470703 37.0077896118164 36.0531845092773 35.8137664794922 35.6378974914551 35.4864120483398 35.1196594238281 34.8357238769531 34.6182861328125 34.7705459594727 34.7098617553711 34.3765716552734 34.467041015625 34.3624610900879 34.3134765625 34.9963455200195 35.3970756530762
43.3693923950195 43.4064254760742 43.2205123901367 42.8307456970215 42.652271270752 42.8783912658691 43.113395690918 43.1528472900391 43.5384635925293 43.9736061096191 44.055061340332 44.2191543579102 44.1815414428711 43.7616310119629 43.2265510559082 42.8755950927734 42.7241363525391 42.5575370788574 42.019645690918 41.5369682312012 41.075626373291 40.3841514587402 40.6495895385742 40.9733543395996 40.6621704101562 40.3642921447754 40.0896072387695 39.6343116760254 39.1551361083984 38.0361518859863 36.9784736633301 36.3973731994629 35.8619728088379 35.5618324279785 35.5217781066895 35.2536506652832 34.8399543762207 34.7548675537109 34.8149070739746 34.7103462219238 34.8971519470215 34.9345054626465 34.9258842468262 34.8049964904785 34.44873046875 34.5527420043945 35.3292961120605
43.4941520690918 43.4428977966309 43.3477592468262 43.0057907104492 42.7491683959961 43.0648994445801 43.4586563110352 43.5586891174316 43.6057090759277 43.6440124511719 43.6739921569824 43.6729927062988 43.5665435791016 43.3512687683105 43.0601654052734 42.8900260925293 42.7687797546387 42.4649963378906 41.8861045837402 41.4983062744141 41.0994148254395 40.3892478942871 40.8713760375977 41.4127197265625 41.3545722961426 40.9944725036621 40.7363815307617 40.469482421875 40.3736534118652 40.2216682434082 39.6516151428223 36.7517242431641 35.958423614502 35.5172462463379 35.0474891662598 34.8119659423828 34.9129829406738 35.197021484375 35.6199340820312 35.3576622009277 34.5617141723633 34.6468086242676 34.9662780761719 34.9228057861328 34.6526222229004 34.7052421569824 34.8729362487793
43.4679298400879 43.5225524902344 43.7068099975586 43.7282295227051 43.801700592041 43.937671661377 43.808666229248 43.7183952331543 43.393123626709 43.2721214294434 43.2721252441406 43.3545341491699 43.4109687805176 43.3691940307617 43.2297554016113 43.1352920532227 42.8039436340332 42.1832809448242 41.6758308410645 41.4242210388184 41.1301689147949 40.6536865234375 41.1937408447266 41.7397270202637 41.6485862731934 41.3974876403809 41.3059577941895 41.0441360473633 40.9245414733887 40.6113929748535 39.7757797241211 37.1113586425781 36.516227722168 35.5154304504395 35.0888977050781 35.6099090576172 35.8047294616699 35.6806221008301 36.103328704834 36.5641288757324 35.8417739868164 34.4393272399902 34.1227645874023 34.3733024597168 34.2981643676758 34.4640731811523 34.8119125366211
43.3963050842285 43.2056541442871 43.2220344543457 43.4315757751465 43.7264556884766 43.8375205993652 43.8214683532715 43.7029609680176 43.1702194213867 42.851863861084 43.1309547424316 43.2795944213867 43.3267364501953 43.2884178161621 43.1120223999023 43.035099029541 42.5126266479492 41.9081993103027 41.4858322143555 41.2436141967773 40.8536796569824 40.687255859375 41.6456260681152 41.6449966430664 41.612117767334 41.626220703125 41.6623649597168 41.2417068481445 40.8274574279785 39.6018943786621 37.7873268127441 37.1936264038086 36.9001426696777 36.2661476135254 36.1852607727051 36.6661605834961 37.0682983398438 36.9763793945312 36.6969795227051 37.3281707763672 36.8696823120117 35.2277336120605 34.8287544250488 36.0911026000977 36.1357688903809 35.7039909362793 35.6066780090332
43.5018081665039 43.1553649902344 43.0512275695801 43.2242317199707 43.6312065124512 43.8537101745605 43.836841583252 43.5009155273438 42.8460502624512 42.9490394592285 43.4109687805176 43.5031661987305 43.3477821350098 43.2392387390137 42.9629249572754 42.6707382202148 42.0614318847656 41.6515159606934 41.3367080688477 41.0551223754883 40.7835464477539 40.5591049194336 41.6544151306152 41.8534317016602 41.8058471679688 41.6666679382324 41.5926475524902 41.191478729248 39.6016235351562 38.0399360656738 37.378044128418 36.9981956481934 37.1558227539062 37.5755729675293 37.8287696838379 38.0471382141113 38.110538482666 37.777946472168 37.5632019042969 37.7368431091309 37.7521667480469 36.4892082214355 35.607292175293 35.8741607666016 36.9761009216309 37.417610168457 37.4440078735352
43.9261665344238 43.6442108154297 43.443546295166 43.505802154541 43.8580131530762 44.0957221984863 43.9600830078125 43.3395042419434 42.7456016540527 42.9014511108398 42.9556922912598 42.9107933044434 42.9264259338379 42.846981048584 42.7331314086914 42.331356048584 41.8965797424316 41.5445098876953 41.2266807556152 40.9504852294922 40.9095039367676 40.6672286987305 40.9855804443359 41.5169906616211 41.1526870727539 41.3469734191895 41.7401390075684 40.6540756225586 38.3660469055176 37.6092987060547 37.0016632080078 36.9843063354492 38.2264938354492 38.6837120056152 38.8396873474121 38.9743690490723 38.7073211669922 38.3259353637695 38.1426048278809 38.2470550537109 38.3816375732422 37.7619132995605 37.0548057556152 36.7630271911621 37.2760200500488 38.0055961608887 38.3383636474609
43.8528251647949 43.7397689819336 43.6810874938965 43.6154975891113 43.9426231384277 44.091926574707 43.9436149597168 43.0445556640625 42.6145896911621 42.2171287536621 42.6342124938965 42.6751289367676 42.5852317810059 42.603874206543 42.5660285949707 42.1236839294434 41.7197570800781 41.3921966552734 40.9795799255371 40.7604751586914 41.0192413330078 41.2343330383301 41.1706275939941 41.7649574279785 41.299259185791 40.8553123474121 40.3280944824219 39.3484535217285 38.5636901855469 37.6621971130371 37.3582153320312 38.1787452697754 39.4191284179688 39.5932235717773 39.5705947875977 39.2502174377441 39.0286026000977 38.8939590454102 38.7058982849121 38.5294609069824 38.6884460449219 38.3876609802246 37.7145347595215 37.4068870544434 37.6623802185059 38.2174644470215 38.4201965332031
43.8022994995117 43.8181533813477 43.8342323303223 43.713005065918 43.5738487243652 43.2398300170898 43.0030975341797 42.5852165222168 41.6758346557617 41.9770965576172 42.6585235595703 42.9061470031738 42.822940826416 42.6836128234863 42.6228256225586 42.1045455932617 41.523853302002 41.1584548950195 40.725399017334 40.7329063415527 41.2616004943848 41.4059715270996 41.4236183166504 41.7909088134766 41.3908653259277 40.996280670166 40.4323081970215 39.5896530151367 38.4749488830566 38.1253395080566 38.4728965759277 38.9341201782227 40.0606307983398 40.2111015319824 39.9344749450684 39.427547454834 39.1705284118652 39.0847434997559 38.9723815917969 38.8077735900879 38.7115821838379 38.6251640319824 38.0973930358887 37.797737121582 38.0078659057617 38.4344711303711 38.6229553222656
43.754566192627 43.6475410461426 43.3473587036133 42.9299278259277 43.0363883972168 42.6981086730957 41.9535598754883 41.8556175231934 41.4299850463867 42.3300704956055 42.8173561096191 42.9859848022461 42.9783134460449 42.9116477966309 42.6164512634277 42.1208229064941 41.5490226745605 41.1051750183105 40.7382659912109 40.907886505127 41.3723564147949 41.539119720459 41.9824295043945 41.6658363342285 41.664234161377 41.3829231262207 40.7718925476074 39.8286361694336 38.5038948059082 38.8476028442383 39.4140510559082 39.7568550109863 40.4553985595703 40.5492858886719 40.3068313598633 39.817626953125 39.3758201599121 39.3707046508789 39.2092475891113 38.9685745239258 38.6793403625488 38.6279754638672 38.2463607788086 38.1137504577637 38.2343063354492 38.5139427185059 38.6852836608887
43.710563659668 43.739875793457 43.2106590270996 42.5599174499512 41.914119720459 41.5558891296387 41.0879058837891 40.1451148986816 41.1321487426758 41.7101783752441 41.996021270752 42.5686836242676 43.0887222290039 43.339038848877 42.7286949157715 42.2119026184082 41.8009185791016 41.334156036377 40.9476356506348 40.8420257568359 41.0222206115723 41.1418418884277 41.5134963989258 41.7317085266113 41.823558807373 41.5022048950195 40.7337646484375 39.2014312744141 39.5367469787598 40.1279296875 40.4159889221191 40.0018539428711 40.4922981262207 40.8694839477539 40.5075225830078 40.094181060791 39.6016616821289 39.7567672729492 39.4789657592773 39.3455924987793 39.0842208862305 38.9995574951172 38.8727912902832 38.6329116821289 38.6488723754883 38.7048149108887 38.9833145141602
43.5648918151855 43.7184181213379 43.5721740722656 43.1872367858887 42.6783561706543 42.293083190918 41.37158203125 39.5912857055664 40.0867881774902 39.8665885925293 41.337043762207 42.6177864074707 43.3255615234375 43.6053428649902 42.9321594238281 42.4352035522461 42.0670394897461 41.522388458252 41.0436248779297 40.6044692993164 40.4817047119141 40.6884765625 41.5409469604492 41.6892242431641 41.6417961120605 40.6949768066406 39.126522064209 39.3992614746094 40.8179321289062 41.0893402099609 41.1602821350098 41.2413749694824 40.427677154541 41.1260261535645 40.6275939941406 40.1905975341797 39.8828239440918 39.98681640625 40.0160446166992 39.9575271606445 39.7735786437988 39.6265411376953 39.5260887145996 39.2888526916504 39.2081871032715 39.1579055786133 39.1401863098145
43.7225646972656 43.5208168029785 43.5311164855957 43.583740234375 43.6172027587891 43.2208518981934 42.0402412414551 39.6657943725586 39.1863174438477 39.9442939758301 42.2696647644043 43.1217803955078 43.3976058959961 43.5301094055176 43.0436210632324 42.6165924072266 42.2218933105469 41.6488418579102 41.0340919494629 40.5226249694824 40.3862380981445 40.6459884643555 41.4428863525391 41.7774887084961 41.5854988098145 40.1413688659668 38.5379791259766 40.1723785400391 41.2746086120605 41.3492736816406 41.5803451538086 41.9343490600586 41.4897003173828 41.0800971984863 41.0714263916016 40.2840728759766 40.0159606933594 40.1932754516602 40.3299903869629 40.1652717590332 39.9995002746582 39.9830131530762 39.8952713012695 39.7449417114258 39.6939353942871 39.7807731628418 39.6581382751465
