examples/night_lizards/data/train-rasters-2.5m/bclim9.asc
NCOLS 322 
NROWS 151 
XLLCORNER -122.75 
YLLCORNER 31.9166666666667 
CELLSIZE 0.0416666666666677 
NODATA_value -3.4e+38 
[rows 84 to 104 of 151, columns 141 to 187 of 322]
22.3873329162598 20.8726673126221 22.0073337554932 22.6366653442383 22.2906665802002 22.1706657409668 22.3360004425049 23.3120002746582 23.732666015625 20.1213340759277 21.1046657562256 21.9333324432373 23.2639999389648 23.3120002746582 22.7786674499512 22.5706672668457 22.8253326416016 23.0960006713867 23.4206657409668 23.8953323364258 24.1506671905518 24.1059989929199 23.7686672210693 23.5646667480469 23.5620002746582 22.6240005493164 22.6633338928223 22.9053325653076 22.9373321533203 22.6019992828369 22.4346656799316 23.1940002441406 23.7313327789307 23.8540000915527 24.0413341522217 24.4020004272461 24.9200000762939 25.0093326568604 24.4893341064453 23.9153327941895 23.2093334197998 22.2086658477783 21.5540008544922 22.300666809082 23.3486671447754 24.1219997406006 24.4486675262451
22.1940002441406 22.1253337860107 21.2840003967285 22.7106666564941 22.5340003967285 21.57200050354 21.8593330383301 23.1259994506836 23.46266746521 23.8693332672119 20.025333404541 21.0306663513184 23.0573329925537 23.1399993896484 22.7086658477783 21.990665435791 21.9033336639404 23.2660007476807 24.1786670684814 24.6820011138916 24.9640007019043 24.9120006561279 24.5953330993652 24.3973331451416 24.4933338165283 24.6233329772949 23.9160003662109 23.6133327484131 24.1626663208008 24.318000793457 23.7986660003662 23.8246669769287 24.5153331756592 25.0020008087158 25.3880004882812 25.5100002288818 25.4333324432373 24.8386669158936 23.9473342895508 23.1966667175293 22.3739986419678 21.7406673431396 21.8613338470459 22.4013328552246 23.4953327178955 24.3500003814697 24.5599994659424
22.8859996795654 22.511999130249 23.1393337249756 23.3020000457764 22.8293342590332 23.1900005340576 23.593334197998 23.6340007781982 20.054666519165 20.7000007629395 20.1553344726562 21.2700004577637 21.9679985046387 22.0833339691162 21.9673328399658 21.8193321228027 21.9799995422363 23.3553333282471 24.716667175293 25.3753337860107 25.6373329162598 25.6793346405029 25.7426662445068 25.8293323516846 25.9193325042725 26.0060005187988 26.0046672821045 25.2399997711182 24.8080005645752 25.3193340301514 25.6786670684814 25.326000213623 25.1606674194336 25.4986667633057 25.8406658172607 25.8906669616699 25.5220012664795 24.7046661376953 23.3299999237061 21.9206657409668 21.2180004119873 21.1746673583984 21.9860000610352 22.8600006103516 23.8099994659424 24.5553340911865 24.6806678771973
23.6420001983643 23.3139991760254 23.6506671905518 23.3640003204346 23.2853336334229 23.7413330078125 24.1526660919189 20.4026679992676 20.9006671905518 21.1906661987305 21.0393333435059 20.5973339080811 20.1160011291504 19.9086666107178 20.2620010375977 21.3213329315186 22.3713340759277 23.2413330078125 24.2560005187988 25.1133327484131 25.7366676330566 26.1026668548584 26.3999996185303 26.554666519165 26.5853328704834 26.6440010070801 26.8346672058105 26.8306674957275 26.6113338470459 26.1660003662109 26.3179988861084 26.6140003204346 26.589334487915 26.0486660003662 26.0400009155273 25.8980007171631 25.5139999389648 24.6853332519531 22.6959991455078 19.8986663818359 19.2759990692139 20.5453338623047 21.8286666870117 23.0559997558594 23.9593334197998 24.5526657104492 24.8593330383301
23.9113330841064 23.7880001068115 23.6026668548584 23.5193328857422 23.742000579834 24.3506660461426 24.5060005187988 24.3819999694824 20.7439994812012 20.8320007324219 20.7906665802002 20.8753337860107 20.3946666717529 20.5853328704834 20.2520008087158 20.5893325805664 21.4446678161621 22.195333480835 23.5 24.4353332519531 25.1359996795654 25.8806667327881 26.4773330688477 26.7060012817383 26.656665802002 26.6433334350586 26.8593330383301 26.8700008392334 26.7639999389648 26.6046657562256 26.6053333282471 26.6180000305176 26.5346660614014 26.3793334960938 26.173999786377 25.1626663208008 25.1593322753906 24.6413326263428 23.5779991149902 21.7139987945557 20.3633327484131 19.9799995422363 21.5186672210693 23.2506656646729 24.246000289917 24.7873344421387 24.9633331298828
23.6366653442383 23.2433338165283 23.4780006408691 23.9526672363281 23.9300003051758 24.318000793457 20.5946674346924 20.5973339080811 20.5193328857422 21.1000003814697 21.4766674041748 21.7200012207031 21.4093341827393 21.3233337402344 21.5386657714844 21.4086666107178 21.1893329620361 21.185998916626 21.9553337097168 23.2333335876465 24.0240001678467 24.4839992523193 24.8506660461426 26.2366676330566 26.5373344421387 26.6293334960938 26.7613334655762 26.7453327178955 26.7186660766602 26.6733341217041 26.6406669616699 26.6180000305176 26.4833335876465 26.4913330078125 26.0533332824707 24.21266746521 25.4139995574951 24.957332611084 24.181999206543 22.3293323516846 20.4866676330566 21.7719993591309 21.707332611084 23.8159999847412 24.7786674499512 25.1793346405029 25.3426666259766
23.4033336639404 23.4433326721191 23.5513343811035 23.8626670837402 24.2706680297852 24.5113334655762 20.5279998779297 20.5559997558594 20.7386665344238 20.5566673278809 20.7726669311523 21.9853324890137 21.8846664428711 20.236665725708 21.2779998779297 21.8693332672119 22.0566673278809 21.2980003356934 21.6086673736572 22.5106658935547 23.6266670227051 24.5073337554932 24.8466663360596 25.5406665802002 26.1119995117188 26.2486667633057 26.2313327789307 26.5953330993652 26.7533340454102 26.7240009307861 26.5986671447754 26.511999130249 26.568000793457 26.6586666107178 26.6433334350586 26.1746673583984 25.9246673583984 25.5446662902832 24.8786659240723 23.2940006256104 22.1106662750244 22.6346664428711 23.78733253479 24.9260005950928 25.4473342895508 25.525333404541 25.5006675720215
22.6413345336914 22.7646656036377 22.9479999542236 23.3819999694824 23.9460010528564 24.3853340148926 20.4640007019043 20.4600009918213 20.8040008544922 20.7026672363281 20.957332611084 21.7273330688477 21.9659996032715 21.4659996032715 21.0973339080811 21.6146659851074 22.488000869751 22.6433334350586 21.8453330993652 22.466667175293 22.3193321228027 23.7526664733887 24.0419998168945 24.1193332672119 25.050666809082 24.2859992980957 24.3280010223389 25.9926662445068 26.5773334503174 26.7333335876465 26.1919994354248 26.1146659851074 26.5466651916504 26.7233333587646 26.800666809082 26.6493320465088 26.3680000305176 26.0100002288818 25.5100002288818 24.4113330841064 22.7066669464111 23.7333335876465 24.8159999847412 25.3099994659424 25.6719989776611 25.6393337249756 25.3633327484131
20.2653331756592 20.0566673278809 21.4799995422363 22.4186668395996 23.0186672210693 23.6626663208008 24.0773334503174 24.1520004272461 24.0406665802002 20.2933330535889 20.8493328094482 21.3740005493164 21.6853332519531 21.7686672210693 21.7933330535889 22.238000869751 22.7613334655762 23.1599998474121 22.1013336181641 21.9086666107178 21.4753341674805 21.7266674041748 22.3833332061768 21.5639991760254 22.7800006866455 22.9366664886475 23.4586658477783 25.2533340454102 26.1680011749268 26.4060001373291 26.0006675720215 25.8826656341553 26.4246673583984 26.7026672363281 26.7813339233398 26.7186660766602 26.4986667633057 26.0793323516846 26.0033340454102 25.4113330841064 23.3299999237061 24.5540008544922 25.5706672668457 25.8819999694824 25.9913330078125 25.7666664123535 25.1353340148926
15.5559997558594 17.2253341674805 18.8253326416016 18.9153327941895 20.4546661376953 20.8773326873779 21.6873321533203 22.1959991455078 22.6119995117188 23.6386661529541 20.3466663360596 20.6873321533203 21.0673332214355 21.5446662902832 21.7546672821045 22.2520008087158 22.8366680145264 23.1826667785645 22.8133335113525 21.9806671142578 22.3306655883789 22.2779998779297 23.0540008544922 23.0833339691162 22.1893329620361 22.1646671295166 22.3400001525879 24.3899993896484 25.5113334655762 25.9253330230713 25.8506660461426 25.57200050354 25.9560012817383 26.3640003204346 26.6199989318848 26.6879997253418 26.4766654968262 25.9393329620361 26.3326663970947 26.242000579834 25.4406681060791 25.8266658782959 26.2959995269775 26.3500003814697 26.3293342590332 26.076000213623 24.9333324432373
14.5886669158936 15.3246669769287 16.0340003967285 16.3853340148926 17.4913330078125 19.0139999389648 19.6433334350586 20.6479988098145 21.4426670074463 22.7760009765625 19.7800006866455 20.2973327636719 20.699333190918 21.1726665496826 21.470666885376 21.8326663970947 22.3753337860107 22.7906665802002 23.1586666107178 22.9006671905518 23.1653347015381 23.6319999694824 24.058666229248 24.2819995880127 23.7080001831055 22.0359992980957 22.6919994354248 23.6433334350586 24.3093338012695 24.9753341674805 25.2653331756592 25.054666519165 25.1226673126221 25.7993335723877 26.3366661071777 26.6286678314209 26.6266670227051 26.17799949646 26.2760009765625 26.5773334503174 26.492000579834 26.3613338470459 26.2446670532227 26.3133335113525 26.5073337554932 26.3813323974609 25.4366664886475
13.9166669845581 14.007999420166 13.9146661758423 14.1099996566772 15.3486671447754 17.7019996643066 19.1019992828369 20.4586658477783 21.5300006866455 22.5106658935547 23.6059989929199 19.8413333892822 20.2406673431396 20.7853336334229 21.3360004425049 21.6726665496826 22.1780014038086 22.6406669616699 23.1753330230713 23.5360012054443 23.5580005645752 23.8706665039062 24.2479991912842 24.7086658477783 24.9046669006348 24.2080001831055 23.800666809082 23.4286670684814 22.003999710083 23.5893325805664 24.3573322296143 24.2653331756592 23.4273338317871 24.6246662139893 25.761999130249 26.3966655731201 26.6299991607666 26.3966674804688 25.9173336029053 25.7593326568604 26.3633327484131 26.3033332824707 26.1466655731201 26.1553325653076 26.4466667175293 26.4346675872803 26.0433330535889
14.3553333282471 12.9700002670288 12.6199998855591 12.7119998931885 13.8966665267944 16.5540008544922 19.0139999389648 20.6646671295166 21.6866664886475 22.216667175293 23.0260009765625 23.6946659088135 20.1833324432373 20.8900012969971 21.5913333892822 22.0153331756592 22.3013324737549 22.6833324432373 23.0526676177979 23.5193328857422 23.7586669921875 23.958667755127 24.220666885376 24.5359992980957 24.8513336181641 25.1733322143555 25.283332824707 24.9313335418701 23.9513339996338 23.042667388916 23.8393325805664 23.843334197998 22.9333343505859 23.1906661987305 24.8973331451416 26.0233325958252 26.4686660766602 26.3833332061768 25.9366664886475 24.4813327789307 25.2906665802002 26.1079998016357 26.3680000305176 26.292667388916 26.3813323974609 26.5240001678467 26.3693332672119
12.1000003814697 12.3640003204346 13.2826671600342 13.4906663894653 14.5793333053589 16.8146667480469 19.3553333282471 20.7266674041748 21.5306663513184 22.2060012817383 22.6919994354248 23.5799999237061 20.1686668395996 20.8826656341553 21.4093341827393 21.7446670532227 21.7233333587646 22.1546669006348 22.4546661376953 23.1073341369629 23.5060005187988 23.6526660919189 23.9846668243408 24.4506664276123 24.8519992828369 25.1353340148926 25.275333404541 25.3673343658447 25.2906665802002 25.1459999084473 24.283332824707 24.1280002593994 23.5659999847412 23.3886661529541 24.1259994506836 25.4466667175293 26.0986671447754 26.2913341522217 26.0913333892822 25.3486671447754 23.7800006866455 25.5573329925537 26.3953342437744 26.5839996337891 26.4733333587646 26.5426654815674 26.5573329925537
10.1006669998169 9.88333320617676 12.2473335266113 14.7259998321533 17.5826663970947 19.054666519165 20.6533336639404 22.0880012512207 22.8886680603027 22.7360000610352 22.9326667785645 23.1646671295166 23.054666519165 19.6493339538574 19.8460006713867 19.7466659545898 19.5713329315186 20.3746662139893 19.8286666870117 20.9026660919189 22.4600009918213 22.3233337402344 23.3099994659424 24.1300010681152 24.7306671142578 25.0026664733887 24.9599990844727 24.9946670532227 25.0219993591309 24.8646678924561 24.6353340148926 24.0906677246094 23.7240009307861 23.53733253479 24.1919994354248 24.9553337097168 25.6359996795654 26.0986671447754 26.0873336791992 25.0893325805664 24.7026672363281 25.9213333129883 26.4793338775635 26.5900001525879 26.4593334197998 26.4253330230713 26.4473323822021
13.5380001068115 13.5880002975464 15.8613328933716 18.1573333740234 19.9179992675781 21.2980003356934 22.8306674957275 23.7333335876465 23.8733329772949 23.0026664733887 22.2493324279785 21.6520004272461 21.6366672515869 21.9659996032715 18.808666229248 22.8400001525879 18.4333343505859 22.3013324737549 21.3759994506836 18.5960006713867 20.9006671905518 20.4519996643066 21.1159992218018 23.0960006713867 23.1926670074463 24.0453319549561 24.2606658935547 23.7366676330566 23.2239990234375 23.8646659851074 23.8473339080811 24.1206665039062 24.3193321228027 23.9193325042725 23.5346660614014 22.9726676940918 24.3106670379639 25.5866661071777 25.9893341064453 25.5273323059082 25.1300010681152 25.6126670837402 25.9773330688477 26.1746673583984 26.228666305542 25.9513339996338 25.8473339080811
17.3159999847412 16.783332824707 17.2513332366943 18.4013328552246 21.1486663818359 22.8886661529541 24.2586669921875 24.6773338317871 20.7346668243408 23.2373332977295 23.4080009460449 22.1106662750244 21.1580009460449 20.9093341827393 21.1259994506836 21.6473331451416 22.3080005645752 22.1639995574951 22.0559997558594 18.279333114624 19.5399990081787 19.9793319702148 20.7526664733887 21.8173332214355 22.0106658935547 22.8759994506836 23.4006671905518 23.8093338012695 23.6079998016357 24.3893337249756 24.0939998626709 24.2119998931885 25.1293334960938 24.8726654052734 23.0200004577637 21.4839992523193 22.478666305542 24.8046684265137 25.8646659851074 25.5340003967285 24.568000793457 24.3859996795654 24.8686656951904 25.4093341827393 25.7600002288818 25.6133327484131 25.5346660614014
20.3786659240723 20.3713340759277 20.0319995880127 20.0306663513184 21.3353328704834 23.6840000152588 25.4286670684814 26.3659992218018 22.6906661987305 21.7726669311523 21.0226669311523 20.0380001068115 23.2186660766602 22.1273326873779 21.308666229248 21.2233333587646 21.8393325805664 21.8686676025391 22.1513328552246 18.3800010681152 19.5686664581299 20.4600009918213 21.3893337249756 22.1246662139893 22.2119998931885 21.8740005493164 22.9906673431396 24.2880001068115 24.9426670074463 25.3246650695801 25.6933326721191 26.0246677398682 26.0900001525879 25.6773338317871 25.0066661834717 24.1446666717529 22.771333694458 24.7053337097168 25.8946666717529 26.1013336181641 25.5906658172607 24.6813335418701 23.0153331756592 23.3193340301514 25.2653331756592 25.6006660461426 25.9839992523193
22.0966663360596 22.6046676635742 22.974666595459 23.6373329162598 24.2379989624023 24.8606662750244 26.0953330993652 27.0033340454102 27.3206653594971 27.3166675567627 22.990665435791 22.3773326873779 21.0726661682129 20.8186664581299 22.6806678771973 22.5953330993652 21.308666229248 21.308666229248 18.5613327026367 19.0786666870117 19.7266674041748 21.068000793457 22.6626663208008 23.6273345947266 24.025333404541 23.2593326568604 23.7000007629395 24.753999710083 25 25.1633338928223 25.4599990844727 25.8113327026367 25.974666595459 25.8346672058105 25.7253341674805 25.5319995880127 23.9253330230713 25.1186656951904 26.2706661224365 26.6040000915527 26.3459987640381 25.8199996948242 25.0639991760254 24.4233341217041 25.3906669616699 25.4653339385986 25.4986667633057
21.1439990997314 21.9946670532227 22.6746673583984 22.7053337097168 23.9360008239746 24.9426670074463 26.3226661682129 27.1733322143555 27.5846672058105 27.738000869751 27.5193328857422 23.4680004119873 23.7600002288818 23.1513328552246 22.3946666717529 21.67799949646 20.1319999694824 18.4926662445068 18.0540008544922 19.2546672821045 19.8926658630371 20.3573341369629 21.6140003204346 23.2360000610352 23.8093338012695 23.9680004119873 24.0826663970947 24.2653331756592 24.3866672515869 24.4006671905518 24.0559997558594 24.0739994049072 23.3253326416016 24.6153335571289 26.025333404541 26.1766662597656 25.0799999237061 25.466667175293 26.6146659851074 26.9146671295166 26.8166656494141 26.546667098999 26.1853332519531 25.5493335723877 25.6766662597656 25.8886661529541 25.0820007324219
19.6399993896484 19.4033336639404 19.0446662902832 17.1100006103516 19.4153327941895 20.4400005340576 23.8379993438721 26.9853343963623 27.804666519165 28.0520000457764 27.9820003509521 28.4193325042725 24.445333480835 24.6413326263428 24.2140007019043 23.4593334197998 21.9759998321533 20.21533203125 18.9033336639404 18.3000011444092 19.2320003509521 19.5839996337891 20.7999992370605 20.7006664276123 20.8146667480469 22.1420001983643 23.0633335113525 23.4580001831055 23.5166664123535 23.7106666564941 23.3593330383301 22.7006664276123 23.5113334655762 25.4419994354248 26.5193328857422 26.6233329772949 26.1753330230713 25.0913333892822 26.8279991149902 27.2913341522217 27.1873340606689 27.0953330993652 26.7439994812012 25.6513328552246 25.2299995422363 26.2986660003662 26.3526668548584
