examples/night_lizards/data/train-rasters-2.5m/bclim3.asc
NCOLS 322 
NROWS 151 
XLLCORNER -122.75 
YLLCORNER 31.9166666666667 
CELLSIZE 0.0416666666666677 
NODATA_value -3.4e+38 
[rows 21 to 41 of 151, columns 47 to 93 of 322]
46.4981803894043 46.4964485168457 46.4885177612305 46.4617347717285 46.364917755127 46.4699554443359 46.5862159729004 46.2260284423828 46.286190032959 46.5000381469727 46.4944038391113 46.5911254882812 46.5771598815918 46.4604187011719 46.5157737731934 46.6497344970703 46.5820808410645 46.6531753540039 46.7787399291992 46.3907852172852 45.8709259033203 45.5988159179688 45.5009078979492 45.3009490966797 45.2304954528809 45.4854125976562 45.643985748291 45.5540390014648 45.7064323425293 45.6362113952637 45.6239280700684 45.2835388183594 44.730541229248 44.7832260131836 45.2134017944336 44.594539642334 44.892333984375 44.5647430419922 44.3502616882324 44.5970687866211 44.7721481323242 44.7503318786621 44.7195739746094 44.586051940918 44.4266090393066 42.9165573120117 42.4054641723633
45.9900131225586 46.1951866149902 46.545337677002 46.8889007568359 47.0310974121094 47.2571258544922 47.2690353393555 46.6296043395996 46.5368347167969 46.616943359375 46.8345069885254 46.6717987060547 46.6181716918945 46.3725738525391 46.3256950378418 46.4442596435547 46.5898895263672 46.7052307128906 46.575870513916 46.0076522827148 45.4690437316895 45.3589553833008 45.3969650268555 45.228702545166 45.1915893554688 45.297981262207 45.6220741271973 45.7247619628906 45.5311622619629 45.536319732666 45.6713180541992 45.7536697387695 45.0329933166504 44.8606185913086 45.2671432495117 44.7133636474609 44.8697929382324 44.5582313537598 44.281867980957 44.4200897216797 44.7886619567871 44.4879035949707 44.0867233276367 43.9271926879883 44.2737274169922 43.7174224853516 42.6417999267578
45.5527763366699 45.7602691650391 46.2518081665039 46.7615242004395 47.1915283203125 47.5163993835449 47.4456481933594 47.1228141784668 47.0793266296387 46.9672355651855 46.7475776672363 46.5253601074219 46.6081466674805 46.3990325927734 46.2628021240234 46.3955078125 46.5473937988281 46.6546478271484 46.4167060852051 45.9221687316895 45.7039604187012 45.6103935241699 45.3216552734375 45.1933250427246 45.1664733886719 45.0514373779297 45.2351264953613 45.1734848022461 44.9845085144043 45.6135025024414 45.7589645385742 45.6478271484375 45.3850402832031 45.1517181396484 45.3055381774902 44.9341049194336 45.0728034973145 44.5257759094238 44.094409942627 44.2362861633301 44.6994514465332 44.8566246032715 44.5322074890137 44.3128204345703 43.7536888122559 43.7791481018066 43.5337562561035
45.5238494873047 45.9204483032227 46.2047500610352 46.3263931274414 46.6501960754395 47.0726165771484 47.1455307006836 47.161304473877 47.1907424926758 47.0831832885742 46.7710456848145 46.4650115966797 46.5469970703125 46.3498229980469 46.0691833496094 46.1461296081543 46.3670387268066 46.494140625 46.3668670654297 46.1222915649414 45.8805198669434 45.7545585632324 45.3836822509766 45.1505432128906 44.957836151123 44.8134078979492 44.8181304931641 44.5277976989746 44.133171081543 44.5445938110352 44.5260543823242 44.7693748474121 45.2270126342773 45.4910850524902 44.7079200744629 44.6657295227051 44.706127166748 44.4081001281738 44.398868560791 44.468448638916 44.4851150512695 44.6585960388184 44.7641487121582 44.4723014831543 43.7413864135742 43.0238037109375 42.7424163818359
45.2729835510254 46.1423454284668 46.6312522888184 46.6423645019531 46.7163314819336 46.6942405700684 46.643424987793 46.7657508850098 46.8203086853027 46.7934074401855 46.8120727539062 46.7385139465332 46.6403007507324 46.2447700500488 46.0309104919434 45.8420753479004 45.9515533447266 46.1537704467773 46.2780342102051 46.2702865600586 46.160587310791 45.9038276672363 45.5070037841797 45.2533988952637 44.8496513366699 44.6170997619629 44.4181175231934 44.0320510864258 44.1399421691895 43.943229675293 43.2128715515137 43.2374458312988 43.4641914367676 43.7002563476562 44.4876022338867 44.3220024108887 44.0358467102051 44.0646362304688 44.2289695739746 44.3194313049316 44.0698394775391 43.954719543457 43.8250923156738 43.5410003662109 43.6877136230469 43.4844818115234 42.8777198791504
44.9065818786621 45.8562431335449 46.8408470153809 47.2462730407715 47.2344093322754 46.9173736572266 46.4355049133301 46.3312644958496 46.3610420227051 46.3586807250977 46.5323486328125 46.7039108276367 46.5211219787598 46.1866073608398 46.0269470214844 45.7454605102539 45.6231956481934 45.8109474182129 45.9979782104492 46.1658401489258 46.2080421447754 46.0027275085449 45.6622047424316 45.4344520568848 45.1535873413086 44.9256935119629 44.5834770202637 44.1317939758301 43.8574867248535 43.2906036376953 43.2337112426758 43.2151336669922 44.730224609375 44.7153205871582 44.6736602783203 44.4144134521484 44.2947006225586 44.2475471496582 43.8200454711914 43.7818908691406 44.0883865356445 43.8359336853027 43.4759483337402 43.0666160583496 43.4420051574707 43.5539016723633 43.4344749450684
44.897045135498 45.1422843933105 46.3046264648438 47.2300148010254 47.4717445373535 47.4058074951172 46.7881736755371 46.3959350585938 46.2552185058594 46.1220512390137 46.3121452331543 46.2948226928711 46.1924324035645 46.0352401733398 45.949592590332 45.8149757385254 45.7261428833008 45.6976623535156 45.6755218505859 45.7416534423828 45.8643836975098 45.9290504455566 45.8421287536621 45.7581329345703 45.5973281860352 45.4615707397461 44.827823638916 44.1724662780762 43.4331512451172 43.1271476745605 42.8926582336426 43.0911521911621 44.510440826416 45.0959739685059 44.9978141784668 44.7381324768066 44.9789276123047 44.9811973571777 44.090389251709 44.0455169677734 43.8340644836426 44.0517768859863 43.9945297241211 43.5576438903809 42.4329261779785 42.9202690124512 42.9290657043457
45.1298141479492 44.3776016235352 45.5347518920898 46.9628944396973 47.4465942382812 47.5571784973145 47.2657203674316 46.7479438781738 46.5094566345215 46.3251647949219 46.3647308349609 46.2939338684082 46.2332801818848 46.0856437683105 46.0019378662109 45.9851455688477 45.8024826049805 45.6383323669434 45.6251907348633 45.6116600036621 45.6652984619141 45.8591918945312 45.7549285888672 45.7581939697266 45.6492538452148 45.5718574523926 45.1989631652832 44.503547668457 43.6230545043945 43.4730758666992 43.2068748474121 42.7482566833496 43.1297950744629 43.4221954345703 44.4305801391602 44.2301177978516 44.5801963806152 44.5225982666016 44.4496765136719 43.9261093139648 43.6619873046875 43.3599090576172 43.5161590576172 42.9205474853516 43.2177124023438 43.471363067627 43.2999038696289
45.8071556091309 44.81396484375 45.4349327087402 46.6420135498047 47.3117942810059 47.8301696777344 47.7960319519043 47.2280578613281 46.6451148986816 46.4368438720703 46.3912811279297 46.4368553161621 46.4508399963379 46.2516822814941 45.9582176208496 45.8067016601562 45.6867599487305 45.5473747253418 45.4641227722168 45.5118598937988 45.5150375366211 45.6189498901367 45.4189872741699 45.4436378479004 45.4400215148926 45.3988075256348 45.2598762512207 44.6464424133301 44.2829132080078 44.0534896850586 43.7300109863281 43.1726913452148 42.684009552002 42.878116607666 43.008716583252 42.7828712463379 43.2294273376465 43.0052757263184 44.2217788696289 44.3882675170898 44.0088844299316 43.3017311096191 42.9244422912598 42.3200263977051 43.4992218017578 43.6253547668457 43.6612510681152
46.8374214172363 46.5003204345703 46.5121688842773 47.0126800537109 47.5378761291504 48.0161743164062 48.1829071044922 47.8764533996582 46.922924041748 46.5353355407715 46.4208030700684 46.6059761047363 46.7265815734863 46.5616645812988 46.2089614868164 45.9179801940918 45.5483131408691 45.2124710083008 45.1887245178223 45.2282600402832 45.0709037780762 44.9486198425293 44.864688873291 44.8257522583008 44.9924926757812 44.9202880859375 44.8736152648926 44.4545822143555 44.0882225036621 44.0391006469727 43.6748237609863 42.8639183044434 42.6888961791992 42.6964950561523 42.4388847351074 42.4173049926758 42.3691368103027 42.3188781738281 43.8450050354004 43.1141586303711 44.0643272399902 43.3216934204102 43.6344413757324 43.0049476623535 43.4233741760254 43.2905921936035 43.342601776123
47.2675552368164 47.851146697998 47.6689071655273 47.3101463317871 47.4590072631836 47.7935638427734 47.9623069763184 47.8894577026367 47.1371078491211 46.7324523925781 46.5985565185547 46.6459655761719 46.537467956543 46.6651344299316 46.6068878173828 46.1200103759766 45.4650917053223 45.0591278076172 44.9807548522949 44.9439353942871 44.8070220947266 44.6059341430664 44.3185005187988 44.2333526611328 44.239387512207 44.1554756164551 44.1720314025879 44.2767448425293 44.3033447265625 44.2669677734375 43.8833312988281 43.1863136291504 42.8396911621094 42.9295349121094 42.5797958374023 42.2560386657715 41.3664779663086 41.6944770812988 42.5723075866699 41.9082870483398 42.2395248413086 43.5491905212402 43.9334106445312 43.571174621582 43.4890670776367 43.0246429443359 43.0612754821777
47.7381973266602 48.4175872802734 48.6567001342773 48.4618759155273 48.2739372253418 48.0538482666016 48.3019676208496 47.9299736022949 47.1344146728516 46.7452239990234 46.5122413635254 46.348991394043 45.9828338623047 46.1502494812012 46.0338745117188 45.6424026489258 45.3312339782715 45.1645812988281 45.0517082214355 44.9124488830566 44.7181549072266 44.4480628967285 44.0819358825684 43.9724769592285 43.7369194030762 43.6801567077637 43.5889205932617 43.6586761474609 43.6054039001465 43.6662521362305 43.7885818481445 43.6057357788086 43.2591590881348 43.1081008911133 42.4234237670898 41.9201278686523 41.3274002075195 41.4140815734863 42.3699684143066 42.0317611694336 41.2270889282227 41.7669792175293 42.2952499389648 42.3522415161133 42.6798553466797 43.0798797607422 42.8357810974121
48.4077644348145 48.2127914428711 48.8168525695801 49.3836936950684 49.1611824035645 48.5474281311035 48.3584175109863 48.232852935791 48.053653717041 47.8016510009766 46.9535140991211 46.4396743774414 46.2435302734375 46.1895484924316 45.7970924377441 45.3720664978027 45.1106834411621 44.9996032714844 44.8953094482422 44.7372627258301 44.544677734375 44.2785911560059 43.8397254943848 43.6047897338867 43.4854774475098 43.3771514892578 43.2464218139648 43.1567878723145 43.0646743774414 43.1218299865723 43.584774017334 43.8025398254395 43.5408477783203 43.1597137451172 42.5604782104492 42.1852645874023 42.1809463500977 42.0625801086426 42.5373725891113 43.2622375488281 43.0055541992188 42.5412750244141 43.1575317382812 42.3755531311035 42.321403503418 42.7883605957031 42.3073616027832
48.8223571777344 48.3470497131348 48.8468246459961 49.5273017883301 49.7199783325195 49.5252876281738 49.2441139221191 48.8408813476562 48.2743492126465 47.9238548278809 46.8950424194336 46.2941474914551 46.3142395019531 46.0694351196289 45.7473411560059 45.547191619873 45.2040710449219 44.8945426940918 44.7459869384766 44.5883941650391 44.4748764038086 44.2671813964844 43.8949851989746 43.5174255371094 43.2350769042969 43.0469245910645 42.9371337890625 42.9667129516602 43.0584335327148 43.1310844421387 43.1528549194336 43.2636680603027 43.2134170532227 42.9285202026367 42.6800346374512 42.2139434814453 42.0602836608887 42.2871704101562 42.7046318054199 43.3618431091309 44.1201324462891 43.9805221557617 43.5497245788574 42.4378051757812 42.5192222595215 41.957893371582 42.3211822509766
49.87060546875 49.2382507324219 49.1228637695312 49.7978630065918 50.0265007019043 50.2488822937012 49.7529525756836 48.9513473510742 48.2799415588379 47.7983627319336 47.0552597045898 46.281005859375 46.3099746704102 46.1250801086426 45.9612617492676 45.7434387207031 45.232307434082 44.8043403625488 44.6408309936523 44.4988861083984 44.3279075622559 44.1099853515625 43.8168907165527 43.4385375976562 43.0745811462402 42.8783988952637 42.6681747436523 42.6958160400391 42.8057975769043 42.8607368469238 42.9397163391113 43.1123390197754 43.0400085449219 42.8362426757812 42.4686050415039 42.3546752929688 42.935173034668 42.9705009460449 43.2312965393066 43.1637878417969 43.3596458435059 43.9834938049316 44.2145347595215 42.9411087036133 42.3103218078613 41.3390350341797 42.336124420166
50.6319618225098 50.1885108947754 49.8918533325195 50.0094604492188 49.7027168273926 49.4027099609375 49.0663452148438 48.4832496643066 48.2242088317871 47.7902717590332 47.0191535949707 46.0467987060547 46.0361061096191 46.5325508117676 46.2325210571289 45.6330718994141 45.2835540771484 44.9960975646973 44.6926078796387 44.4637336730957 44.1753234863281 43.8760795593262 43.7812728881836 43.5867919921875 43.2685546875 42.9804191589355 42.6270523071289 42.5349273681641 42.6732330322266 42.7793273925781 43.0385322570801 43.1651763916016 42.916618347168 42.5250816345215 42.4228286743164 42.5162086486816 43.0723724365234 43.430103302002 43.239086151123 43.5085830688477 43.9361877441406 44.0519981384277 44.5022811889648 44.4722480773926 43.046630859375 41.9221496582031 41.8024253845215
51.363353729248 51.0779495239258 50.5961532592773 49.9274559020996 49.4158897399902 48.9581985473633 48.5086517333984 48.3079261779785 48.4598350524902 47.9055595397949 47.3071250915527 46.8914566040039 47.1916923522949 47.6664161682129 47.1637535095215 46.2297019958496 45.5747833251953 45.2309074401855 44.9518928527832 44.6518478393555 44.3906707763672 44.1433486938477 43.9935874938965 43.8807220458984 43.5474700927734 43.2373657226562 42.9507369995117 42.8593673706055 42.9062194824219 42.9490165710449 43.0683441162109 43.0530738830566 42.7930030822754 42.5704689025879 42.4494094848633 42.4678344726562 42.9050521850586 43.4820404052734 43.3688812255859 43.5367965698242 43.7973251342773 43.917781829834 44.4103813171387 44.5250511169434 44.2377624511719 43.0326614379883 42.0326614379883
51.5721855163574 51.311206817627 50.7028350830078 50.232494354248 49.3853874206543 48.9154396057129 48.6109352111816 48.4461669921875 48.7046394348145 48.0431747436523 47.5382118225098 47.4530830383301 47.8964805603027 48.2369232177734 47.8408164978027 47.0409317016602 45.994686126709 45.3786277770996 45.2309455871582 44.9084777832031 44.535831451416 44.3233680725098 44.1609992980957 43.9604415893555 43.6356735229492 43.3971939086914 43.1945571899414 43.087158203125 43.0103759765625 42.9754409790039 42.9606704711914 42.8668823242188 42.7590789794922 42.6902313232422 42.4355659484863 42.2477912902832 42.6630783081055 43.3449668884277 43.4741172790527 43.6637191772461 43.9698295593262 44.0935287475586 43.9133720397949 44.325138092041 44.3446426391602 43.7871360778809 43.091609954834
51.9947357177734 51.5872573852539 51.1245803833008 50.831356048584 49.957103729248 49.0539360046387 48.5696868896484 48.3383865356445 48.4645919799805 48.1086120605469 47.732738494873 47.780445098877 48.0865669250488 48.2044906616211 47.7763481140137 47.0170059204102 46.0788459777832 45.3683433532715 45.2356300354004 44.9686660766602 44.5138816833496 44.2583198547363 44.1140289306641 43.8482856750488 43.6440353393555 43.5137634277344 43.3861198425293 43.1550407409668 43.0091552734375 42.8918151855469 42.8330993652344 42.7637825012207 42.7547721862793 42.868335723877 42.7487525939941 42.6418113708496 42.7983627319336 43.0925140380859 43.4451942443848 43.9108467102051 44.0573081970215 43.7834243774414 43.5456962585449 44.2065925598145 44.4327964782715 43.8678283691406 43.6926193237305
52.3206634521484 52.4148750305176 51.9968605041504 51.6635589599609 51.1040306091309 50.2414779663086 49.1548728942871 48.4316520690918 48.2439613342285 48.2235794067383 48.0870056152344 48.1524429321289 47.8739013671875 47.8296279907227 47.4253540039062 46.7068786621094 46.0122222900391 45.4319152832031 45.2554397583008 45.0074195861816 44.6520538330078 44.3483848571777 44.1235275268555 43.9102210998535 43.8166656494141 43.6443519592285 43.5560188293457 43.3264083862305 43.1142654418945 42.9407272338867 42.7560997009277 42.6863861083984 42.8354759216309 43.1301651000977 43.4098434448242 43.4237823486328 43.518627166748 43.7332725524902 43.8162689208984 44.0929145812988 44.3877372741699 44.2402801513672 44.2915802001953 44.1596527099609 44.0956916809082 43.8589706420898 44.0541114807129
52.0917510986328 52.4079971313477 52.056324005127 51.7690658569336 51.7207870483398 51.5054321289062 50.5225486755371 49.2590522766113 48.4511642456055 48.2914924621582 48.2901496887207 48.1836128234863 47.831615447998 47.6526260375977 47.3042182922363 46.8795852661133 46.4943580627441 45.971378326416 45.630069732666 45.3956260681152 45.0027809143066 44.6000556945801 44.3800048828125 44.2555770874023 44.2322235107422 43.9484024047852 43.7605056762695 43.5292091369629 43.3586540222168 43.1274452209473 42.8219680786133 42.6327781677246 42.8852310180664 43.5751609802246 44.0751113891602 44.0284156799316 43.9391288757324 43.873233795166 43.7924652099609 44.2722206115723 44.9345474243164 45.1530532836914 45.0932884216309 44.5513191223145 44.2465629577637 44.0868377685547 43.5591735839844
