examples/night_lizards/data/train-rasters-2.5m/bclim2.asc
NCOLS 322 
NROWS 151 
XLLCORNER -122.75 
YLLCORNER 31.9166666666667 
CELLSIZE 0.0416666666666677 
NODATA_value -3.4e+38 
[rows 42 to 62 of 151, columns 188 to 234 of 322]
15.30299949646 15.3256664276123 15.2669992446899 15.4056663513184 15.0973329544067 14.5910005569458 14.0380001068115 14.1040000915527 13.9313325881958 13.5563335418701 13.4739999771118 14.0959997177124 14.7349996566772 14.4750003814697 14.3553333282471 14.6359996795654 14.5813341140747 14.8633337020874 15.2019996643066 15.3713331222534 15.5469999313354 15.4623336791992 15.32200050354 15.6399993896484 16.0216655731201 16.2926654815674 16.2266674041748 16.0809993743896 16.0279998779297 16.1219997406006 16.4549999237061 16.9033336639404 17.1493339538574 16.9966659545898 16.9896659851074 17.4190006256104 17.8856658935547 18.0473327636719 17.8356666564941 17.1736660003662 16.9513339996338 16.4603328704834 15.7256669998169 16.1616668701172 16.4266662597656 16.2706661224365 16.5483341217041
14.7583332061768 14.8206672668457 15.0989999771118 15.0909996032715 14.5329999923706 13.9113340377808 13.7343339920044 13.7936668395996 13.6993341445923 13.4646663665771 13.4180002212524 13.9303331375122 14.3103332519531 14.1803331375122 14.117000579834 14.1303329467773 14.2853336334229 14.4780006408691 14.6666660308838 15.2840003967285 15.6443338394165 15.4943332672119 15.3593339920044 15.617000579834 15.936333656311 16.0763339996338 15.9816665649414 16.142333984375 16.2613334655762 16.3476657867432 16.8313331604004 17.1883335113525 17.2049999237061 16.7233333587646 16.6009998321533 17.2129993438721 17.7049999237061 17.9109992980957 17.8076667785645 16.6606674194336 15.9329996109009 15.5406665802002 14.4456663131714 15.5153331756592 16.2993335723877 16.0860004425049 15.9656667709351
14.4676666259766 14.6616668701172 14.9850006103516 14.5223331451416 13.7790002822876 13.5763330459595 13.8596668243408 14.1499996185303 14.1309995651245 13.6899995803833 13.6090002059937 14.2603330612183 13.5433330535889 13.5883331298828 13.9083337783813 13.929666519165 14.3056669235229 14.7650003433228 14.7036666870117 15.0713329315186 15.2653331756592 15.3396663665771 15.6119995117188 15.7846670150757 16.0209999084473 15.9890003204346 15.8553333282471 16.1073341369629 16.5436668395996 16.8889999389648 17.3980007171631 17.6033325195312 17.650333404541 17.4646663665771 17.193000793457 16.9750003814697 17.2383327484131 17.4570007324219 17.2883338928223 16.4563331604004 15.0410003662109 14.0130004882812 15.4399995803833 16.2716674804688 16.3343334197998 15.9483337402344 15.6216669082642
14.5976667404175 14.6263332366943 14.5430002212524 14.048999786377 13.595666885376 13.4670000076294 13.757999420166 14.0436668395996 14.050666809082 13.951000213623 14.3983325958252 14.5093336105347 13.3793334960938 13.481333732605 14.0686664581299 14.1599998474121 14.4293327331543 14.8673334121704 14.835000038147 14.7336664199829 14.5486669540405 15.2119998931885 15.6400003433228 15.8953332901001 16.2803325653076 16.048999786377 15.9379997253418 16.1040000915527 16.4876670837402 16.9306659698486 17.5513324737549 17.9080009460449 17.8540000915527 17.7276668548584 17.400333404541 16.9516677856445 16.4446678161621 16.6986675262451 16.5949993133545 16.2483329772949 16.138334274292 15.4899997711182 15.6373329162598 16.3530006408691 16.4376659393311 15.6716661453247 15.3836669921875
14.4696664810181 14.2733335494995 13.9956665039062 13.7959995269775 13.6680002212524 13.4473333358765 13.4763336181641 14.0190000534058 14.3553323745728 14.3059997558594 14.2440004348755 13.9950008392334 13.4793329238892 13.5749998092651 14.2299995422363 14.514666557312 14.7653331756592 14.9809999465942 15.0646667480469 14.5329999923706 14.0476665496826 14.960000038147 15.2826662063599 15.6549997329712 16.0633335113525 15.6990003585815 15.5943336486816 15.8666667938232 16.3826675415039 16.9680004119873 17.4559993743896 18.0769996643066 18.1979999542236 17.6083335876465 17.017333984375 16.9036674499512 16.7240009307861 16.2390003204346 15.9956665039062 16.1526660919189 16.189001083374 15.4250001907349 15.4156665802002 16.3823337554932 16.2083339691162 15.3353328704834 15.0153331756592
14.2863340377808 14.4320001602173 13.9163331985474 13.7309999465942 13.6079998016357 13.3183326721191 13.4536666870117 13.6446666717529 13.7506666183472 13.639666557312 13.7716665267944 14.0736675262451 13.1380004882812 13.2783336639404 14.2026662826538 14.32200050354 14.5819997787476 14.8776664733887 14.5299997329712 14.0830001831055 13.7343330383301 14.6286659240723 14.7166662216187 15.2626667022705 15.635666847229 15.2746667861938 15.239333152771 15.5290002822876 16.5883331298828 17.0156669616699 17.5803337097168 18.0659999847412 18.1386661529541 17.7213344573975 17.0236663818359 16.0403327941895 16.2466659545898 16.5440006256104 15.8529996871948 16.0403327941895 16.183666229248 16.2776660919189 16.4759998321533 16.5436668395996 15.9280004501343 15.1533336639404 15.0930004119873
14.614333152771 14.8996667861938 14.3746671676636 14.110333442688 13.9013338088989 13.7183332443237 13.2416667938232 13.41100025177 13.4640007019043 13.6670007705688 14.2653331756592 14.2220001220703 12.3913335800171 12.6380004882812 13.7229995727539 13.8533334732056 14.2663335800171 14.4666662216187 13.8956661224365 13.8100004196167 13.4876661300659 13.9033327102661 14.3133335113525 15.0033330917358 14.9846668243408 14.8986673355103 15.6859998703003 16.1336669921875 16.4593334197998 17.103666305542 17.6223335266113 17.8433322906494 17.5983333587646 17.4863338470459 16.7386665344238 15.5736665725708 15.3903331756592 15.7523336410522 15.7996664047241 15.8380002975464 16.1550006866455 16.1996669769287 16.2523326873779 16.2490005493164 15.5503339767456 14.7950000762939 15.0726671218872
14.6246671676636 15.0476665496826 14.7913331985474 14.4396667480469 14.0240001678467 13.320333480835 13.0813341140747 12.8516664505005 12.4416666030884 12.8409996032715 12.4926671981812 12.0966663360596 11.168999671936 12.3316669464111 13.4156665802002 13.5423336029053 14.0366668701172 14.1069993972778 13.8313331604004 14.0983333587646 13.4286661148071 13.8859996795654 14.779333114624 14.6523332595825 14.1273336410522 14.4523334503174 15.3719997406006 16.2999992370605 16.7553329467773 17.4289989471436 17.8543338775635 17.9326667785645 17.8783321380615 17.7486667633057 16.7880001068115 16.1079998016357 15.2426662445068 15.2643337249756 15.4593324661255 15.657000541687 15.9236669540405 15.6346664428711 15.1923332214355 15.3620004653931 15.3586664199829 14.8216667175293 15.074333190918
14.1323328018188 14.0050001144409 13.2866668701172 12.353666305542 11.8146667480469 11.6666660308838 11.4616670608521 12.0989999771118 12.364333152771 13.1730003356934 12.2456665039062 11.5719995498657 11.8606662750244 12.4210004806519 13.2703332901001 13.7649993896484 13.993332862854 14.1896667480469 14.1160001754761 13.2910003662109 13.1160001754761 14.3769998550415 14.7993335723877 14.0496664047241 13.6459999084473 14.9060001373291 16.0030002593994 16.2003326416016 16.357666015625 16.8530006408691 17.2053337097168 17.5219993591309 17.371000289917 17.3466663360596 17.1310005187988 16.336332321167 15.4883337020874 15.0713329315186 15.0840005874634 15.1646671295166 15.3443336486816 15.1193332672119 14.9016666412354 15.1383333206177 14.8420000076294 14.8929996490479 14.7233333587646
13.173999786377 12.8449993133545 12.7049999237061 11.0603332519531 10.8023338317871 11.0723333358765 11.5853338241577 12.4033336639404 13.1113328933716 13.9453325271606 14.0050001144409 13.378999710083 13.5826663970947 13.0076665878296 12.6083335876465 13.543999671936 14.2166662216187 13.4286670684814 13.3353338241577 12.724666595459 13.4933338165283 14.4063329696655 14.0790004730225 13.5876665115356 13.0600004196167 13.6323328018188 14.4963331222534 15.1370000839233 15.6040000915527 15.8800001144409 16.324333190918 16.5446662902832 16.0853328704834 16.7929992675781 16.5006656646729 16.2870006561279 15.5403337478638 14.9946670532227 14.724666595459 14.6456670761108 14.7840003967285 14.3746671676636 14.675666809082 15.1013336181641 14.4586668014526 14.7829999923706 14.7749996185303
12.9726667404175 12.8413333892822 13.1006669998169 12.3073329925537 12.1730003356934 12.5046663284302 12.5286674499512 12.9593334197998 13.17799949646 14.1960000991821 15.0013332366943 14.581000328064 14.3629999160767 13.9860000610352 13.4496660232544 13.7053327560425 14.1429996490479 13.7210006713867 13.6376667022705 13.2220001220703 14.1183338165283 14.4283332824707 14.1173334121704 14.4856672286987 14.4759998321533 14.5729999542236 14.7116670608521 14.6653327941895 14.779333114624 15.1403331756592 15.5846672058105 16.0063323974609 15.2453336715698 15.6273336410522 15.7683334350586 15.7696666717529 15.0976667404175 14.8616666793823 14.6049995422363 14.7483329772949 15.0209999084473 14.1750001907349 14.5853328704834 14.6026668548584 14.5813331604004 14.7686672210693 15.1239995956421
13.3806667327881 13.5976667404175 13.3803329467773 13.2483329772949 13.7623329162598 13.1203327178955 12.8859996795654 12.978666305542 13.059666633606 14.17799949646 14.9160003662109 14.2950000762939 14.0696668624878 14.2313327789307 14.2486667633057 14.0333337783813 13.691333770752 14.0186672210693 13.9496669769287 13.7333326339722 14.4129991531372 14.2259998321533 14.4856662750244 15.3576669692993 15.7726669311523 16.0749988555908 15.639666557312 14.3286666870117 13.8909997940063 14.8166666030884 15.8653335571289 15.0819997787476 14.9910001754761 15.2583332061768 15.6660003662109 15.5063333511353 14.8513326644897 14.7273330688477 14.7163333892822 14.9676666259766 15.1149997711182 14.4820003509521 14.4989995956421 13.8633337020874 14.3103332519531 14.7729997634888 15.2203330993652
14.7193336486816 14.8753328323364 14.2133331298828 13.3476667404175 13.6976671218872 13.2576665878296 13.2876663208008 12.8253335952759 13.2566661834717 14.2746667861938 14.6746664047241 13.9093332290649 13.8246669769287 13.9533338546753 13.9049997329712 13.8653335571289 13.7586669921875 14.0906667709351 13.7909994125366 13.9526672363281 14.4790000915527 14.2639999389648 14.8703327178955 15.3916664123535 15.6770000457764 15.8999996185303 14.9973335266113 14.0380001068115 13.7936668395996 14.6389999389648 15.2626667022705 14.5963335037231 15.324333190918 15.9023332595825 15.7426662445068 15.2636671066284 14.8699998855591 14.8099994659424 14.7756671905518 14.9753332138062 15.0249996185303 14.3776664733887 14.2153329849243 13.4616670608521 13.9633331298828 14.6663331985474 15.0436668395996
15.3979997634888 15.0270004272461 14.0063333511353 12.7946672439575 12.9603328704834 13.8306665420532 13.9763336181641 13.0753335952759 13.4983329772949 14.4103336334229 14.4453325271606 13.949333190918 13.8986663818359 13.7473335266113 13.6379995346069 13.7439994812012 13.8589992523193 14.0763330459595 13.798999786377 14.1370000839233 14.4333333969116 14.2796669006348 14.7810001373291 14.820333480835 15.3336668014526 15.6399993896484 15.5673332214355 14.7519998550415 13.8806667327881 13.9940004348755 14.1386661529541 14.2786664962769 15.1470003128052 15.0570001602173 15.264666557312 15.3323335647583 15.1313333511353 15.0066661834717 14.8883333206177 14.7856664657593 13.9350004196167 13.6186666488647 13.6026668548584 13.3566665649414 13.8983335494995 14.4996662139893 14.8343334197998
14.9743337631226 14.3943338394165 13.3590002059937 12.3293333053589 13.4049997329712 13.7666664123535 14.1449995040894 13.7616662979126 13.7706661224365 14.4029998779297 14.293999671936 13.9340000152588 13.8326663970947 13.6933326721191 13.7163333892822 13.6696662902832 13.6350002288818 13.9836664199829 14.1473331451416 14.2009992599487 14.3249998092651 14.451000213623 14.364333152771 14.7803335189819 15.3239994049072 15.7629995346069 15.6293334960938 14.6286668777466 13.8393335342407 13.5329999923706 13.6820001602173 14.0483331680298 14.4173336029053 14.5153331756592 15.0543336868286 15.3313331604004 15.1833333969116 14.9559993743896 14.8543329238892 14.5853328704834 13.5646667480469 13.7403335571289 13.2230005264282 13.4783334732056 13.7329998016357 14.0450000762939 14.5463333129883
14.0453338623047 13.7740001678467 13.1869993209839 12.438666343689 13.1990003585815 13.4039993286133 13.2586669921875 13.7113332748413 13.5016670227051 14.1173334121704 14.2396659851074 13.9499998092651 13.7736663818359 13.7253332138062 13.7853326797485 13.8319997787476 13.7320003509521 14.0433330535889 14.550666809082 14.4180002212524 14.3503332138062 14.6446666717529 14.7726669311523 15.0846662521362 15.559666633606 15.9616670608521 15.9443330764771 15.5976667404175 14.9326667785645 13.9546661376953 13.878999710083 14.2053337097168 14.2213335037231 14.4390001296997 14.9646663665771 15.2036666870117 15.0516662597656 14.8766670227051 14.7856664657593 14.6166667938232 13.8923330307007 13.9686670303345 13.3976669311523 14.1193332672119 14.2973327636719 13.7279996871948 14.3210000991821
13.4759998321533 13.1563329696655 12.6719999313354 12.9663333892822 13.8416662216187 13.7043333053589 13.2026662826538 13.3626670837402 13.2049999237061 13.7009992599487 14.2589998245239 14.1809997558594 13.8776664733887 13.849666595459 13.9013338088989 13.9716672897339 13.9819993972778 14.2270002365112 14.7093334197998 14.9476661682129 14.7489995956421 14.5656661987305 14.727334022522 15.070333480835 15.131667137146 15.3206672668457 15.6116666793823 15.2666664123535 14.6513328552246 14.4659996032715 14.2840003967285 15.0713329315186 14.9700002670288 14.2980003356934 14.385666847229 14.5220003128052 14.5973329544067 14.6493339538574 14.5409994125366 14.5866670608521 14.8373336791992 14.256667137146 13.7159996032715 14.8106670379639 15.2256669998169 14.1986665725708 14.4826669692993
13.300666809082 12.9449996948242 12.5179996490479 13.2273330688477 14.5393342971802 14.3713331222534 13.371000289917 13.048999786377 13.007999420166 13.4180002212524 14.1646671295166 14.4316673278809 14.1219997406006 13.9646673202515 13.9006662368774 13.8599996566772 13.9353332519531 14.3223333358765 14.7739992141724 15.2706670761108 15.5240001678467 15.2663335800171 15.1269998550415 15.0380001068115 14.960000038147 14.9253330230713 15.0746669769287 15.1879997253418 15.5726671218872 15.4183340072632 14.720666885376 14.8403329849243 15.1706666946411 14.9803333282471 14.978666305542 14.6809997558594 14.5499992370605 14.4419994354248 14.5833330154419 14.7069997787476 14.8780002593994 14.2676668167114 13.9553327560425 15.0530004501343 15.8830003738403 15.1850004196167 14.9083337783813
13.4326667785645 13.0209999084473 12.4746656417847 13.1719999313354 14.3676662445068 14.4943332672119 13.5620002746582 13.385666847229 13.2373332977295 13.315333366394 14.0436668395996 14.4646673202515 14.2036666870117 13.9506673812866 13.974666595459 14.2306661605835 14.3236675262451 14.5446662902832 14.7476663589478 15.1883335113525 15.5143327713013 15.6733331680298 15.904333114624 15.5640001296997 15.0539999008179 14.9530000686646 14.989333152771 15.2580003738403 15.5096664428711 15.2403335571289 14.7616672515869 15.239333152771 15.7710008621216 15.9923334121704 15.7019996643066 15.1516666412354 14.7886667251587 14.7396669387817 15.0983333587646 15.0906667709351 15.0966663360596 14.66100025177 14.1710004806519 15.058666229248 16.4479999542236 15.7853336334229 14.5999994277954
13.5706663131714 12.925666809082 12.1383333206177 12.7889995574951 14.1636667251587 14.5406665802002 14.0769996643066 13.8066673278809 13.0916662216187 13.056999206543 13.6283330917358 14.3090000152588 14.4720001220703 14.1613330841064 14.2199993133545 14.4816665649414 14.4376668930054 14.171667098999 14.2366666793823 15.1536664962769 15.4840002059937 15.7046661376953 16.0629997253418 15.8806667327881 15.2106666564941 14.8730001449585 14.885666847229 15.0736665725708 15.1883335113525 15.0979995727539 15.5536670684814 16.5056667327881 16.9796657562256 17.1989994049072 16.3803329467773 15.4426670074463 15.0930004119873 15.0483331680298 15.4843330383301 15.7126665115356 15.9046669006348 15.7686672210693 15.3339996337891 15.8303327560425 16.7940006256104 15.5080003738403 14.8319997787476
13.6786661148071 12.7030000686646 12.021333694458 12.9320001602173 13.91233253479 14.3673334121704 13.9779996871948 13.6896667480469 12.9060001373291 12.7880001068115 13.1356658935547 13.83899974823 14.5559997558594 14.5923328399658 14.4103326797485 14.1406660079956 13.75 13.5896663665771 13.8636665344238 15.2373332977295 15.9176664352417 15.9883337020874 16.0846672058105 16.0976657867432 15.8189992904663 15.2259998321533 14.9526662826538 15.0096664428711 15.1013336181641 15.2106666564941 15.7056665420532 16.4750003814697 17.0123329162598 16.8566665649414 16.0413341522217 15.5656671524048 15.3489999771118 15.6523332595825 16.3723335266113 16.6886672973633 16.6823329925537 17.0233325958252 17.367000579834 17.5370006561279 17.0633335113525 15.1009998321533 15.2843332290649
