examples/night_lizards/data/train-rasters-2.5m/bclim8.asc
NCOLS 322 
NROWS 151 
XLLCORNER -122.75 
YLLCORNER 31.9166666666667 
CELLSIZE 0.0416666666666677 
NODATA_value -3.4e+38 
[rows 0 to 20 of 151, columns 0 to 46 of 322]
9.387332916259769 9.43333339691162 9.49733352661133 9.57933330535889 9.57266616821289 9.38466644287109 9.28933334350586 9.42199993133545 9.32066631317139 9.1899995803833 9.18466663360596 9.22399997711182 9.04466724395752 8.86733341217041 8.98266696929932 9.06799983978271 9.02466678619385 8.98333358764648 8.92666625976562 8.94333362579346 8.83066654205322 8.67199993133545 8.66266632080078 8.63133335113525 8.59666633605957 8.59866619110107 8.53266620635986 10.1813335418701 10.2066659927368 10.271333694458 10.2360000610352 10.1300001144409 10.0260000228882 10.0120000839233 10.0686664581299 10.1433334350586 10.0920000076294 9.97266674041748 9.97399997711182 10.017333984375 10.0453329086304 10.1126670837402 10.1293334960938 10.0679998397827 10.050666809082 9.84066677093506 9.75466728210449
9.43666648864746 9.37733364105225 9.44333362579346 9.42666625976562 9.68200016021729 9.52666664123535 9.36066627502441 9.32400035858154 9.24117660522461 9.13260841369629 9.17933368682861 9.42533302307129 9.40533351898193 9.0620002746582 8.89133358001709 9.03666687011719 9.02803039550781 9.0625 8.96249961853027 8.95133304595947 8.87800025939941 8.7480001449585 8.67866706848145 8.58733367919922 8.55533313751221 8.64066696166992 10.2386665344238 10.2419996261597 10.2560005187988 10.2953329086304 10.2679996490479 10.1786670684814 10.0153331756592 9.96933364868164 10.1073331832886 10.3266668319702 10.2326669692993 9.97933292388916 9.9806661605835 10.0159997940063 10.047999382019 10.1213331222534 10.1386671066284 10.1033334732056 10.0313339233398 9.92066669464111 9.72999954223633
9.67600059509277 9.46399974822998 9.48866653442383 9.72799968719482 9.8080005645752 9.58466625213623 9.45512866973877 9.36111164093018 -3.4e+38 -3.4e+38 9.22166633605957 9.39933300018311 9.40066623687744 9.16200065612793 8.95266628265381 9.02361106872559 9.0805549621582 9.00333309173584 8.96587371826172 8.93200016021729 8.85400009155273 8.75533294677734 8.6540002822876 8.61066627502441 8.61066627502441 8.58733367919922 8.53999996185303 10.2546663284302 10.2819995880127 10.3293333053589 10.2346668243408 10.1940002441406 10.0900001525879 9.99866676330566 10.0220003128052 10.1786670684814 10.1586666107178 10.0046663284302 9.989333152771 10.0179996490479 10.0753335952759 10.1520004272461 10.1926670074463 10.1346664428711 10.1046667098999 10.0179996490479 9.5
9.62466621398926 9.53066635131836 9.38000011444092 9.35333347320557 9.69066619873047 9.67800045013428 9.55714321136475 -3.4e+38 -3.4e+38 -3.4e+38 -3.4e+38 9.22142887115479 9.03333282470703 8.99215698242188 8.99027824401855 9.12380981445312 9.23333358764648 9.00888919830322 9.00185203552246 9.02878761291504 8.90277767181396 8.85400009155273 8.83266639709473 8.77866649627686 8.68000030517578 8.56733322143555 8.50733375549316 8.65200042724609 8.66199970245361 10.3000001907349 10.2846660614014 10.2873334884644 10.2473335266113 10.2033338546753 10.1940002441406 10.203332901001 10.1219997406006 10.0166664123535 10.0273332595825 10.043999671936 10.0933332443237 10.1526670455933 10.1433334350586 10.093334197998 10.1326665878296 10.0666666030884 9.55599975585938
9.47066688537598 9.35866641998291 9.33333301544189 9.54733371734619 9.93466663360596 10.0053339004517 9.82499980926514 -3.4e+38 -3.4e+38 9.90555572509766 9.72333335876465 9.39126968383789 9.12933349609375 9.08333301544189 9.24062538146973 9.39027786254883 9.37800025939941 9.17599964141846 9.07266616821289 9.13466644287109 9.1986665725708 9.17866706848145 9.0533332824707 8.89333343505859 8.77866649627686 8.60799980163574 8.47666645050049 8.57466697692871 8.64066696166992 10.2573328018188 10.2466669082642 10.3146667480469 10.3179998397827 10.3940000534058 10.53600025177 10.5893335342407 10.3466663360596 10.0806665420532 10.1013326644897 10.1173334121704 10.1213331222534 10.1366672515869 10.1226663589478 10.1393337249756 10.1719999313354 10.1680002212524 10.0120000839233
9.54666614532471 9.37600040435791 9.18000030517578 9.60866641998291 9.86400032043457 9.89466667175293 9.79062461853027 10.4611110687256 10.3791666030884 10.1242427825928 9.90399932861328 9.52999973297119 9.23666667938232 9.13066673278809 9.15733337402344 9.34933280944824 9.53133392333984 9.48799991607666 9.28999996185303 9.05866622924805 9.03066635131836 9.0446662902832 9.12933349609375 9.1133337020874 8.99266624450684 8.77666664123535 8.51399993896484 8.5406665802002 8.67333316802979 10.315333366394 10.2366666793823 10.220666885376 10.2200002670288 10.3506669998169 10.5539999008179 10.6600008010864 10.4433336257935 10.1733331680298 10.1593332290649 10.1680002212524 10.1486663818359 10.1113338470459 10.1266670227051 10.1453332901001 10.1500005722046 10.1433334350586 10.0693330764771
9.95227241516113 9.90362358093262 9.39400005340576 9.02733325958252 9.56599998474121 9.97083377838135 10.0249996185303 -3.4e+38 10.5866670608521 10.5539999008179 10.1806659698486 9.56066703796387 9.33866691589355 9.21466636657715 9.06333351135254 9.27533340454102 10.9173336029053 9.51933288574219 9.22599983215332 9.03133296966553 8.87399959564209 8.8100004196167 8.96733283996582 9.13666725158691 9.07666683197021 8.89933300018311 8.6453332901001 8.61733341217041 8.6473331451416 10.2493333816528 10.1700000762939 10.1126661300659 10.0620002746582 10.1506662368774 10.4139995574951 10.6046667098999 10.4766664505005 10.2480001449585 10.206000328064 10.1733331680298 10.1666669845581 10.1099996566772 10.1033334732056 10.1059999465942 10.1140003204346 10.0646667480469 10.0693340301514
10.203332901001 10.2770833969116 10.0194444656372 9.74866676330566 10.0473337173462 10.1901512145996 10.2088890075684 10.2708330154419 10.7083330154419 10.6933336257935 10.5677080154419 10.0466661453247 9.28800010681152 9.20599937438965 9.20600032806396 9.28600025177002 9.39999961853027 9.2413330078125 9.03533363342285 8.63466644287109 8.41333293914795 8.60333347320557 8.83800029754639 9.08666706085205 9.07266712188721 8.89933300018311 8.78999996185303 8.73066711425781 8.66400051116943 10.2519998550415 10.1613330841064 10.0633335113525 9.98266696929932 10.0393333435059 10.1960000991821 10.3513336181641 10.3500003814697 10.2573328018188 10.220666885376 10.1859998703003 10.1086664199829 10.0646667480469 10.0466661453247 10.03600025177 10.0240001678467 10.0473337173462 10.0286664962769
-3.4e+38 -3.4e+38 -3.4e+38 10.4888887405396 10.2760419845581 10.2006664276123 10.2871789932251 10.3933334350586 -3.4e+38 -3.4e+38 10.8227272033691 11.5033330917358 9.8866662979126 9.20866680145264 9.16266632080078 9.10866641998291 9.07533359527588 9.07200050354004 8.98600006103516 8.79533290863037 8.69933319091797 8.60999965667725 8.62466621398926 8.91199970245361 9.04666709899902 8.99933338165283 8.88933372497559 8.68066692352295 8.68533325195312 8.57000064849854 10.1253337860107 10.0473337173462 9.97599983215332 9.9640007019043 10.0133333206177 10.1633338928223 10.2586669921875 10.2253332138062 10.2046670913696 10.1193332672119 9.98200035095215 9.94133377075195 9.93666648864746 9.94133377075195 9.98400020599365 10.07200050354 10.0080003738403
-3.4e+38 -3.4e+38 -3.4e+38 -3.4e+38 -3.4e+38 10.3900003433228 10.5 10.578332901001 10.6000003814697 11.8533334732056 11.8322916030884 11.815333366394 11.3819999694824 10.3393335342407 10.0266666412354 9.95666694641113 8.94400024414062 8.97733306884766 10.2593336105347 10.0879993438721 8.9399995803833 8.82999992370605 8.6386661529541 8.77066612243652 9.02466678619385 9.00066661834717 9.03466701507568 8.8866662979126 8.73733329772949 10.2239999771118 10.1440000534058 10.0640001296997 10.0086669921875 9.98533344268799 10.010666847229 10.1853332519531 10.3266668319702 10.2526664733887 10.1066665649414 10.0620002746582 9.97999954223633 9.91800022125244 9.95600032806396 9.95800018310547 9.98799991607666 10.025333404541 9.99733352661133
-3.4e+38 -3.4e+38 -3.4e+38 -3.4e+38 -3.4e+38 10.8388891220093 10.7399997711182 10.6733331680298 11.5333337783813 -3.4e+38 10.9666662216187 11.8362741470337 11.7804346084595 11.4479999542236 10.6180000305176 10.2046670913696 10.0006666183472 9.12266635894775 10.2799997329712 10.3506669998169 10.2053337097168 10.0346660614014 9.88599967956543 8.92133331298828 8.89799976348877 8.91333293914795 9.07133388519287 9.1540002822876 10.4153337478638 10.279333114624 10.1960000991821 10.188666343689 10.1046667098999 10.0053339004517 10.0139999389648 10.1099996566772 10.2220001220703 10.242000579834 10.1526670455933 10.1333332061768 10.1086664199829 10.0773334503174 10.0973339080811 10.054666519165 10.0686664581299 10.1280002593994 10.0926666259766
-3.4e+38 -3.4e+38 -3.4e+38 -3.4e+38 -3.4e+38 11.095832824707 10.9040002822876 10.7093334197998 11.5458335876465 11.6083335876465 -3.4e+38 11.6999998092651 11.5508337020874 11.6173334121704 11.3940000534058 10.9219999313354 10.6553335189819 10.2513332366943 10.0073328018188 10.485333442688 10.4680004119873 10.2666664123535 10.1813335418701 10.3199996948242 10.2013330459595 9.89400005340576 8.83133316040039 8.92333316802979 10.2699995040894 10.3086671829224 10.3559999465942 10.3913335800171 10.2306661605835 10.0846662521362 10.0533332824707 10.0520000457764 10.0600004196167 10.0766668319702 10.1020002365112 10.2086668014526 10.3646669387817 10.4886665344238 10.4806671142578 10.2873334884644 10.0933332443237 10.0480003356934 10.006667137146
-3.4e+38 -3.4e+38 -3.4e+38 -3.4e+38 -3.4e+38 -3.4e+38 10.7620000839233 10.5220003128052 10.5970582962036 -3.4e+38 -3.4e+38 -3.4e+38 11.2833337783813 11.460000038147 11.5059995651245 11.6186666488647 11.3693332672119 10.6266670227051 10.0686664581299 10.2379999160767 10.53600025177 10.5173330307007 10.4646663665771 10.3833332061768 10.2026662826538 9.91666698455811 8.55933284759521 8.51933288574219 8.70400047302246 10.0486669540405 10.3800001144409 10.5213327407837 10.3746662139893 10.2166662216187 10.1260004043579 10.1013336181641 10.0173330307007 9.94266700744629 9.99666690826416 10.1753330230713 10.4419994354248 10.7613334655762 10.8439998626709 10.6193332672119 10.2513332366943 10.007999420166 9.96000003814697
-3.4e+38 -3.4e+38 -3.4e+38 -3.4e+38 -3.4e+38 -3.4e+38 10.4475002288818 11.1773328781128 11.3871212005615 -3.4e+38 -3.4e+38 -3.4e+38 -3.4e+38 -3.4e+38 11.3666667938232 11.493332862854 11.4286670684814 10.6606664657593 10.0340003967285 9.15466690063477 10.2993335723877 10.25 10.275333404541 10.2193336486816 9.94999980926514 9.78333282470703 8.54399967193604 8.45866680145264 8.58466720581055 8.71000003814697 8.83399963378906 10.275333404541 10.3766670227051 10.3500003814697 9.57666683197021 9.30999946594238 10.065333366394 9.97399997711182 9.99600028991699 10.0813331604004 10.2740001678467 10.6233329772949 10.8600006103516 10.7813339233398 10.4440002441406 10.1906671524048 10.0753335952759
-3.4e+38 -3.4e+38 -3.4e+38 -3.4e+38 -3.4e+38 10.4916667938232 10.3266668319702 10.1313333511353 11.0886669158936 11.2333335876465 11.2333335876465 -3.4e+38 -3.4e+38 -3.4e+38 11.3355560302734 11.2233333587646 11.4126672744751 11.3593330383301 10.6826667785645 10.4026670455933 10.3860006332397 10.3506669998169 10.1506671905518 9.82800006866455 8.77733325958252 8.68266677856445 8.28666687011719 7.97466659545898 7.95466661453247 8.09533309936523 8.37466621398926 8.64200019836426 10.0826663970947 9.86533355712891 10.4160003662109 10.3426666259766 10.2046661376953 10.0946664810181 10.0459995269775 10.07200050354 10.1613330841064 10.3780002593994 10.6073331832886 10.5893335342407 10.3579998016357 10.2446670532227 10.1346664428711
-3.4e+38 -3.4e+38 -3.4e+38 -3.4e+38 -3.4e+38 10.4949998855591 10.1346664428711 9.88066673278809 9.99866676330566 10.9246664047241 11.2202892303467 11.2728071212769 11.1791667938232 -3.4e+38 11.0541667938232 10.9368057250977 11.2653331756592 11.5173330307007 11.6213331222534 11.1026668548584 10.6140003204346 10.3273334503174 9.88599967956543 8.66199970245361 8.17066669464111 8.27266693115234 7.80000019073486 7.45266675949097 7.55466651916504 7.43733358383179 7.86199998855591 8.39133358001709 8.53066635131836 8.52266693115234 10.0746669769287 10.3773336410522 10.3406667709351 10.2279996871948 10.1546669006348 10.1233329772949 10.1066665649414 10.1366662979126 10.2220001220703 10.2673330307007 10.2573337554932 10.28600025177 10.1766672134399
-3.4e+38 -3.4e+38 -3.4e+38 -3.4e+38 -3.4e+38 10.9690475463867 10.5093336105347 10.1780004501343 9.99533367156982 10.0093336105347 10.9060001373291 11.1759996414185 11.1826086044312 11.1138887405396 -3.4e+38 10.9260416030884 11.1199998855591 11.5080003738403 11.7093334197998 11.6326665878296 10.5006666183472 9.21266651153564 8.98333358764648 8.45266628265381 7.58466672897339 7.23866653442383 8.02866649627686 7.76399993896484 7.28066682815552 7.24333333969116 7.2519998550415 7.9553337097168 8.01133346557617 8.19133377075195 8.59466648101807 10.0693330764771 9.62666702270508 10.3280000686646 10.2546672821045 10.207332611084 10.1173334121704 10.0173330307007 10.0446662902832 10.0799999237061 10.1680002212524 10.4720001220703 10.3540000915527
-3.4e+38 -3.4e+38 -3.4e+38 -3.4e+38 -3.4e+38 -3.4e+38 11.1166667938232 10.9761905670166 10.5826663970947 9.70133304595947 10.4413328170776 10.8859996795654 11.2959995269775 11.2587299346924 11.2088232040405 11.2749996185303 10.902777671814 11.2615947723389 11.4798612594604 11.6366672515869 11.0473337173462 9.40533351898193 10.1246662139893 8.71066665649414 8.27666664123535 7.61199998855591 7.52466678619385 7.92533302307129 7.03066682815552 7.04466676712036 6.92799997329712 7.34066677093506 7.54933309555054 7.74599981307983 8.35533332824707 8.60133361816406 9.67799949645996 9.59733390808105 10.4006662368774 10.2639999389648 10.1160001754761 9.98066711425781 9.94400024414062 9.98733329772949 10.0693330764771 10.2806663513184 10.256667137146
-3.4e+38 -3.4e+38 -3.4e+38 -3.4e+38 -3.4e+38 -3.4e+38 -3.4e+38 10.8988094329834 10.6160001754761 9.69333362579346 9.27600002288818 9.63399982452393 10.8079996109009 11.0719995498657 11.3113327026367 11.4145832061768 11.466667175293 11.5266666412354 11.6079998016357 11.7146663665771 11.7573328018188 11.1286668777466 10.1619997024536 8.58066654205322 8.28999996185303 7.57266664505005 7.61866664886475 7.71933317184448 7.62933349609375 7.21666669845581 7.01600027084351 7.70933294296265 7.96733331680298 8.28133296966553 8.43933296203613 8.58800029754639 9.72533321380615 9.64666652679443 10.3999996185303 10.3120002746582 10.1979999542236 10.065333366394 9.96066665649414 9.9060001373291 9.92399978637695 9.99733352661133 10.0380001068115
-3.4e+38 -3.4e+38 -3.4e+38 -3.4e+38 -3.4e+38 -3.4e+38 -3.4e+38 10.783332824707 10.6440000534058 10.3026666641235 9.28800010681152 9.21066665649414 10.3653335571289 10.6646671295166 11.050666809082 11.4180002212524 11.6633338928223 11.8240003585815 11.8979997634888 11.9473333358765 11.9433336257935 11.7553339004517 10.6626663208008 8.86066627502441 8.28400039672852 7.90000009536743 7.60333347320557 7.65466642379761 7.65866661071777 7.60999965667725 7.50333309173584 7.58933305740356 7.66800022125244 7.91066694259644 7.98866653442383 8.42933368682861 8.63199996948242 10.2006664276123 10.3900003433228 10.3686666488647 10.3053331375122 10.1393337249756 10.0019998550415 9.88799953460693 9.88199996948242 9.94733333587646 10.0139999389648
-3.4e+38 -3.4e+38 -3.4e+38 -3.4e+38 -3.4e+38 -3.4e+38 -3.4e+38 -3.4e+38 10.6725492477417 10.5746669769287 10.3400001525879 9.62466621398926 9.30466651916504 9.38199996948242 10.4266662597656 10.9826669692993 11.4553327560425 11.7993326187134 11.9793329238892 12.0606670379639 12.0486669540405 11.9753332138062 11.0706663131714 10.2699995040894 8.58266639709473 8.1453332901001 7.48066663742065 7.33066654205322 7.53733348846436 7.5 7.48133325576782 7.30999994277954 7.38866662979126 8.03333282470703 8.12733364105225 8.35733318328857 8.61533355712891 10.1499996185303 10.4273328781128 10.4280004501343 10.2933330535889 10.1499996185303 10.0593338012695 9.989333152771 9.92399978637695 9.94333267211914 9.99600028991699
