data/bioclim/bclim4.asc
NCOLS 300 
NROWS 196 
XLLCORNER -121.25 
YLLCORNER 31.1666666666667 
CELLSIZE 0.0416666666666667 
NODATA_value -32768 
[rows 74 to 110 of 196, columns 84 to 167 of 300]
6799 7131 7421 7721 7916 7736 7474 8202 8574 8664 8670 8619 8351 7765 7469 7008 6947 7707 8486 8966 9118 9116 9117 9031 8076 8082 8244 8164 8289 8385 8474 8596 8657 8597 8485 8251 8151 8378 8339 8328 8356 8316 8260 8117 7930 7699 7575 7409 7036 6693 6610 6892 7258 7427 7416 7469 7730 8037 8315 8463 8523 8561 8612 8666 8682 8690 8538 8591 8681 8684 8626 8548 8585 8587 8641 8606 8656 8526 8640 8810 8925 8826 8633 8408
6633 6878 7286 7513 7805 7667 7278 8161 8528 8653 8723 8695 8624 8120 7382 6688 7078 7973 8436 8943 9055 9058 9065 9044 8368 7971 7960 8113 8183 8167 8356 8479 8576 8592 8570 8334 8074 8220 8393 8344 8359 8312 8295 8212 8143 7925 7796 7609 7335 7337 7024 7216 7159 7271 7470 7601 7831 8084 8286 8417 8495 8595 8623 8674 8679 8600 8483 8675 8749 8764 8716 8694 8721 8728 8557 8614 8675 8696 8794 8904 8920 8820 8606 8305
6892 6932 7203 7368 7664 7522 6946 7806 8426 8641 8708 8751 8775 8351 7363 6774 6884 7744 8309 8833 9003 9045 9061 9031 8816 8206 7729 7902 8093 8042 8178 8361 8418 8484 8616 8475 8176 8138 8309 8374 8361 8337 8294 8277 8239 8084 7961 7820 7740 7564 7388 7308 7388 7381 7802 7919 8059 8132 8275 8400 8528 8586 8639 8671 8691 8659 8585 8661 8786 8821 8815 8777 8811 8797 8827 8786 8675 8882 8887 8869 8889 8842 8649 8135
7387 7221 7161 7253 7395 7274 6817 7623 8323 8588 8682 8749 8766 8364 7673 7033 6896 7709 8332 8761 8924 9018 9044 9044 8888 8148 7749 7784 8083 8078 8119 8255 8119 8409 8592 8523 8248 8305 7982 8227 8338 8341 8323 8297 8256 8167 8062 8011 7930 7758 7543 7543 7521 7325 7768 7960 7896 8175 8323 8451 8535 8593 8640 8644 8690 8711 8679 8710 8706 8767 8842 8820 8836 8839 8561 8514 8485 8830 8864 8870 8836 8842 8856 8666
7715 7400 7275 7168 7148 7235 6983 7390 8251 8501 8648 8700 8754 8548 7819 7192 6844 7651 8142 8592 8875 8956 9005 9044 8930 8375 8083 7921 8180 8273 8331 8248 8170 8363 8596 8497 8189 8447 8284 7974 8223 8347 8358 8308 8248 8206 8145 8117 8054 7961 7807 7759 7652 7504 7619 8031 7982 8150 8292 8407 8494 8547 8624 8631 8659 8680 8682 8592 8427 8507 8780 8844 8832 8509 8254 8261 8459 8697 8818 8808 8777 8756 8820 8804
7808 7605 7398 7315 7181 7236 7325 7539 8056 8470 8618 8662 8694 8389 7609 7281 7120 7508 7966 8392 8794 8913 8963 8982 8621 7914 8053 8025 8120 8287 8391 8380 8285 8350 8589 8620 8350 8477 8440 8067 7884 8292 8349 8321 8288 8236 8208 8171 8115 8032 7941 7844 7705 7581 7545 7960 8054 8162 8256 8359 8433 8536 8553 8567 8578 8506 8543 8522 8329 8253 8637 8748 8744 8553 8191 8007 8399 8602 8752 8725 8701 8733 8749 8746
8006 7883 7638 7508 7200 7145 7308 7548 8021 8329 8522 8655 8683 8375 7566 7299 7606 7974 8162 8321 8631 8842 8889 8907 8936 8611 8225 8120 8254 8157 8230 8381 8458 8466 8525 8616 8558 8443 8466 8183 7838 8182 8307 8328 8318 8262 8230 8204 8150 8097 8013 7918 7561 7308 7402 7768 7995 8133 8174 8317 8380 8440 8472 8425 8307 8206 8335 8373 8312 8317 8402 8503 8778 8587 8292 7969 8319 8561 8702 8598 8561 8582 8573 8561
8085 8086 8031 7907 7383 7172 7268 7511 7775 8260 8351 8559 8625 8502 7709 7689 8066 8209 8383 8474 8619 8746 8836 8891 8877 8887 8682 8575 8581 8516 8391 8249 8379 8572 8532 8659 8646 8528 8504 8338 7953 8193 8240 8261 8289 8285 8223 8228 8192 8132 8043 7938 7725 7383 7357 7738 7901 8068 8076 8142 8227 8340 8362 8292 8032 8183 8372 8436 8544 8485 8461 8444 8697 8616 8501 8134 8341 8539 8593 8417 8420 8414 8366 8342
8072 8111 8065 8000 7560 7314 7249 7619 8020 8277 8386 8333 8624 8617 8006 7770 7997 7986 8254 8229 8448 8611 8733 8833 8829 8843 8846 8814 8736 8592 8467 8214 8248 8547 8634 8681 8664 8610 8522 8436 8220 8308 8243 8191 8216 8254 8236 8247 8225 8203 8077 7939 7843 7534 7698 7845 7729 7913 7989 8088 8183 8176 8159 8154 7933 8232 8532 8574 8577 8541 8470 8382 8514 8739 8689 8314 8344 8521 8504 8337 8290 8173 8138 8124
8005 8072 8125 8110 7841 7732 7574 7569 8059 8399 8460 8310 8190 8573 8426 8171 8017 8067 8231 8206 8469 8656 8682 8617 8533 8715 8805 8830 8834 8643 8420 8282 8179 8481 8596 8648 8648 8627 8547 8272 8253 8335 8263 8113 8074 8093 8065 8196 8273 8283 8240 8149 7976 7741 7833 7956 7800 7889 8051 8160 8134 8105 8106 8018 8072 8411 8563 8569 8495 8429 8355 8246 8626 8746 8704 8512 8414 8470 8436 8289 8165 8019 7872 7908
8045 8092 8137 8145 8020 7939 7722 7820 8204 8448 8490 8333 7975 8328 8574 8242 8108 8283 8408 8471 8585 8581 8503 8248 8291 8464 8653 8768 8802 8791 8619 8559 8298 8505 8503 8499 8617 8586 8491 8367 8372 8326 8142 7802 7869 7934 8006 8107 8259 8299 8301 8271 8138 7943 7798 7992 8083 8110 8193 8244 8242 8176 8069 8053 8329 8530 8559 8503 8326 8284 8255 8250 8553 8621 8514 8473 8297 8379 8372 8228 8108 7956 7781 7681
8034 8089 8119 8172 8137 7992 7920 8082 8338 8440 8471 8448 8246 7983 8444 8399 8419 8450 8506 8532 8483 8334 8367 8233 8345 8514 8538 8686 8748 8778 8738 8697 8648 8581 8565 8559 8596 8591 8419 8302 8352 8253 7867 7577 7656 7884 8035 8138 8197 8278 8316 8303 8240 8097 7850 7934 8156 8215 8173 8227 8229 8076 8087 8287 8455 8473 8469 8325 8141 8102 8158 8408 8620 8612 8427 8344 8210 8278 8321 8245 8108 7947 7770 7636
8007 8078 8095 8150 8157 8088 8119 8143 8352 8424 8422 8450 8299 7836 8238 8461 8423 8419 8417 8369 8134 8277 8387 8388 8455 8547 8496 8555 8719 8729 8734 8733 8716 8607 8680 8680 8668 8626 8508 8419 8390 8263 7939 7560 7436 7804 8035 8050 8030 8126 8266 8305 8299 8169 7838 7963 8177 8272 8186 8134 8135 8030 8036 8256 8333 8383 8401 8248 7959 7907 8077 8435 8678 8725 8494 8269 8097 8185 8295 8228 8123 7955 7850 7712
7974 8041 8076 8084 8130 8186 8213 8240 8357 8368 8373 8410 8379 8101 8116 8424 8285 7955 8156 8234 8162 8298 8332 8395 8465 8375 8324 8483 8675 8690 8693 8705 8694 8683 8710 8685 8678 8640 8590 8570 8465 8339 8236 7956 7971 8035 8060 8007 7934 7933 8061 8269 8295 8246 8017 7906 8206 8278 8192 8027 7979 7823 7799 8068 8148 8250 8267 8117 7802 7793 8104 8391 8607 8740 8541 8359 8206 8122 8227 8206 8097 7919 7806 7703
7924 7977 8042 8054 8109 8179 8201 8217 8278 8349 8347 8361 8183 7798 7852 8238 8385 8205 7988 7964 7877 8066 8198 8243 8271 8323 8393 8531 8584 8634 8634 8664 8678 8683 8693 8667 8678 8662 8621 8542 8518 8442 8362 8262 8220 8187 8106 8108 8040 7982 7870 8061 8119 8103 7983 8020 8209 8255 8149 7852 7770 7524 7655 7869 7895 8046 8116 8093 7956 7797 8006 8305 8604 8702 8638 8452 8195 8019 8095 8170 8114 7916 7785 7806
7862 7949 7994 7994 7947 8021 8079 8164 8240 8280 8298 8269 7833 7752 7985 8255 8331 8251 8151 8019 7923 7983 7995 8191 8304 8424 8398 8361 8423 8469 8481 8496 8543 8544 8570 8613 8649 8639 8624 8563 8522 8442 8363 8232 8115 8140 8103 8102 8078 8014 7951 7870 7778 7876 8051 8210 8253 8171 8049 7745 7657 7330 7448 7715 7742 7826 7985 8024 7993 7856 7889 8353 8531 8666 8663 8494 8181 7823 7879 8057 8094 8042 7932 7858
7774 7800 7797 7786 7822 7861 8068 8155 8205 8205 8184 8212 8139 8141 8206 8293 8330 8313 8274 8204 8064 8040 8112 8214 8333 8368 8357 8293 8200 8160 8202 8169 7995 8101 8260 8471 8589 8619 8596 8559 8478 8389 8288 8172 8035 8078 8030 8040 8084 8034 7880 7665 7571 7948 8093 8216 8193 8165 8031 7852 7708 7343 7436 7671 7679 7745 7841 7934 7937 7869 7980 8305 8503 8649 8654 8450 8133 7675 7737 7986 8053 8012 7969 7854
7696 7657 7699 7785 7920 8016 8100 8130 8129 8118 8127 8173 8191 8214 8207 8232 8187 8159 8214 8042 7804 7878 7924 7980 8008 8166 8138 8036 7919 7947 7907 7821 7652 7614 7621 8142 8480 8573 8588 8488 8346 8225 8191 8089 7991 7977 7987 8030 8043 7974 7776 7283 7394 7872 8038 8154 8221 8215 8136 7929 7799 7489 7508 7640 7725 7765 7787 7840 7840 7858 8149 8310 8528 8643 8628 8488 8243 7851 7783 7922 7974 7991 7913 7823
7556 7468 7662 7719 7740 7866 7970 8025 8001 8026 8089 8085 8061 7994 8143 8110 7973 8042 8092 8056 7963 7924 8022 8061 7988 7909 7913 7924 7943 7930 8034 7937 7922 7800 7651 7937 8366 8520 8531 8509 8420 8232 8070 7929 7888 7842 7915 7973 8007 7962 7870 7742 7692 7729 7896 8048 8155 8160 8133 8047 7907 7709 7602 7563 7713 7813 7840 7817 7811 7917 8178 8358 8519 8644 8634 8530 8337 7926 7794 7878 7942 7945 7878 7704
7632 7638 7691 7711 7569 7550 7781 7871 7943 8000 7933 7926 7895 7786 7812 7850 7805 7951 8000 8019 7979 7990 8027 8062 8040 8051 7981 7737 7856 7947 8011 8039 8059 8042 8046 8176 8369 8519 8522 8447 8377 8240 8106 7883 7881 7863 7804 7873 7906 7932 7906 7814 7541 7578 7646 7878 8107 8135 8133 8054 7919 7735 7558 7562 7731 7781 7851 7899 7885 7878 8151 8342 8481 8634 8632 8597 8435 8085 7794 7828 7881 7902 7842 7694
7780 7746 7660 7639 7615 7703 7769 7683 7902 7881 7842 7782 7620 7758 7849 7762 7653 7797 7864 7962 8035 7934 7954 7991 7998 8055 8030 7996 8036 8047 8118 8087 8109 8191 8202 8309 8399 8465 8480 8443 8359 8199 8050 8019 8033 7919 7823 7833 7834 7837 7822 7793 7701 7538 7634 7901 8065 8098 8067 7979 7816 7644 7524 7575 7703 7802 7868 7948 7969 7976 8075 8210 8406 8529 8622 8593 8463 8285 8044 7801 7768 7781 7792 7772
7679 7450 7453 7483 7580 7843 7854 7834 7861 7753 7649 7745 7634 7706 7863 7906 7887 7887 7850 7911 8001 7968 7787 7795 7940 8031 8102 8151 8167 8200 8225 8215 8215 8241 8237 8288 8437 8465 8435 8464 8432 8338 8231 8188 8120 7979 7845 7719 7764 7759 7749 7724 7639 7488 7723 7914 8006 7986 7926 7799 7595 7476 7496 7613 7636 7829 7910 7976 8034 8058 8012 8037 8221 8393 8519 8597 8516 8369 8143 7836 7651 7629 7683 7738
7393 7418 7551 7624 7736 7846 7878 7884 7834 7717 7649 7697 7678 7652 7842 7922 7921 7927 7896 7933 7948 7837 7905 7932 7997 8037 8113 8129 8077 8079 8179 8202 8203 8234 8249 8288 8276 8372 8394 8413 8425 8389 8338 8268 8200 8025 7851 7686 7723 7713 7642 7523 7502 7554 7771 7858 7894 7864 7757 7639 7541 7553 7567 7535 7606 7768 7963 8025 8054 8045 7967 7849 7921 8151 8304 8581 8511 8352 8167 7864 7586 7692 7793 7815
7505 7564 7636 7687 7700 7768 7827 7848 7808 7766 7673 7692 7719 7682 7839 7922 7912 7939 7940 7899 7859 7840 7811 7974 7997 8079 8110 8068 7907 8153 8244 8270 8233 8236 8207 8218 8109 8109 8239 8359 8421 8388 8348 8289 8248 8090 7940 7780 7747 7690 7571 7441 7447 7594 7732 7731 7625 7460 7248 7379 7512 7563 7597 7619 7634 7674 7983 8079 8091 8034 7887 7741 7628 7926 8193 8508 8510 8363 8165 7829 7509 7753 7840 7876
7611 7653 7677 7693 7671 7686 7775 7788 7763 7736 7711 7724 7794 7813 7841 7864 7894 7894 7874 7851 7823 7714 7734 7862 7941 8053 8108 8097 8120 8190 8249 8261 8238 8177 8150 8100 8048 8212 8220 8362 8377 8367 8345 8311 8233 8119 7948 7833 7738 7596 7563 7540 7565 7629 7636 7534 7356 7282 7246 7391 7520 7571 7600 7662 7703 7626 7970 8110 8098 8032 7892 7702 7730 7982 8244 8482 8532 8393 8164 7894 7625 7784 7867 7893
7641 7676 7682 7662 7711 7717 7644 7653 7778 7775 7736 7767 7802 7759 7773 7803 7792 7837 7768 7730 7846 7817 7798 7904 7914 7987 8091 8086 8122 8130 8178 8189 8231 8228 8168 8051 8091 8249 8292 8319 8357 8339 8323 8306 8181 8100 7985 7867 7757 7596 7635 7688 7728 7730 7621 7430 7271 7338 7399 7457 7513 7588 7646 7652 7702 7650 7958 8112 8134 8067 7930 7846 7952 8099 8343 8474 8526 8387 8241 8015 7763 7750 7861 7913
7647 7649 7669 7682 7691 7712 7722 7722 7744 7793 7782 7788 7668 7728 7797 7796 7744 7747 7744 7728 7869 7912 7934 7998 7987 7981 7995 7985 8003 8056 8099 8171 8210 8226 8233 8193 8168 8242 8232 8279 8334 8333 8314 8288 8129 7965 7914 7808 7751 7725 7781 7873 7870 7755 7578 7357 7336 7367 7427 7479 7536 7578 7652 7696 7715 7696 7905 8090 8143 8099 8017 7912 8002 8147 8397 8497 8509 8392 8233 8076 7813 7640 7829 7917
7646 7658 7629 7643 7691 7700 7712 7743 7738 7739 7777 7788 7762 7763 7804 7767 7706 7656 7666 7685 7888 7947 7987 8030 8012 8010 7930 7905 7927 7962 8054 8110 8117 8169 8169 8229 8208 8195 8275 8281 8301 8323 8304 8270 8186 7892 7912 7686 7654 7826 7939 7970 7915 7700 7455 7284 7333 7330 7429 7524 7564 7622 7635 7662 7716 7741 7911 8059 8134 8149 8096 8023 8147 8350 8526 8547 8444 8345 8230 8101 7925 7540 7768 7933
7609 7632 7623 7624 7644 7660 7688 7703 7695 7699 7725 7724 7757 7769 7792 7742 7659 7561 7570 7636 7836 7909 7943 7998 7998 8006 7985 7961 7979 8007 8029 8073 8085 8080 8106 8194 8205 8209 8240 8259 8274 8278 8258 8229 8217 8114 7927 7857 7765 7897 8013 8005 7845 7599 7352 7352 7404 7421 7549 7559 7470 7618 7661 7666 7757 7735 7884 7997 8100 8171 8150 8040 8215 8423 8506 8529 8457 8364 8196 8016 7925 7635 7710 7954
7586 7604 7592 7622 7630 7625 7639 7645 7648 7646 7664 7680 7700 7724 7722 7753 7711 7681 7696 7725 7726 7739 7826 7918 7942 7974 7971 7966 7972 8015 8054 8041 8047 8057 8095 8133 8169 8172 8200 8230 8221 8220 8187 8227 8203 8186 8048 7989 8008 8054 8085 7966 7746 7412 7389 7330 7494 7578 7614 7589 7641 7666 7733 7812 7825 7825 7889 7866 8010 8149 8186 8035 8086 8450 8485 8491 8468 8383 8250 8064 7917 7651 7774 7944
7568 7565 7570 7579 7591 7583 7583 7596 7601 7606 7629 7645 7639 7666 7686 7703 7693 7694 7741 7746 7710 7656 7736 7866 7901 7892 7930 7949 7961 7983 7979 7933 7899 7987 8036 8063 8107 8151 8144 8117 8068 8110 8034 8122 8176 8182 8150 8107 8101 8092 8042 7872 7459 7274 7581 7503 7643 7670 7726 7749 7743 7768 7817 7843 7875 7897 7945 7987 8059 8159 8244 8147 8298 8466 8475 8491 8470 8395 8303 8175 7955 7611 7668 7927
7517 7492 7506 7514 7520 7533 7541 7551 7556 7565 7554 7587 7608 7594 7629 7662 7663 7652 7687 7712 7734 7753 7726 7829 7846 7866 7876 7900 7901 7920 7911 7852 7782 7837 7928 7976 8035 8089 8005 7973 7837 8014 8006 7952 8037 8144 8133 8084 7993 7976 7926 7745 7348 7292 7653 7726 7773 7780 7813 7823 7844 7852 7875 7906 7924 7964 8011 8051 8123 8183 8240 8262 8385 8447 8486 8463 8495 8421 8318 8251 8104 7828 7688 7754
7488 7467 7452 7467 7468 7462 7462 7516 7526 7519 7514 7526 7550 7532 7533 7557 7598 7624 7642 7662 7700 7727 7771 7794 7813 7810 7848 7848 7847 7852 7854 7797 7726 7679 7747 7913 7996 8031 7900 7876 7882 7927 7882 8023 8113 8096 8065 7988 7913 7884 7809 7598 7280 7418 7734 7808 7834 7867 7893 7925 7952 7939 7949 7940 7887 7897 8016 8051 8050 8077 8210 8275 8337 8411 8438 8470 8466 8414 8392 8287 8204 8014 7953 7825
7442 7432 7420 7417 7418 7430 7431 7442 7464 7469 7463 7466 7491 7470 7505 7519 7534 7554 7579 7591 7623 7646 7686 7727 7751 7766 7771 7796 7802 7811 7838 7797 7726 7602 7712 7912 7985 8038 8011 7978 7871 7830 7842 7914 8029 8045 7977 7824 7671 7598 7626 7425 7211 7536 7776 7880 7901 7923 7990 7999 7999 7988 7996 7941 7856 7870 8034 8005 7917 7963 8145 8230 8215 8364 8438 8456 8432 8431 8384 8318 8239 8129 8078 7903
7381 7390 7362 7352 7361 7399 7385 7398 7392 7407 7420 7413 7423 7403 7437 7449 7454 7461 7450 7476 7491 7501 7550 7587 7590 7619 7708 7756 7795 7792 7816 7829 7811 7768 7769 7840 7933 8003 8009 7991 7928 7837 7867 7925 7945 7936 7878 7428 7216 7116 7349 7409 7483 7704 7839 7919 7951 7977 8011 8048 8038 8029 7980 7900 7824 7936 8049 8020 8006 8015 8040 8040 7966 8274 8381 8407 8421 8426 8361 8312 8265 8210 8165 8088
7291 7311 7287 7301 7305 7327 7329 7317 7337 7332 7342 7332 7350 7365 7383 7395 7371 7392 7389 7378 7338 7319 7305 7256 7289 7501 7614 7665 7680 7714 7764 7771 7764 7780 7746 7722 7831 7939 7994 7959 7878 7833 7769 7755 7839 7776 7705 7607 7335 7276 7387 7479 7650 7776 7848 7829 7700 7813 8009 8055 8053 8011 7895 7778 7721 7890 8022 8089 8091 8052 8017 8042 8077 8247 8334 8374 8404 8410 8378 8323 8295 8251 8212 8153
7242 7255 7248 7229 7175 7216 7261 7283 7266 7260 7271 7282 7306 7296 7282 7260 7278 7306 7309 7297 7274 7222 7193 7211 7283 7322 7344 7367 7444 7566 7651 7704 7742 7751 7783 7797 7829 7875 7913 7923 7854 7863 7851 7813 7792 7740 7728 7654 7657 7652 7586 7654 7764 7836 7759 7641 7698 7898 8070 8072 8057 7990 7759 7613 7704 7905 8019 8094 8059 8016 7988 8026 8042 8113 8244 8316 8349 8339 8344 8329 8283 8254 8214 8166
