data/bioclim/bclim18.asc
NCOLS 300 
NROWS 196 
XLLCORNER -121.25 
YLLCORNER 31.1666666666667 
CELLSIZE 0.0416666666666667 
NODATA_value -32768 
[rows 0 to 49 of 196, columns 96 to 191 of 300]
51 60 77 84 72 54 50 50 50 51 54 60 61 58 60 62 70 76 80 79 67 63 62 61 62 64 71 80 70 62 63 62 61 64 67 66 71 70 67 67 71 74 81 82 75 82 71 66 66 68 74 87 82 75 76 71 65 62 64 84 94 94 117 125 123 79 58 58 58 61 77 106 113 115 97 89 61 53 50 50 50 49 52 55 61 60 55 50 46 44 44 44 56 83 67 63
56 76 76 86 61 50 49 49 50 53 57 68 62 59 59 62 67 75 75 84 70 62 61 61 66 66 66 71 64 61 61 61 61 64 72 70 71 68 67 69 85 91 88 88 80 86 71 66 66 68 74 84 79 79 76 74 76 65 67 86 107 106 119 100 113 81 58 58 60 64 79 98 115 138 125 100 67 53 50 50 50 51 54 58 68 70 63 56 48 45 45 46 72 72 63 57
61 77 75 72 53 49 49 49 51 56 63 69 65 60 59 64 75 75 79 78 66 62 62 66 75 70 68 70 63 61 61 61 63 66 69 72 69 69 69 71 88 98 91 93 88 87 73 68 68 68 76 81 73 76 81 82 74 67 70 80 98 98 117 93 80 66 60 59 63 76 92 105 112 125 109 86 64 53 50 50 51 55 60 63 82 82 69 58 50 46 45 53 70 75 66 58
69 85 80 58 51 49 49 49 54 66 71 72 64 61 61 63 72 71 78 71 70 63 64 76 83 75 69 69 64 61 61 63 63 66 68 68 66 67 74 66 73 85 82 87 93 85 74 70 69 70 73 75 70 73 81 93 83 72 69 75 82 87 100 107 74 63 60 60 65 76 97 91 93 107 101 80 60 53 51 51 53 58 66 71 74 76 68 57 50 46 47 67 99 88 71 56
74 85 71 53 48 48 48 51 58 75 77 69 63 61 60 62 64 69 82 78 74 66 69 86 85 75 69 66 64 62 62 65 66 69 68 65 64 67 68 63 68 76 79 83 89 84 81 74 72 70 70 70 68 72 85 110 90 77 71 72 79 95 93 106 75 62 59 59 73 83 83 78 73 72 69 61 54 52 52 52 60 63 67 65 65 70 70 67 55 45 47 65 100 81 68 57
82 72 51 48 48 48 49 53 63 77 77 74 70 63 61 62 65 69 77 83 80 71 74 91 82 72 68 65 63 63 68 74 71 71 67 65 64 65 62 62 68 76 77 94 93 87 87 79 75 72 69 67 68 72 80 106 101 79 71 71 76 89 90 79 70 64 62 62 78 88 79 72 69 63 60 56 54 52 52 52 57 62 66 59 62 64 73 74 61 49 46 51 72 76 65 54
73 53 47 47 47 48 51 56 61 78 87 84 71 63 62 63 66 70 77 86 85 78 76 86 77 71 66 65 65 65 71 80 79 71 68 62 61 62 62 62 65 72 77 88 89 85 87 78 75 72 72 66 66 66 71 97 106 80 73 73 76 82 91 83 67 64 61 64 88 107 95 87 74 63 57 55 54 53 52 52 53 56 59 56 56 61 71 74 74 64 49 46 54 59 59 51
64 50 47 47 48 49 52 58 66 79 86 84 67 62 63 64 68 71 82 82 74 78 74 80 77 71 67 66 65 65 71 81 80 72 65 61 59 62 62 61 64 71 80 89 85 83 80 75 72 72 68 66 65 66 69 90 95 80 73 74 77 83 89 77 69 64 63 66 77 102 130 110 83 68 58 55 54 52 52 52 52 53 53 53 55 59 79 84 86 88 65 55 48 51 53 50
55 48 46 47 47 49 56 65 69 77 81 70 64 62 64 65 71 78 86 75 67 71 71 79 79 68 68 66 65 64 68 72 79 74 65 61 58 61 62 58 61 68 78 99 91 85 80 72 69 69 67 65 64 65 68 82 96 86 75 76 80 89 91 77 69 66 63 63 71 99 147 122 94 79 64 57 54 54 54 54 55 54 54 54 54 58 67 76 86 95 70 60 53 50 53 48
52 48 48 47 48 51 57 64 74 78 75 66 61 62 65 68 73 81 78 70 65 65 68 80 73 70 73 68 65 65 68 68 71 71 69 61 56 59 61 57 60 67 79 108 90 82 76 73 69 68 67 65 64 64 65 81 107 91 77 81 89 91 97 87 71 65 63 62 68 91 132 121 109 102 80 64 57 55 62 65 72 62 59 57 56 57 61 65 73 86 69 65 55 52 54 50
52 48 48 48 49 52 59 64 70 72 69 63 60 62 67 75 81 80 69 65 64 65 70 73 70 76 81 70 65 67 68 65 65 69 70 61 56 56 56 56 59 67 82 109 98 88 80 73 69 69 70 64 63 63 66 83 96 90 79 87 98 93 106 86 71 65 62 62 64 83 126 120 103 87 79 70 62 59 61 73 77 67 66 63 59 57 58 62 66 72 71 63 56 54 58 52
62 49 47 47 50 56 64 73 77 69 63 60 61 62 75 87 88 82 66 64 63 67 79 74 70 83 74 71 64 64 64 63 64 67 73 63 61 58 53 53 57 64 82 99 93 77 78 73 70 70 68 63 63 63 68 86 95 84 83 85 93 92 94 78 70 65 64 64 64 77 118 128 113 92 78 69 64 58 60 66 74 79 78 73 65 60 59 65 69 68 68 57 54 56 61 52
74 50 48 48 52 60 79 101 87 68 62 61 61 66 80 100 88 74 66 63 63 68 81 72 66 69 69 69 64 64 64 62 63 66 72 67 67 62 55 52 52 58 64 69 71 74 76 75 75 70 68 62 62 64 71 90 91 82 85 85 88 92 85 75 68 64 64 64 64 76 114 110 107 104 77 66 61 58 58 63 74 83 84 76 73 62 62 73 73 66 62 58 56 58 55 50
72 50 49 49 52 62 80 103 92 73 63 62 63 74 82 98 87 72 64 61 64 69 77 67 63 64 70 70 69 64 61 61 64 69 77 72 69 59 54 52 52 54 57 61 65 81 78 73 69 64 61 61 62 64 80 96 87 82 83 92 92 85 76 72 69 65 64 64 65 74 96 94 91 107 75 63 60 60 60 63 73 73 74 86 78 67 70 75 67 64 60 57 55 60 55 51
64 52 49 50 54 60 70 86 81 78 68 61 61 71 84 95 87 70 62 61 66 74 75 70 63 61 70 71 66 61 61 61 66 79 74 66 66 59 51 51 51 54 54 60 65 73 76 68 63 61 61 61 62 66 79 89 84 79 84 99 94 78 72 69 69 72 68 65 65 70 81 86 83 95 72 60 60 62 62 65 65 67 70 83 75 64 64 77 68 64 60 57 55 54 52 50
58 49 49 51 59 68 83 78 73 73 65 61 62 73 79 88 77 67 60 60 68 79 85 76 64 60 63 68 63 60 60 62 68 76 71 63 58 54 51 51 51 52 54 64 64 68 74 66 62 60 60 60 63 78 95 92 82 77 79 96 114 83 71 67 69 78 74 67 67 69 72 77 76 74 66 61 62 70 72 72 67 67 69 67 61 59 61 87 74 68 63 57 54 52 52 52
57 48 50 53 60 72 81 77 75 66 62 62 62 70 75 78 72 64 59 63 71 84 83 85 62 57 61 66 61 59 60 63 70 69 64 57 54 52 50 50 50 51 56 72 72 69 74 67 62 61 60 61 63 77 94 92 80 76 75 84 109 82 69 67 68 72 80 72 68 68 69 71 71 68 66 63 65 74 90 81 72 71 69 61 58 58 58 73 81 71 63 58 53 51 51 58
55 47 49 55 63 69 66 64 66 63 60 62 64 71 75 68 69 64 60 68 71 70 73 78 57 55 57 59 57 58 66 69 69 69 62 54 51 49 49 50 50 50 61 76 78 73 72 69 66 63 60 60 61 67 79 86 79 75 73 77 94 76 68 68 68 72 83 78 69 68 68 69 66 65 64 64 68 77 94 83 76 71 66 60 58 58 58 73 101 85 71 60 52 52 55 71
48 47 51 58 66 66 63 58 60 63 61 63 68 75 64 61 64 66 60 63 67 62 60 57 53 54 56 57 57 57 62 66 66 66 55 49 49 49 49 50 50 54 80 82 77 77 77 74 64 63 60 60 61 63 70 79 83 83 72 75 89 74 68 68 68 70 77 82 71 69 70 73 65 65 65 66 70 77 94 86 78 73 65 60 60 60 60 68 89 91 69 58 54 54 65 94
46 49 55 60 63 63 57 55 58 62 64 69 75 70 61 57 58 61 59 63 63 54 51 51 51 54 62 56 56 56 60 64 63 56 51 48 48 48 48 49 51 56 78 83 87 77 74 69 62 59 59 59 61 62 69 87 92 77 70 74 86 74 68 68 68 69 79 84 73 72 73 76 70 65 67 67 72 79 99 95 83 78 67 62 60 60 61 70 80 77 66 56 55 55 76 104
46 52 59 65 60 57 54 54 58 63 63 71 66 61 56 55 60 63 66 70 69 53 50 51 51 55 59 56 56 56 60 60 63 55 49 48 48 48 48 50 50 56 71 88 85 79 68 65 61 60 59 61 61 61 69 90 76 70 70 76 84 73 69 69 69 69 71 74 76 78 77 80 79 69 67 67 74 81 96 100 86 80 69 65 62 62 62 69 93 78 63 57 57 59 74 91
46 51 57 57 54 51 51 58 65 67 66 69 71 60 55 53 60 61 67 69 66 53 50 48 51 53 60 57 57 57 57 57 57 50 48 48 48 48 50 50 52 62 72 80 87 78 65 62 61 59 59 59 60 62 77 76 70 70 70 78 76 86 75 68 68 68 71 73 84 86 86 80 78 71 69 68 73 78 85 91 87 80 72 67 64 64 64 73 95 76 62 60 60 61 69 80
47 48 51 51 50 49 51 58 67 72 70 74 73 60 53 52 54 58 70 68 64 53 50 48 49 57 62 57 57 57 57 55 52 47 47 47 48 49 50 50 61 74 82 82 77 69 62 60 59 59 59 60 60 65 78 75 70 70 72 72 72 80 72 69 69 70 71 75 83 88 98 89 80 74 72 70 71 76 81 86 86 80 74 70 66 66 70 84 101 74 68 64 62 65 72 78
54 53 48 48 48 48 49 54 61 68 75 76 69 60 52 52 53 58 70 71 66 53 49 48 48 50 56 62 59 56 61 59 48 47 48 48 48 49 51 56 73 94 96 79 71 66 62 59 59 59 58 59 61 66 81 76 69 69 76 69 71 85 77 70 70 70 72 75 78 91 98 100 86 77 74 73 72 74 85 91 86 81 77 72 70 71 83 104 99 78 73 69 67 69 77 80
64 56 48 46 46 47 49 51 57 60 62 65 59 59 51 51 51 55 68 68 65 55 47 47 47 48 53 64 56 54 58 54 48 48 48 48 49 49 53 61 77 104 96 75 68 63 60 61 58 58 59 60 65 67 73 73 69 75 75 67 68 76 81 73 69 70 74 81 83 95 97 88 89 87 84 78 75 73 80 90 95 92 82 76 73 76 98 108 93 84 78 78 69 72 77 77
58 53 49 47 45 46 49 53 58 57 57 54 51 52 49 51 50 55 61 63 59 52 47 47 47 47 51 58 59 56 51 51 48 48 48 48 49 53 58 64 81 103 83 69 62 60 62 60 58 58 60 65 68 65 68 70 74 75 67 66 69 74 78 75 70 71 75 84 99 97 89 85 88 84 87 95 86 77 78 87 100 97 84 79 76 75 88 98 98 90 88 84 71 71 73 71
51 50 50 47 44 47 52 58 61 56 54 56 51 50 48 49 49 52 57 62 54 49 47 47 47 47 52 58 58 53 49 48 48 48 48 50 54 69 74 74 87 86 71 62 59 59 67 63 59 57 59 62 65 64 67 72 76 68 64 65 70 76 80 75 70 71 74 82 99 100 88 83 80 80 83 98 101 80 78 84 94 102 89 83 79 77 81 89 95 87 82 81 72 68 66 67
49 49 46 43 43 48 54 59 55 57 51 53 53 48 48 48 48 49 54 59 54 47 47 48 49 50 49 50 47 47 47 47 50 50 52 59 69 85 85 84 84 71 64 59 57 60 60 60 60 60 59 59 64 62 66 74 74 65 62 65 71 77 76 72 69 69 71 76 84 93 86 81 77 76 80 88 94 82 78 83 94 110 94 86 81 80 80 83 87 82 78 78 82 67 66 66
47 50 45 41 41 45 49 53 53 49 49 56 53 49 48 47 48 49 54 57 57 49 48 49 52 58 52 49 47 47 47 50 52 56 66 79 80 95 80 76 73 65 60 56 56 62 58 57 63 67 64 59 59 61 63 68 66 62 62 64 68 70 71 70 69 68 71 73 78 91 97 85 78 74 74 84 95 85 79 82 89 106 101 88 83 81 79 82 86 87 77 73 76 66 64 66
46 48 43 40 40 40 43 48 49 48 45 53 53 49 46 46 49 51 56 62 59 51 49 51 57 60 57 50 47 47 47 52 58 61 71 85 95 85 73 73 65 60 58 56 58 62 55 56 60 68 70 66 61 58 61 63 63 60 59 60 62 65 72 76 68 68 69 70 73 78 87 88 79 73 74 82 94 89 82 81 84 90 98 93 86 80 78 83 81 82 79 72 69 67 65 66
46 45 40 39 39 40 40 43 48 45 45 50 52 48 46 46 49 54 59 62 63 52 50 53 61 62 57 49 47 47 47 52 60 68 77 87 86 72 66 64 60 57 57 56 58 55 55 55 57 62 69 80 71 63 58 61 65 60 59 58 60 67 72 89 73 68 67 70 71 75 79 84 81 75 75 84 97 91 84 81 82 86 92 95 90 80 75 80 76 81 81 69 67 66 67 67
44 44 40 38 38 39 40 40 42 42 42 45 45 45 45 47 52 61 74 74 59 53 51 53 59 66 59 49 46 46 47 53 63 72 73 83 75 69 65 61 59 57 56 55 57 58 55 55 57 62 67 82 79 68 58 60 65 61 57 57 58 62 70 93 79 70 67 67 69 72 74 77 79 76 80 86 96 96 86 83 83 86 88 82 82 81 77 72 72 72 71 66 66 66 68 68
44 44 40 38 38 38 39 40 42 42 42 42 43 43 46 51 56 62 73 75 61 53 53 54 59 67 62 51 46 46 48 54 64 73 67 67 65 65 62 60 58 57 56 59 60 55 55 56 57 62 69 82 81 67 58 62 69 60 57 56 57 61 68 85 83 72 69 67 67 69 71 74 70 74 80 92 103 96 88 83 86 94 87 76 73 75 72 70 70 70 67 66 66 67 68 69
39 41 40 37 37 37 38 39 42 42 41 42 42 43 47 52 58 70 70 76 66 58 55 55 58 64 66 54 46 46 48 56 67 67 62 57 57 57 62 72 59 57 61 66 65 54 54 55 58 64 69 69 73 65 57 62 64 59 55 55 55 64 72 86 88 75 75 70 66 66 69 69 69 74 79 88 95 100 90 85 85 79 74 71 70 68 68 68 68 67 67 67 68 68 69 70
37 40 39 37 37 37 39 39 40 40 41 42 42 43 46 49 54 58 60 66 70 63 57 56 56 60 69 58 48 48 51 57 63 59 55 53 53 55 63 79 61 60 64 73 66 54 54 55 57 66 71 64 62 62 59 66 61 56 55 55 55 61 69 87 97 75 69 71 70 66 64 66 71 74 81 83 87 90 87 81 76 71 68 68 68 68 68 68 68 67 67 68 68 69 70 70
37 38 39 37 37 37 39 39 39 40 42 42 42 43 44 47 50 52 55 58 67 67 59 56 55 58 70 61 48 48 53 58 57 54 51 50 50 52 58 74 62 63 68 78 61 54 55 55 56 66 67 60 57 55 59 67 61 56 55 55 56 59 66 77 85 70 65 64 66 66 64 68 73 76 81 83 79 81 86 77 72 69 68 67 68 68 68 68 68 68 69 69 69 71 71 72
38 39 41 41 38 41 39 42 44 44 42 42 42 43 44 45 48 50 51 55 60 70 63 57 54 53 58 53 50 50 53 56 57 52 50 50 50 50 52 71 64 68 69 68 59 56 55 57 57 57 63 56 52 58 61 67 61 56 55 54 57 59 65 70 71 65 61 60 59 63 66 70 75 83 88 85 78 76 76 73 69 69 69 68 68 68 68 68 68 69 69 69 72 73 73 73
39 41 42 43 41 39 39 44 48 49 44 44 43 43 44 45 46 47 50 52 55 65 67 58 55 53 53 50 50 50 55 60 57 52 50 49 49 49 52 60 66 70 67 67 61 58 57 60 59 56 53 50 54 59 63 70 63 56 54 54 57 62 63 67 69 63 59 58 58 61 66 71 77 85 85 80 75 73 71 73 69 68 69 69 69 69 69 69 70 70 73 79 77 76 75 74
41 42 45 43 41 38 39 43 49 52 48 44 44 42 43 45 45 47 47 49 52 62 64 59 55 53 53 55 52 55 59 57 52 52 47 47 49 49 54 59 67 72 69 71 66 63 60 63 56 56 49 50 55 59 65 70 62 57 54 54 59 67 67 69 78 68 59 57 60 63 68 73 80 82 79 75 73 73 73 73 70 68 68 71 71 69 69 70 70 70 82 90 84 80 77 77
43 42 41 41 38 37 37 38 41 45 48 49 45 42 42 43 46 47 47 47 51 59 64 60 55 52 54 57 57 55 59 54 49 47 47 47 49 51 56 61 66 72 72 73 75 73 63 59 51 49 56 56 58 63 69 73 62 58 55 56 61 68 69 69 74 69 58 58 63 66 70 75 78 79 77 75 76 77 80 80 75 73 73 73 71 69 70 71 72 74 86 94 89 82 80 81
42 39 38 38 36 34 34 35 36 39 45 52 49 43 42 43 45 44 44 46 49 56 59 56 52 51 52 57 55 54 54 52 49 49 48 48 49 53 66 68 73 76 71 73 85 75 62 54 48 52 55 52 54 58 61 62 60 57 56 58 64 73 71 67 64 60 60 60 63 70 77 82 79 79 77 77 79 80 80 80 82 82 75 74 73 71 71 71 77 78 79 83 91 90 87 83
40 38 37 35 34 34 34 35 36 39 44 50 51 45 43 44 47 45 44 44 46 54 56 53 51 50 52 58 58 54 52 50 49 49 50 51 54 56 66 65 68 66 63 68 72 61 53 49 45 50 50 51 54 58 58 57 58 57 61 65 71 75 71 66 60 58 62 60 60 68 74 78 79 77 74 77 79 79 79 79 76 77 77 77 73 71 73 78 88 81 83 84 90 95 95 90
38 37 34 34 36 38 39 39 39 39 41 46 46 46 44 46 46 44 44 44 44 50 53 51 48 49 54 63 64 56 53 51 51 53 58 66 61 58 55 55 57 60 57 70 72 61 50 46 45 50 49 53 60 65 59 58 57 58 64 71 80 77 71 65 58 65 68 68 67 67 73 74 72 73 74 77 77 79 84 84 82 77 80 75 73 75 80 83 92 89 93 91 93 102 109 104
38 34 34 42 51 50 42 40 41 39 41 45 48 45 44 44 44 43 41 41 43 46 56 48 48 48 54 62 71 60 54 56 56 56 63 73 65 56 53 51 51 52 54 67 63 57 50 46 42 49 52 56 72 72 61 58 57 58 64 75 87 80 71 58 62 74 76 74 73 72 72 70 71 72 74 74 72 77 86 88 80 79 92 82 80 83 86 83 89 89 94 107 107 94 90 91
34 34 34 40 47 50 42 39 40 41 43 45 45 43 43 43 42 41 41 42 43 46 53 48 47 48 52 62 67 58 53 51 51 54 60 70 74 60 54 49 49 49 52 62 58 55 52 47 44 44 50 60 77 77 64 59 56 58 63 73 83 79 72 65 58 76 83 79 76 74 74 76 72 74 76 79 70 74 82 90 87 81 80 84 88 90 83 90 100 100 100 111 120 99 81 79
34 34 34 34 36 38 36 37 38 41 43 43 42 42 41 41 41 41 41 43 43 51 53 48 48 48 55 67 67 56 52 48 48 53 60 67 83 65 58 50 48 46 48 52 59 60 60 52 44 42 46 58 63 70 63 56 55 57 62 71 74 79 72 67 56 71 79 76 74 76 76 76 78 76 76 79 68 64 72 85 82 79 79 74 75 77 78 82 93 101 102 114 127 119 92 77
36 34 34 34 31 36 38 39 38 40 40 43 41 41 41 44 42 42 43 43 48 55 57 50 48 51 67 67 59 53 48 47 47 49 55 63 73 62 58 52 48 46 46 48 55 66 67 55 45 42 44 53 56 58 58 55 54 56 61 72 80 78 69 64 55 61 71 71 65 73 81 81 81 74 68 68 63 61 63 66 69 78 82 72 65 67 71 79 92 97 104 127 136 101 87 79
40 36 32 31 30 32 40 38 41 40 40 43 41 43 45 46 45 43 46 48 54 59 61 55 50 57 67 57 52 49 46 45 45 46 52 59 66 58 54 52 48 47 46 47 57 77 76 62 49 43 43 51 50 52 55 54 54 57 63 71 86 79 69 61 52 51 63 63 60 68 77 87 85 75 62 65 61 57 55 61 77 75 70 63 60 64 69 86 106 123 124 133 120 89 77 70
42 36 32 30 29 30 36 38 38 38 41 43 45 47 47 47 47 48 52 53 56 60 61 58 57 62 64 56 49 45 44 44 44 44 46 47 49 51 55 51 50 48 46 44 52 67 69 62 58 46 41 45 47 50 54 54 56 60 65 78 78 71 64 56 56 56 51 51 56 64 74 71 67 63 57 59 57 54 52 57 63 62 62 57 57 64 69 81 93 111 122 94 88 79 66 69
39 35 31 27 27 27 30 34 34 38 45 47 50 45 49 48 49 50 51 56 57 59 63 63 61 64 59 61 59 48 46 44 44 44 44 45 46 49 55 55 53 50 45 44 46 52 62 58 58 48 43 40 46 52 58 56 66 64 68 76 63 57 53 53 60 56 45 49 56 67 70 61 60 58 52 52 52 50 50 52 55 56 54 54 62 67 68 70 84 84 82 75 72 62 59 63
