data/bioclim/bclim7.asc
NCOLS 300 
NROWS 196 
XLLCORNER -121.25 
YLLCORNER 31.1666666666667 
CELLSIZE 0.0416666666666667 
NODATA_value -32768 
[rows 41 to 81 of 196, columns 0 to 92 of 300]
319 320 320 319 320 321 322 323 324 325 325 326 327 328 329 330 332 333 334 336 338 340 344 344 345 341 344 344 345 342 343 336 328 328 337 330 326 314 299 287 283 277 278 277 274 275 278 284 296 283 282 298 296 284 287 295 299 317 323 336 339 334 332 338 346 358 386 400 406 392 338 292 277 305 344 375 408 421 423 410 385 375 375 397 415 418 419 415 412 399 390 376 380
320 320 321 322 322 322 323 323 324 325 326 326 327 329 329 331 331 332 333 334 337 339 342 343 345 345 339 339 334 337 335 336 329 325 330 311 309 320 310 296 287 283 283 282 274 279 287 293 302 304 301 308 291 281 274 274 276 282 293 319 325 331 335 342 346 363 385 401 408 404 349 293 279 293 309 334 368 400 419 419 406 386 373 376 386 393 391 393 393 386 377 382 393
322 322 323 323 324 325 324 325 326 327 326 327 328 328 329 329 330 331 333 335 336 338 340 343 345 346 344 344 339 335 336 334 335 331 325 316 302 315 319 308 294 287 282 282 282 281 292 299 303 329 303 298 293 286 285 276 271 272 279 278 286 296 336 354 365 378 388 402 409 411 374 318 286 291 307 316 335 372 403 418 416 396 390 384 373 369 355 349 365 371 376 391 400
326 324 324 324 325 325 326 327 327 327 327 327 327 327 327 328 328 330 332 334 337 339 340 343 344 345 347 346 342 343 342 339 341 339 335 329 329 305 308 305 292 280 280 289 297 295 295 298 326 318 293 283 279 273 277 277 273 272 271 273 284 278 339 376 379 383 394 401 407 411 390 345 310 295 299 311 332 351 383 407 415 412 405 395 383 372 358 350 353 366 375 383 396
329 327 326 326 327 328 328 328 328 328 329 328 327 327 326 326 328 329 332 335 337 338 339 341 344 345 346 346 343 344 347 344 343 343 338 340 332 317 319 306 301 291 285 292 310 312 304 314 325 312 305 290 276 275 278 276 279 277 275 271 275 276 340 382 389 388 393 400 408 412 404 353 315 298 310 321 337 352 375 387 406 412 404 386 376 380 372 360 356 365 383 394 401
328 328 327 328 330 330 331 330 330 329 329 329 328 327 326 326 326 328 331 333 336 337 340 340 342 344 346 347 347 346 345 344 345 346 343 340 339 334 330 326 306 292 281 291 318 323 327 332 301 289 302 300 287 288 290 287 277 273 269 268 268 285 334 374 385 390 398 404 409 412 408 368 334 298 309 331 349 385 402 380 403 406 394 372 359 360 367 359 352 370 392 399 401
328 328 328 329 331 331 331 331 331 330 329 329 328 327 327 327 327 329 331 334 336 336 339 340 342 344 345 347 347 347 345 346 347 347 348 342 342 342 340 334 323 307 301 285 305 330 338 326 309 289 285 298 301 297 291 281 277 271 267 266 274 287 277 340 360 374 391 401 407 411 411 379 332 315 326 358 384 404 397 409 423 421 403 398 387 373 367 370 380 390 396 396 393
327 327 327 329 331 333 332 331 331 331 330 329 328 328 328 328 329 331 333 335 336 338 339 342 342 344 345 346 347 347 348 347 347 348 346 344 339 334 340 336 330 325 308 289 300 321 331 296 281 275 278 278 286 292 296 280 269 271 268 266 271 270 279 319 337 352 359 371 401 409 411 394 345 333 348 382 404 406 384 416 425 425 423 413 369 378 395 398 400 401 388 382 382
326.000000000000000 328 326 328 330 332 331 331 332 331 331 330 329 329 329 330 332 334 334 335 337 339 341 342 342 343 346 346 347 348 348 348 348 347 344 345 341 338 333 330 330 335 318 298 298 323 326 279 275 275 276 275 273 273 285 281 273 270 270 274 269 265 274 299 309 299 304 323 377 407 409 401 345 338 348 377 403 383 378 414 421 424 425 421 392 359 405 416 418 415 404 396 390
326 327 327 326 327 329 330 331 331 332 332 331 331 332 333 333 334 335 337 338 339 340 341 342 343 343 345 346 347 347 348 348 347 346 345 346 342 340 340 340 338 338 336 316 308 329 328 287 280 279 277 276 274 272 274 282 279 281 275 267 268 266 272 284 286 276 286 295 359 402 407 407 385 359 340 350 355 342 370 388 415 424 424 424 415 387 402 421 423 421 410 392 378
326 328 327 326 323 325 327 329 330 331 332 332 332 333 334 334 334 335 338 338 339 340 341 342 343 344 345 346 346 348 348 348 348 347 347 345 344 340 340 341 339 339 338 333 328 335 321 314 287 276 275 272 272 272 273 272 271 271 272 273 271 264 269 272 277 272 278 284 322 377 403 407 404 388 361 332 330 338 353 365 400 421 423 424 416 403 395 409 423 422 415 398 380
325 328 326 322 321 323 325 327 329 330 331 333 333 333 334 335 336 336 338 339 340 341 342 342 344 345 345 346 347 348 348 349 348 348 347 346 344 342 342 338 339 340 338 337 336 326 307 295 280 276 274 272 270 274 276 274 276 272 269 269 268 266 264 265 272 267 275 292 321 364 394 404 407 388 365 348 334 349 350 371 398 418 418 422 423 419 407 390 421 423 419 406 391
325 326 321 324 318 319 322 325 328 330 331 332 333 334 335 335 336 337 338 340 341 342 342 343 344 346 347 347 347 348 348 348 349 349 347 346 345 344 345 338 340 336 336 327 329 321 301 303 290 276 280 274 271 271 276 275 278 275 269 266 264 264 266 274 269 264 271 279 305 346 371 398 405 378 339 333 331 336 359 375 396 400 412 414 421 421 420 389 413 423 421 411 398
323 322 315 316 315 318 322 324 327 329 330 332 333 334 335 336 337 338 338 341 341 342 343 343 344 346 347 347 348 348 348 349 348 349 349 349 349 345 345 343 341 335 334 327 324 316 307 319 314 290 294 277 274 273 275 282 275 274 273 269 267 268 267 275 276 274 268 267 285 338 375 394 402 391 324 311 322 321 349 364 382 377 396 394 417 420 414 384 403 418 422 419 410
321 324 320 320 326 326 324 325 327 329 330 331 333 334 335 337 337 339 338 339 341 342 343 343 344 346 347 347 348 348 348 349 348 349 350 350 349 348 346 341 340 337 333 331 330 329 327 327 329 305 298 289 279 277 284 278 272 270 271 270 268 272 282 278 279 270 267 266 274 329 377 394 400 393 341 311 314 301 334 358 378 383 386 379 399 409 398 382 384 414 421 422 422
324 327 325 321 321 327 326 327 327 328 329 330 333 335 335 337 338 339 340 340 342 343 344 343 344 346 346 347 348 348 348 348 348 349 349 349 349 348 345 344 343 341 339 334 330 330 331 330 330 324 321 307 275 279 293 274 272 272 279 275 273 273 299 303 279 271 269 271 270 305 368 394 400 393 340 307 294 301 333 376 393 394 387 384 379 395 391 362 367 407 419 416 422
324 327 328 326 327 324 328 329 332 331 329 331 332 333 335 337 337 339 340 340 342 343 344 344 344 346 346 348 348 347 348 347 349 348 347 348 348 347 344 343 342 342 335 332 331 331 331 329 330 327 331 316 286 306 290 274 273 277 287 291 304 294 290 277 269 271 271 268 267 289 351 392 398 398 367 331 307 301 332 384 406 406 401 388 374 405 395 348 370 403 404 397 416
323 325 331 331 336 335 332 334 338 340 335 333 333 334 335 337 338 339 340 341 342 342 344 345 344 345 346 347 346 348 347 348 347 346 347 347 346 345 344 343 343 342 339 333 331 330 329 334 330 330 329 330 331 318 307 303 283 278 303 308 273 270 272 271 269 278 272 272 272 275 310 386 396 399 387 357 327 326 371 402 410 411 412 402 396 413 390 349 349 392 368 362 402
324 328 328 335 337 341 340 341 342 342 341 335 335 335 336 338 339 339 340 342 343 342 343 345 344 345 346 347 346 347 346 346 346 346 345 344 344 344 343 342 342 342 340 335 332 335 334 332 329 328 328 330 330 332 334 335 332 333 313 280 277 282 272 270 275 293 277 275 269 270 316 373 393 398 396 383 348 328 371 404 410 411 412 412 413 414 392 373 364 383 365 358 383
321 327 331 336 340 340 341 344 347 345 342 337 336 337 337 338 340 340 341 341 343 343 343 344 344 345 346 345 346 346 346 345 346 344 344 343 342 342 342 342 341 341 340 338 338 335 335 329 328 328 328 327 332 317 302 294 323 323 328 313 317 316 292 292 306 282 270 267 267 270 313 362 387 395 397 396 373 314 328 383 409 410 412 413 412 396 384 398 389 388 361 349 369
317 328 333 336 338 339 341 345 346 341 343 342 340 338 338 339 340 341 341 342 342 342 343 344 344 345 345 345 345 344 345 345 345 343 343 343 340 340 341 341 341 340 339 340 338 337 332 330 329 328 328 324 319 319 292 287 301 281 295 287 286 296 307 304 292 287 280 273 268 270 302 352 377 390 395 397 388 322 318 361 405 410 413 413 413 406 394 403 396 392 364 358 376
316 328 333 337 337 338 335 344 348 348 352 354 349 341 339 340 340 341 342 342 342 342 342 343 343 343 345 344 345 344 345 345 344 343 342 342 342 341 341 341 341 341 340 340 336 338 333 329 329 328 328 329 330 315 292 279 282 275 278 278 272 276 288 290 275 267 265 271 266 266 283 336 364 383 392 395 394 345 299 331 379 408 411 412 414 414 411 400 400 385 379 365 388
311 321 333 337 338 337 338 341 351 352 355 355 354 345 342 341 341 341 342 343 342 342 342 343 344 343 344 345 345 344 344 345 344 343 342 341 342 341 341 340 339 341 341 340 339 339 339 333 332 331 329 330 330 328 320 301 287 277 274 271 271 275 273 273 277 268 260 264 261 261 273 298 349 373 386 391 394 375 315 311 351 396 411 412 414 414 414 400 400 388 386 373 384
312 328 334 337 339 344 345 350 351 353 356 356 357 350 343 343 342 342 342 342 341 342 342 342 343 344 344 343 344 344 344 344 343 343 342 341 341 340 340 340 341 340 340 341 341 340 340 339 336 331 329 330 331 332 331 319 305 293 281 275 272 268 266 268 268 268 259 266 266 263 261 279 329 359 372 380 391 391 359 303 326 350 395 406 410 412 413 404 395 381 380 388 383
321 325 334 335 328 333 348 351 352 352 352 353 353 348 352 347 346 344 343 343 342 342 343 343 343 343 344 343 342 343 343 344 343 343 344 343 342 341 341 340 341 341 340 340 339 340 340 339 336 331 331 333 331 333 332 333 331 307 289 286 280 271 266 267 265 264 265 268 270 267 262 265 302 344 361 376 389 390 380 333 317 320 338 377 375 386 404 403 381 361 368 379 391
324 330 337 339 334 328 343 342 348 354 354 356 356 354 358 355 351 347 345 343 342 342 343 344 342 342 343 343 343 343 343 344 342 343 344 343 343 342 342 342 341 340 340 340 339 340 339 340 339 336 336 335 332 335 333 332 338 334 315 298 295 297 290 281 269 260 262 269 276 267 261 261 272 311 351 369 383 388 390 381 356 339 317 347 359 354 363 383 375 349 349 367 385
324 332 337 341 344 340 339 338 348 355 356 356 357 361 361 362 362 356 350 346 344 344 343 344 343 342 342 343 344 343 343 344 343 344 343 343 343 342 342 341 340 340 339 340 339 339 339 338 338 336 338 337 334 339 336 336 340 331 340 339 324 308 299 278 264 266 260 263 279 267 263 264 264 273 310 354 375 386 389 390 387 373 344 324 342 355 359 353 359 361 358 372 390
324 331 335 342 344 345 346 344 336 342 352 359 360 361 362 359 359 363 357 351 346 345 343 344 344 342 342 342 343 344 344 344 343 345 345 343 343 343 343 341 340 340 340 340 339 338 337 338 338 338 339 339 338 339 335 340 343 344 339 320 299 278 277 273 265 267 272 273 282 271 269 268 265 272 277 309 362 385 387 389 389 387 373 344 341 357 365 368 367 394 400 397 387
318 324 330 339 341 343 348 347 343 346 342 351 357 358 361 360 363 362 361 355 348 346 345 343 343 343 343 342 343 343 344 344 343 344 345 344 345 344 343 343 342 340 341 338 339 338 337 337 338 338 338 339 340 341 340 341 346 341 330 331 316 301 275 273 265 265 269 279 283 267 269 274 271 274 276 310 354 383 385 387 388 389 382 347 335 359 367 369 377 397 409 413 405
293 303 311 326 336 344 347 351 349 345 352 344 338 329 334 350 362 363 362 358 352 348 346 345 344 343 343 344 343 344 344 344 345 345 345 345 345 344 344 343 342 342 341 340 338 338 337 336 337 337 339 339 340 341 342 343 343 342 319 308 283 279 271 264 263 263 266 275 287 275 274 276 277 278 276 296 342 381 383 385 386 385 378 363 343 361 369 374 379 395 412 413 413
268 287 309 327 336 342 345 348 342 339 342 351 340 326 317 318 343 351 361 363 361 353 349 346 345 343 343 344 344 345 345 346 345 346 346 346 346 346 345 345 344 342 341 340 339 337 336 336 337 338 339 339 340 342 341 343 339 338 334 324 304 275 271 268 272 272 265 275 295 280 279 280 284 285 279 289 325 377 382 383 382 377 373 372 368 367 367 368 381 398 409 413 414
264 273 294 315 330 337 338 342 347 344 330 334 346 342 328 331 335 346 350 349 360 363 354 349 346 345 345 345 346 346 347 347 346 347 347 346 346 347 345 345 345 342 342 340 339 338 337 336 337 338 340 341 341 342 343 342 339 323 318 298 289 276 270 269 276 286 274 273 295 274 272 272 283 287 286 285 337 376 379 379 371 355 353 364 368 362 362 363 381 392 393 409 413
273 272 280 299 309 322 329 334 348 352 352 346 345 346 360 364 363 364 363 361 365 364 359 352 348 347 348 348 348 348 348 348 348 348 348 348 348 348 347 347 346 345 344 342 341 340 338 338 339 340 341 342 343 344 346 347 342 322 333 337 315 281 276 271 279 297 284 275 300 281 279 277 277 285 279 278 330 372 376 372 362 339 330 345 355 357 357 368 379 380 371 400 410
293 275 276 286 302 318 331 340 339 347 353 356 349 353 349 360 365 366 364 364 363 362 359 354 351 350 350 350 350 350 350 349 350 349 349 349 348 349 349 348 347 346 345 344 343 342 341 341 341 342 343 343 344 346 345 345 345 341 347 344 320 295 304 280 284 301 300 298 298 311 299 286 282 294 288 283 330 361 372 367 359 335 323 331 329 344 356 369 378 369 357 390 407
290 290 276 280 289 305 321 333 340 343 350 354 352 361 357 351 352 357 365 362 357 357 357 357 353 353 352 352 352 351 352 351 351 350 350 350 351 351 350 349 348 347 346 344 344 342 342 342 343 342 343 345 347 348 348 347 346 345 350 345 327 324 310 279 278 287 301 308 307 312 281 280 284 293 296 290 300 346 368 370 361 352 331 327 320 331 349 360 372 366 348 388 405
286 283 283 281 285 295 309 322 333 339 348 353 355 347 355 364 361 360 365 365 359 355 355 356 356 355 355 354 354 353 353 352 353 352 351 352 352 351 352 350 350 349 348 347 345 345 344 344 344 344 345 346 347 348 349 350 350 349 349 348 335 320 318 307 291 293 310 317 319 308 284 283 285 288 291 295 299 341 365 366 352 350 342 340 332 334 346 354 366 359 334 371 401
290 287 287 288 286 288 298 311 324 331 344 350 355 355 351 354 364 365 365 364 362 361 358 358 358 359 359 358 356 354 354 353 353 353 353 352 352 352 352 352 351 351 348 347 347 346 345 345 345 345 345 346 347 348 349 350 351 353 353 341 313 298 299 287 281 286 302 311 300 305 295 286 288 286 294 305 291 330 366 367 351 354 355 355 355 347 344 348 353 349 329 363 396
280 287 295 299 293 292 297 298 313 331 336 343 351 356 358 350 350 362 365 365 365 363 365 365 361 363 364 363 360 357 355 354 353 353 354 354 353 352 353 352 352 351 350 349 348 347 346 346 346 346 346 347 347 348 349 351 351 352 350 344 340 321 316 290 276 300 318 307 279 281 292 283 293 299 309 301 292 329 365 375 370 362 359 369 369 355 349 344 343 346 335 353 393
269 276 287 300 304 306 305 299 304 321 336 344 349 353 357 358 352 345 351 363 364 366 367 366 366 364 364 366 365 362 358 355 355 354 355 354 354 354 354 353 353 352 350 351 348 349 348 347 347 346 347 347 348 349 350 351 352 352 351 349 336 333 312 282 297 316 323 300 274 276 282 283 292 302 315 314 305 310 355 376 377 373 365 374 374 364 354 351 344 346 349 359 383
259 267 275 284 296 308 312 312 300 313 328 338 346 351 354 357 356 354 354 348 348 352 361 365 368 366 365 365 365 365 361 357 356 356 355 355 355 355 354 354 353 352 351 351 350 349 348 348 348 347 348 347 348 348 350 351 353 352 346 340 317 302 291 290 306 320 327 310 290 274 287 298 309 317 318 313 312 305 335 372 376 368 359 382 391 379 366 359 345 343 350 359 381
261 264 265 274 283 299 308 311 314 308 325 336 343 348 352 353 353 357 361 361 352 338 337 353 361 365 367 365 363 364 362 359 356 355 356 355 354 355 354 355 353 353 352 352 350 350 350 349 348 348 348 348 349 349 350 351 352 352 353 344 337 323 301 293 295 312 327 301 287 273 276 287 301 314 317 300 301 303 320 352 375 364 365 392 397 395 389 379 353 343 348 358 370
