data/bioclim/bclim1.asc
NCOLS 300 
NROWS 196 
XLLCORNER -121.25 
YLLCORNER 31.1666666666667 
CELLSIZE 0.0416666666666667 
NODATA_value -32768 
[rows 0 to 41 of 196, columns 188 to 281 of 300]
91 64 77 82 88 93 96 96 96 99 100 101 102 101 101 100 100 99 99 100 101 103 104 105 103 93 75 62 44 53 85 90 86 73 79 91 93 76 56 54 65 85 88 83 63 42 18 11 18 26 42 51 31 40 32 51 64 77 82 84 83 83 83 84 83 84 84 82 85 93 95 96 100 99 92 85 83 88 93 96 104 94 71 66 58 53 48 41 48 56 62 58 54 53
75 74 82 87 91 94 96 97 99 100 101 101 101 101 101 100 100 100 99 100 102 103 104 105 103 96 85 61 57 65 90 90 78 59 66 84 94 87 70 71 69 87 86 73 45 33 14 9 14 21 40 55 48 54 71 75 76 80 84 86 85 83 83 80 79 77 78 79 87 91 94 96 100 102 98 92 93 90 88 95 101 95 90 83 63 46 44 44 47 52 55 51 55 67
77 72 80 88 93 96 97 94 97 100 101 102 102 101 101 100 99 100 101 101 102 104 104 105 104 101 94 86 79 76 87 89 76 60 74 84 94 92 82 79 84 88 75 50 34 23 10 14 17 29 28 47 28 37 50 77 82 83 85 86 87 85 84 78 72 69 68 66 73 89 95 97 98 101 101 94 100 99 91 93 106 98 92 86 78 67 47 41 52 47 51 49 58 71
50 60 75 89 95 98 98 97 97 100 101 102 102 102 101 100 100 101 101 102 103 104 104 105 104 103 99 90 86 83 67 74 75 63 77 80 93 93 87 86 87 82 59 36 28 18 9 19 37 46 44 51 42 49 66 80 84 86 87 89 88 87 86 88 85 77 66 68 84 90 93 94 96 101 94 85 90 92 103 103 100 96 92 87 82 72 58 44 54 49 51 60 75 83
49 66 79 90 97 100 101 101 101 102 102 102 102 102 102 102 102 102 102 103 102 103 105 105 105 104 102 97 91 81 62 50 78 67 70 79 93 93 92 90 88 78 55 35 31 18 9 19 24 29 44 62 43 51 78 83 86 87 88 90 91 89 89 87 86 84 83 83 85 90 94 96 97 103 103 88 88 91 97 107 96 91 88 85 85 80 69 61 57 61 70 66 69 80
77 72 82 92 99 102 103 104 103 103 103 102 99 100 102 102 102 103 103 103 102 103 105 106 105 104 102 97 89 73 44 50 78 70 69 80 89 93 92 89 85 78 67 59 43 23 12 10 20 16 30 54 67 76 82 85 87 88 88 89 90 92 89 85 88 87 84 79 82 85 92 98 101 105 106 99 90 102 110 108 101 103 97 92 84 76 78 72 71 71 81 86 89 87
95 89 90 97 102 105 104 104 104 104 102 96 92 93 101 102 103 103 103 104 103 102 105 106 105 104 100 95 84 65 35 53 78 65 57 77 88 94 93 87 83 67 43 38 23 11 17 33 41 36 24 34 52 76 84 87 87 85 88 89 91 90 85 84 89 94 95 90 86 83 92 99 104 106 108 106 101 110 114 112 106 102 96 89 85 80 86 79 83 79 80 95 104 106
102 98 96 100 103 105 105 105 104 103 97 83 92 96 100 102 102 103 104 104 105 105 106 107 104 102 97 91 74 50 26 46 75 72 66 80 90 94 91 85 78 64 50 30 26 14 14 23 36 43 46 50 53 71 80 84 84 86 89 90 89 87 85 82 90 91 92 97 95 97 101 101 106 108 110 111 112 113 114 113 112 109 101 101 97 98 95 91 92 92 93 99 107 109
99 100 97 101 104 105 106 106 104 99 85 80 93 98 101 102 103 104 104 105 105 106 106 107 105 102 98 87 64 40 28 37 61 75 79 86 93 94 83 76 61 50 43 38 43 34 25 33 41 40 40 58 76 79 82 82 84 87 89 89 87 85 85 85 88 88 89 89 90 95 103 103 109 109 111 112 113 114 115 114 114 113 111 106 105 103 104 103 105 105 108 109 112 113
96 99 96 101 104 105 105 106 103 91 84 85 92 97 100 101 103 103 104 105 106 106 107 107 106 102 92 81 63 37 31 41 49 69 77 91 94 90 81 73 72 62 49 51 51 50 44 39 41 51 65 69 82 83 82 82 87 88 89 86 82 86 84 82 85 85 85 83 85 89 97 105 111 111 111 113 114 115 115 115 115 115 113 111 112 110 111 112 110 111 112 113 115 116
95 97 92 99 104 105 105 105 100 81 81 83 88 96 100 101 102 103 103 103 105 106 107 107 105 93 70 48 40 43 41 45 56 69 86 93 91 85 77 73 79 70 65 55 62 55 45 45 56 70 79 83 85 81 77 86 88 88 87 82 77 82 77 76 79 80 80 79 80 84 93 108 111 113 112 113 115 116 116 115 115 115 115 115 114 113 114 114 113 113 114 115 115 116
98 95 89 98 105 106 105 102 94 81 79 81 88 95 101 101 102 103 103 103 106 107 107 107 103 81 49 32 24 38 51 56 64 85 92 88 81 78 69 64 67 47 53 48 62 54 43 44 55 70 83 86 83 86 85 91 93 90 84 76 75 73 72 74 76 79 80 82 83 85 98 112 114 114 112 113 114 115 118 117 115 116 115 114 115 116 116 113 112 112 115 117 117 115
97 94 96 102 105 105 105 101 94 85 82 92 96 99 99 100 101 102 102 103 107 107 106 106 100 67 43 28 39 48 61 70 85 92 91 84 72 74 63 53 56 44 36 41 51 52 45 49 73 81 85 85 88 93 92 96 94 87 78 72 72 70 72 73 77 78 80 83 87 89 105 113 114 115 113 112 114 117 119 119 117 117 114 115 117 117 117 116 113 110 110 114 118 117
97 93 99 102 105 105 105 101 90 90 91 96 98 96 94 97 97 98 99 101 104 100 99 97 88 72 45 45 46 59 72 86 92 93 89 76 62 62 65 54 43 23 22 26 29 40 50 53 71 74 79 82 88 94 97 99 93 85 77 81 85 79 78 78 79 83 86 90 93 103 112 113 114 116 116 115 115 116 119 121 121 118 116 117 115 116 117 117 118 115 114 113 115 119
100 100 102 104 105 105 104 98 92 96 97 96 95 89 93 92 87 93 93 96 98 86 73 61 67 74 60 51 50 62 80 92 93 86 79 61 58 59 57 41 28 16 6 9 19 32 44 45 62 71 81 87 93 96 99 98 93 86 91 92 85 79 80 80 82 88 92 97 100 108 110 111 113 116 116 117 117 116 118 120 119 118 117 116 111 109 114 118 119 119 117 116 118 121
101 103 104 103 100 100 97 92 96 98 98 96 96 93 93 87 82 85 83 85 82 68 58 59 53 48 42 43 59 75 89 93 84 66 47 43 49 56 58 30 12 16 8 19 17 19 32 42 55 64 81 91 93 97 99 98 98 96 102 92 84 82 84 89 90 95 97 100 106 108 110 112 114 114 115 115 114 114 115 118 119 116 113 112 108 107 113 112 114 121 122 118 116 114
104 105 105 97 90 88 85 94 98 98 98 97 96 93 90 89 85 84 82 80 77 58 51 61 52 40 39 56 84 92 94 88 56 22 17 25 46 54 57 30 13 12 15 28 18 15 34 48 56 79 92 92 92 98 95 93 90 93 103 94 88 90 93 98 97 100 103 105 107 108 108 110 110 112 112 111 111 113 113 115 119 115 114 110 110 110 109 110 115 116 120 124 124 116
104 105 100 82 71 82 90 94 97 98 98 98 96 90 80 89 87 85 82 82 76 64 58 61 59 59 65 80 90 89 92 78 52 15 11 17 45 57 55 24 -2 20 28 29 29 26 31 53 69 86 92 94 98 100 96 93 93 96 106 101 98 99 101 103 106 106 106 106 106 106 107 108 109 110 108 109 111 112 113 115 117 118 115 113 107 105 103 108 111 116 120 122 127 122
105 105 90 61 69 82 87 91 97 98 98 97 95 85 72 84 85 82 74 79 67 42 58 67 66 75 69 77 76 84 78 46 28 23 20 29 50 63 43 12 14 28 21 35 37 37 36 57 75 84 92 94 94 98 103 98 92 89 100 104 108 108 107 108 108 109 109 106 105 105 105 106 108 109 108 110 111 111 111 111 118 117 117 111 108 104 99 98 104 116 127 123 125 124
105 103 79 52 73 80 78 84 95 97 98 96 91 82 63 68 77 78 75 76 56 28 42 52 51 45 40 72 68 68 55 29 10 16 27 43 59 63 42 25 27 26 34 42 47 43 25 43 65 83 92 95 95 98 103 102 97 93 100 112 114 114 113 112 110 112 111 107 105 103 101 104 104 103 105 108 109 109 110 111 113 121 117 112 108 104 99 99 99 120 128 125 119 112
103 100 82 65 75 82 83 89 93 97 97 94 89 79 62 56 61 62 63 69 48 27 33 38 16 27 44 61 82 71 47 15 17 25 35 51 66 57 38 35 35 40 45 53 52 38 19 34 60 82 87 91 98 105 106 108 109 110 111 114 114 115 116 115 113 114 111 109 107 106 104 103 102 102 103 105 107 110 107 109 113 121 119 116 115 109 103 120 115 125 126 123 116 112
100 98 88 76 80 85 87 90 93 96 97 93 87 75 52 53 64 63 71 68 52 41 31 22 7 14 42 71 83 77 58 37 21 27 43 61 67 46 42 45 47 53 60 60 53 25 4 27 57 77 90 95 96 104 108 110 108 108 111 113 113 113 115 115 116 115 113 111 110 109 107 106 105 102 102 104 108 107 104 110 114 125 118 112 113 102 107 122 127 127 123 109 114 109
96 93 85 79 82 82 81 88 95 97 97 93 84 70 49 60 75 73 76 72 56 41 27 11 0 8 18 56 80 83 72 44 27 21 43 65 60 38 41 44 48 56 64 64 53 28 14 32 56 70 81 93 105 105 107 111 113 113 108 110 116 114 116 116 116 118 117 114 113 112 111 109 108 103 101 105 108 105 100 107 122 127 126 121 104 105 117 124 126 111 106 105 108 112
93 89 81 78 79 79 78 91 98 98 97 91 78 63 50 73 81 80 79 73 65 50 34 18 8 -1 21 41 72 83 78 62 31 34 57 66 44 32 39 42 46 51 59 65 64 53 47 54 65 69 75 83 98 110 113 112 115 117 116 118 118 118 118 118 117 116 117 117 118 116 114 112 108 102 100 102 106 105 99 117 120 125 126 126 116 107 123 129 128 125 109 99 101 109
89 87 82 81 81 86 90 98 99 98 97 84 57 56 70 85 85 82 80 76 67 40 22 25 22 10 26 50 73 77 70 55 30 46 66 66 30 27 34 39 44 48 53 60 69 69 68 74 82 89 90 96 101 106 115 116 117 116 109 115 117 115 116 117 116 117 117 116 114 119 114 112 106 100 98 99 103 103 101 115 108 118 122 122 117 110 119 126 124 123 122 98 96 99
88 89 87 88 88 93 97 99 99 98 97 90 75 68 84 89 87 86 84 78 66 52 39 26 18 15 42 58 81 76 49 40 31 54 73 66 29 26 32 40 41 44 50 57 60 52 61 73 78 81 83 95 107 105 114 117 119 117 114 118 116 116 115 116 116 116 116 115 116 117 118 113 108 102 98 96 96 96 103 105 105 116 119 124 120 116 125 125 123 107 98 96 94 99
87 93 94 94 94 98 99 99 99 98 97 95 89 84 90 88 86 85 83 77 63 48 31 20 13 23 55 71 80 83 63 49 37 61 76 59 28 27 34 39 41 40 44 48 36 19 31 48 66 72 67 72 96 97 112 115 118 112 116 117 115 114 112 113 113 114 116 117 115 110 119 117 113 108 100 95 97 98 93 104 114 114 117 120 124 122 125 121 122 120 110 104 100 95
78 95 97 98 99 100 100 99 99 98 96 93 82 75 75 76 77 72 74 68 64 54 35 17 15 43 68 83 84 74 69 65 67 71 74 52 29 28 34 34 35 35 36 39 24 3 8 17 37 54 65 71 82 101 103 113 117 113 111 111 111 101 97 103 105 112 116 115 114 110 110 122 112 108 106 107 111 102 94 107 109 113 113 117 124 118 119 118 118 118 119 106 100 101
85 98 99 99 99 98 95 93 92 91 91 82 73 65 56 60 63 63 67 71 66 56 38 29 41 55 72 80 77 55 36 33 56 74 71 55 33 29 31 31 30 27 27 31 13 0 0 6 6 23 60 78 86 89 94 110 117 112 110 105 100 75 51 67 83 108 113 116 117 116 115 118 122 118 111 108 106 104 95 104 110 113 113 122 119 113 114 116 116 111 116 113 92 97
94 98 99 99 99 90 83 83 81 72 74 74 67 61 53 48 63 75 78 68 61 55 46 44 45 59 60 68 62 44 23 33 50 67 73 64 51 35 27 26 23 21 21 25 6 1 3 4 13 32 55 73 82 89 96 107 115 111 110 105 94 62 26 51 85 102 111 115 116 115 117 122 125 115 114 110 106 101 96 104 113 120 122 117 112 109 110 113 113 108 112 111 100 91
97 99 99 99 97 87 85 85 77 74 75 76 74 66 63 67 82 85 73 61 56 44 46 51 54 66 52 47 40 20 21 35 46 59 70 61 36 29 22 20 17 17 15 15 5 6 18 17 10 20 42 71 82 89 96 111 114 111 107 105 91 66 35 43 83 104 114 117 116 114 111 110 129 122 119 113 109 103 108 110 117 113 108 105 104 105 102 107 106 106 105 105 106 91
98 99 99 99 99 96 93 85 77 80 81 82 75 71 79 86 90 84 56 58 48 54 50 54 65 71 50 30 18 13 25 34 47 56 63 53 29 19 23 21 20 21 24 16 13 22 39 39 32 34 49 72 79 82 86 106 112 109 101 102 93 84 67 69 89 106 112 119 121 121 120 113 127 122 114 103 101 108 112 112 120 108 102 98 95 96 97 102 100 100 102 100 96 91
98 99 99 99 100 99 94 87 86 88 87 86 76 76 89 92 90 75 58 46 50 56 58 64 72 67 50 31 18 21 29 36 44 51 59 46 25 13 17 19 20 28 41 38 41 40 56 64 60 66 75 83 94 97 95 95 110 103 99 94 94 91 59 60 92 106 113 119 120 120 124 117 129 122 110 106 112 110 114 111 110 106 99 99 95 91 88 95 97 96 88 95 84 86
98 99 100 100 100 97 98 94 93 94 93 86 84 91 94 93 82 64 44 48 41 47 61 69 71 65 50 38 27 24 32 38 50 57 58 38 17 10 22 22 20 41 55 57 61 69 69 77 87 86 89 93 98 100 95 91 107 105 106 106 105 98 63 54 83 93 102 115 122 121 123 121 127 126 120 114 114 115 105 105 99 93 94 93 95 90 83 86 84 86 93 81 49 72
98 99 100 100 99 97 98 99 98 98 93 90 95 94 94 91 67 56 49 38 45 56 64 70 69 64 48 36 25 28 31 41 52 58 55 36 15 11 33 47 41 58 69 70 77 83 84 89 93 97 98 96 107 103 95 92 104 116 113 113 113 110 98 92 77 48 86 109 124 128 124 130 135 131 126 120 116 116 106 98 93 86 86 82 82 81 66 64 76 78 82 78 61 55
98 99 100 100 98 95 97 100 101 98 87 93 95 93 89 71 50 41 38 33 44 54 62 69 67 62 51 37 29 35 37 45 53 56 51 41 27 23 40 62 64 69 78 68 86 88 92 96 97 103 104 98 111 105 96 92 101 115 114 114 120 121 119 112 97 86 105 119 126 130 129 128 136 129 124 124 116 118 110 101 96 88 85 78 76 62 62 59 70 72 72 65 46 40
97 98 99 100 95 94 97 100 101 100 94 93 86 72 69 52 36 24 29 35 37 52 60 66 66 61 47 42 34 37 44 50 54 53 47 40 27 46 60 67 74 80 87 87 85 93 97 102 103 107 109 105 110 108 103 98 93 108 120 120 125 125 123 119 119 115 116 116 111 124 136 138 138 133 127 122 117 111 106 97 100 93 88 80 80 77 61 59 76 74 78 73 47 46
91 94 98 100 98 92 98 101 101 98 84 68 60 49 54 44 26 24 30 40 47 47 51 57 62 62 50 42 41 43 47 48 53 51 46 35 17 35 58 69 77 86 91 97 92 95 100 105 108 111 114 113 109 107 107 104 99 104 120 120 123 129 128 124 125 123 115 108 117 128 132 137 133 128 120 123 117 112 104 98 87 78 84 69 67 81 72 61 82 90 90 89 77 71
85 91 96 97 95 99 101 101 100 83 48 40 45 32 28 22 24 32 40 42 38 42 47 54 62 63 49 46 45 47 49 51 49 48 45 37 21 36 61 69 77 80 85 93 101 100 99 103 105 107 115 117 112 106 113 109 109 104 111 123 123 126 130 127 127 128 114 109 130 131 131 140 132 123 116 119 120 114 108 101 95 80 72 81 70 74 65 66 83 97 101 95 86 82
80 90 95 93 93 101 102 100 96 77 50 34 29 18 7 13 23 34 39 43 48 51 51 58 64 58 42 43 47 48 50 57 64 67 56 49 35 52 65 68 67 80 85 89 102 107 107 107 108 106 113 118 119 115 112 112 117 110 100 119 125 128 129 126 131 133 130 126 126 134 139 133 136 128 122 116 119 118 112 107 101 89 75 70 62 66 66 78 87 102 107 99 96 90
80 82 87 92 101 103 102 95 79 59 66 52 46 31 13 17 25 34 43 49 46 48 57 65 62 49 40 44 46 46 51 68 82 81 72 61 64 64 53 58 66 76 85 82 93 102 108 113 113 117 118 118 119 122 119 114 120 116 106 106 130 130 134 134 138 137 135 133 136 139 137 125 130 135 128 117 107 106 116 111 104 91 94 87 70 62 77 86 81 101 109 108 103 99
83 79 78 85 100 104 96 89 60 34 36 43 38 21 14 20 25 34 43 50 54 56 61 63 54 39 36 42 42 45 57 78 88 81 83 78 70 62 48 52 65 75 78 78 79 84 99 110 112 117 116 110 113 124 124 122 122 117 108 104 126 137 140 142 141 141 139 139 140 136 133 124 119 132 127 120 106 101 109 113 106 106 100 94 85 73 79 95 95 105 109 113 108 106
