data/bioclim/bclim8.asc
NCOLS 300 
NROWS 196 
XLLCORNER -121.25 
YLLCORNER 31.1666666666667 
CELLSIZE 0.0416666666666667 
NODATA_value -32768 
[rows 129 to 171 of 196, columns 192 to 287 of 300]
283 282 281 280 279 277 275 273 271 271 273 276 279 283 280 277 272 269 268 270 109 122 127 128 124 119 120 119 115 265 250 92 249 249 249 81 94 105 104 91 85 228 239 234 227 77 82 79 246 217 200 199 204 203 194 210 222 201 208 213 219 230 206 208 203 205 220 214 206 200 214 219 214 204 208 206 198 187 188 199 192 177 162 156 145 134 119 105 108 119 125 130 133 131 130 134
278 280 281 281 279 276 273 271 270 270 271 273 277 284 286 283 281 278 278 276 116 123 127 128 122 124 124 119 121 115 98 102 87 247 85 81 96 95 106 102 94 82 83 234 218 79 83 81 89 243 230 216 209 209 199 189 228 211 204 208 216 230 216 209 209 219 221 206 203 203 216 223 217 216 211 201 191 188 196 203 193 176 160 154 144 132 119 114 104 119 128 132 132 135 136 136
268 279 282 282 280 275 278 278 277 277 278 280 282 286 289 288 288 119 119 120 120 124 127 129 127 128 127 125 124 120 119 118 99 94 93 95 94 95 104 109 92 84 86 87 228 250 85 85 79 247 239 233 235 204 205 186 204 236 216 208 214 233 239 230 235 226 213 213 215 210 217 221 219 218 208 204 198 198 203 199 192 189 176 169 153 141 130 124 125 128 131 135 133 135 140 138
284 284 283 282 283 284 284 284 284 285 286 287 288 290 292 292 292 123 124 125 125 126 128 131 130 129 129 127 126 125 124 119 105 100 97 102 105 110 112 101 93 98 100 240 222 234 85 89 87 82 234 243 236 211 199 180 186 243 253 244 244 253 260 245 234 243 230 230 231 228 228 225 216 212 213 206 209 211 213 207 199 190 182 165 151 151 147 143 138 137 137 142 143 143 143 139
288 284 282 280 283 285 287 289 289 290 291 292 292 294 294 294 124 125 126 127 128 129 130 132 131 130 130 129 128 127 125 111 108 102 100 105 110 116 114 99 96 94 93 72 217 227 76 89 93 90 264 260 254 257 231 202 221 235 270 257 251 268 251 235 218 227 223 221 219 217 231 229 220 213 219 211 216 214 203 202 182 174 167 160 161 160 157 149 147 147 149 152 153 153 149 140
289 285 282 278 280 281 286 290 292 293 294 295 295 297 295 297 298 127 301 129 130 131 132 132 132 131 131 131 129 129 127 124 111 104 103 106 112 116 116 106 98 103 95 77 233 220 243 86 92 98 95 92 89 278 266 245 247 256 273 264 268 260 240 219 212 210 212 212 208 211 211 223 228 225 217 213 201 197 194 192 187 183 175 171 171 161 149 151 152 153 155 158 156 156 153 148
294 291 287 282 280 280 286 290 293 296 297 298 297 299 297 298 299 128 302 304 131 132 133 133 134 133 132 132 131 130 129 128 126 120 97 108 124 128 117 123 110 104 97 88 77 225 214 248 87 93 100 100 97 95 93 273 263 276 277 274 266 251 237 207 201 207 205 203 209 203 209 208 217 222 216 203 203 199 197 195 193 191 185 180 172 165 158 156 157 161 164 158 147 136 136 142
299 294 289 292 292 290 290 290 290 296 299 300 300 300 297 294 294 295 303 305 307 308 134 134 134 134 134 133 133 131 131 131 130 127 101 120 126 130 129 114 111 105 102 102 91 76 237 227 93 98 88 94 99 100 98 288 273 277 280 265 247 242 237 214 209 225 209 200 202 198 202 204 203 205 212 216 205 204 203 199 198 195 188 180 167 158 161 158 162 169 161 146 141 135 130 136
302 302 295 294 297 298 298 299 300 300 301 301 302 300 296 282 277 293 303 306 307 309 309 309 309 135 134 133 132 132 133 133 133 131 125 122 127 130 129 126 123 124 111 108 99 96 101 93 105 98 254 266 96 98 98 283 276 251 248 258 231 234 241 226 221 236 225 211 203 201 200 199 205 205 201 211 207 205 206 202 202 199 195 186 174 169 175 177 170 168 152 144 135 130 136 151
306 306 305 302 299 302 303 304 305 304 303 304 304 302 298 289 272 292 305 307 309 309 310 310 310 135 135 135 134 131 131 134 134 133 132 129 129 303 305 129 126 126 125 111 107 103 95 99 96 90 256 253 276 271 280 263 268 256 247 229 211 234 245 245 230 245 246 229 215 219 221 213 218 214 210 201 207 207 205 207 204 202 196 187 185 187 181 175 176 177 169 155 147 142 145 158
308 308 308 307 306 306 306 307 307 307 306 306 306 304 301 296 285 298 306 308 309 309 310 310 310 309 309 136 310 308 134 307 309 308 307 306 306 305 300 299 122 117 122 111 108 102 98 89 87 243 238 243 253 262 270 257 266 273 258 237 217 232 244 255 254 255 258 246 239 239 237 231 223 222 214 203 199 202 199 200 198 198 197 191 192 191 188 184 184 189 192 185 178 169 165 179
309 309 310 309 308 307 308 309 309 308 308 308 307 306 304 301 299 304 307 308 309 309 309 310 310 309 309 310 311 311 309 308 309 309 308 308 306 304 297 122 121 121 122 108 107 96 87 89 83 235 221 235 258 272 266 247 259 272 264 242 240 240 250 259 266 266 267 259 249 246 244 241 234 225 220 208 200 189 194 196 199 197 199 197 197 191 180 176 188 198 198 183 173 166 181 187
310 311 311 310 305 304 308 307 310 310 310 310 309 308 307 307 307 308 309 309 309 309 310 309 309 309 309 310 310 312 311 309 310 309 308 307 306 305 303 302 301 300 294 94 97 97 96 90 84 238 231 251 258 268 258 233 251 266 268 251 256 253 253 260 269 272 273 269 259 256 248 244 240 232 233 228 217 204 191 187 196 197 196 198 198 194 188 183 187 199 205 187 166 161 180 180
310 311 312 312 309 309 311 312 313 312 312 311 311 310 310 310 310 310 310 310 310 310 310 310 309 309 309 308 307 309 309 309 309 309 308 307 307 306 305 304 303 302 301 123 103 106 106 103 97 92 245 243 245 257 262 246 264 265 266 262 263 266 268 267 272 275 277 276 268 257 248 244 238 230 226 228 224 225 212 195 184 188 192 198 201 201 198 193 189 201 212 198 184 177 181 191
310 311 312 313 313 313 313 314 314 314 314 313 313 312 312 312 311 311 311 310 306 306 307 309 309 309 307 303 299 300 306 308 308 308 308 307 308 307 306 305 304 303 302 301 299 296 109 109 106 105 273 259 238 240 243 246 233 239 253 258 265 270 271 272 273 276 278 277 264 250 250 247 236 228 223 223 225 225 223 218 189 176 181 193 201 198 198 200 201 212 219 205 190 187 187 193
308 310 311 313 313 314 314 315 315 315 316 316 315 314 313 312 309 310 310 309 307 300 294 307 310 309 305 300 301 305 307 308 309 309 308 307 307 307 307 306 305 304 303 302 301 300 297 296 112 111 110 277 253 250 251 249 224 206 214 237 258 266 263 256 261 271 277 280 272 263 260 256 249 235 235 224 223 222 221 223 221 211 193 184 194 195 200 192 192 205 223 211 201 191 201 210
305 309 312 313 313 314 314 314 315 316 317 317 312 310 312 312 310 310 310 309 308 304 293 283 303 309 309 308 307 307 308 308 308 308 308 308 307 306 306 306 305 304 304 303 302 301 299 297 289 292 288 286 256 262 274 272 249 216 202 228 252 259 243 242 254 268 279 282 277 273 273 269 265 257 251 238 234 222 221 222 222 222 219 211 189 192 197 208 210 215 218 207 196 190 204 215
312 312 311 314 316 314 312 312 313 314 315 317 316 315 314 312 310 309 309 310 309 307 305 296 280 303 310 309 308 308 308 308 309 308 308 308 307 306 306 305 305 304 304 303 303 302 300 298 290 279 277 281 272 274 275 267 258 243 241 237 247 255 246 247 264 273 281 283 283 282 279 278 274 271 266 258 244 238 224 215 220 223 223 219 209 196 200 193 199 228 216 202 179 179 193 203
317 317 317 319 320 318 315 313 310 312 315 316 319 318 315 310 307 307 307 309 309 308 306 304 297 289 309 309 308 309 309 308 308 308 308 308 304 302 303 304 305 305 304 304 303 302 301 298 290 286 272 280 280 283 288 259 274 269 265 240 230 249 257 263 273 282 285 284 282 279 279 279 279 279 277 273 261 251 235 212 214 221 224 224 222 213 208 200 208 230 229 207 182 189 206 233
319 314 320 321 322 321 316 314 312 312 310 313 319 319 317 309 308 306 307 307 308 309 308 306 301 289 304 309 309 309 309 308 309 309 309 309 305 300 300 302 304 305 304 304 304 303 302 301 297 295 289 293 294 285 294 274 267 276 285 281 268 257 273 275 282 274 275 274 272 267 263 261 265 269 275 277 270 263 251 237 216 217 218 218 225 227 225 210 215 229 235 208 189 201 210 244
323 322 322 323 324 323 312 317 319 319 317 318 317 321 318 315 309 301 301 306 307 308 308 308 305 304 307 309 309 309 309 309 309 309 309 309 308 306 305 305 305 305 305 305 127 304 304 305 304 302 302 300 296 299 298 298 282 269 272 288 292 288 275 254 254 268 267 260 257 252 239 231 238 251 266 275 277 272 263 250 234 224 225 218 219 221 229 226 227 224 238 225 205 222 235 240
324 323 317 324 325 324 324 324 324 323 323 321 316 322 321 317 311 303 300 305 306 307 307 307 307 307 308 309 309 309 309 309 308 307 307 308 308 308 308 307 306 305 305 128 128 129 305 302 301 300 298 290 283 290 286 298 299 290 274 266 288 287 278 275 265 253 254 255 243 231 217 201 216 239 257 268 273 275 274 266 260 249 238 232 215 206 211 228 238 209 219 247 232 235 254 244
326 325 326 325 325 322 324 325 325 325 325 324 321 324 322 318 315 311 304 304 306 306 306 307 307 306 308 309 309 309 309 309 307 305 303 305 303 302 306 307 306 306 306 305 128 128 303 301 298 296 293 289 284 279 281 292 297 299 295 288 292 288 281 271 265 261 252 244 243 221 207 221 241 246 256 266 269 272 274 275 270 264 256 247 234 210 208 221 241 214 212 239 245 249 259 249
325 325 324 324 324 322 324 324 324 325 325 325 325 324 322 319 316 313 307 303 304 304 305 305 305 306 307 308 309 309 309 309 308 306 304 305 305 303 306 306 306 306 305 305 304 303 301 299 296 293 290 287 283 279 274 281 275 285 295 298 292 283 273 273 268 257 247 243 245 230 211 205 236 258 261 261 266 269 272 274 273 267 262 256 248 239 223 229 241 236 219 233 255 260 260 258
325 324 323 324 323 322 324 324 324 324 325 325 325 324 321 318 316 313 309 303 296 298 302 304 305 306 307 308 309 310 309 309 309 308 307 307 307 306 306 307 306 306 305 304 303 302 301 298 295 292 287 283 281 277 272 269 265 272 284 294 296 288 264 257 266 262 256 257 250 241 229 227 236 249 247 256 262 266 269 272 273 272 268 265 260 255 244 232 242 252 252 254 241 241 247 253
324 323 323 323 323 323 324 325 324 324 324 323 323 323 321 318 315 312 310 305 296 296 299 304 304 301 305 307 308 309 309 308 309 309 308 307 307 307 307 306 306 306 306 304 303 302 300 298 295 292 287 280 279 275 271 266 260 266 275 286 295 291 280 264 275 261 262 264 261 257 235 224 227 203 227 252 257 262 267 270 271 271 271 270 266 264 261 256 251 259 262 251 235 216 211 235
324 323 323 323 324 324 324 324 324 323 323 322 322 321 320 317 313 311 308 306 304 302 302 303 303 300 301 304 306 308 308 309 308 308 308 307 307 307 306 306 305 305 305 305 303 298 299 297 295 292 288 280 274 274 269 262 262 264 273 281 292 292 289 282 263 245 248 257 254 262 253 231 211 215 233 246 254 258 264 266 267 268 269 269 269 267 265 264 266 265 259 253 244 229 224 230
323 324 324 324 324 324 324 324 323 321 322 321 320 319 318 315 305 302 303 301 301 300 301 302 301 298 297 299 303 306 307 308 309 308 307 307 305 305 306 305 305 305 305 304 302 298 298 297 295 291 288 284 279 275 266 256 261 268 276 282 281 293 288 278 262 239 234 239 249 255 259 248 232 229 236 242 239 245 254 256 259 262 264 266 267 267 267 267 265 263 260 256 245 237 227 228
324 324 324 324 323 324 323 323 322 321 321 320 319 318 316 313 309 305 301 293 286 294 297 299 300 295 284 288 300 304 306 307 308 308 307 307 307 306 305 305 305 304 304 304 297 298 298 297 294 291 288 284 280 274 256 247 259 268 276 271 272 287 289 280 267 253 238 232 240 242 250 252 249 237 234 221 209 201 224 225 223 237 249 259 264 266 266 266 265 263 261 256 252 246 237 235
323 323 323 323 324 323 322 323 322 321 320 314 317 316 315 312 307 302 298 292 283 290 295 298 299 295 289 291 298 302 303 307 307 307 306 306 306 305 305 305 305 304 304 302 283 298 299 297 295 292 288 284 280 274 265 255 262 269 272 264 267 280 289 284 272 263 246 224 225 233 242 242 249 245 237 223 190 179 171 164 157 179 214 252 261 264 264 264 265 264 261 258 252 248 242 238
322 322 323 323 323 322 322 321 321 320 317 312 311 312 313 311 308 305 300 294 282 288 294 297 299 297 295 296 300 302 304 307 304 305 305 306 306 305 304 304 304 304 303 302 294 299 299 297 294 291 288 284 280 276 271 266 266 268 266 263 267 275 283 287 279 267 253 223 215 225 223 234 242 247 240 233 221 213 190 165 140 143 206 239 257 261 261 262 264 264 257 251 246 249 248 247
322 321 321 319 321 320 319 320 320 319 317 313 307 306 309 307 307 304 301 296 286 288 292 296 298 298 297 298 301 303 305 306 303 305 305 304 303 304 305 304 303 303 302 301 299 300 299 297 294 291 287 283 279 275 272 270 267 264 259 256 259 268 275 283 285 275 264 242 210 217 199 217 232 242 244 239 234 231 226 216 182 152 187 220 254 255 256 259 263 263 259 246 236 251 253 252
321 320 320 320 318 315 313 318 319 319 317 314 310 304 304 303 304 301 298 294 285 285 292 295 298 298 295 297 301 303 305 305 305 305 305 302 301 304 304 303 303 303 302 302 301 300 299 297 294 291 287 282 276 269 268 271 268 263 255 245 250 259 266 275 282 282 270 259 236 214 199 203 230 237 240 240 238 237 236 233 223 200 184 216 248 250 254 258 261 264 260 253 242 252 255 253
320 320 320 320 319 319 318 317 317 318 317 315 311 305 301 299 294 295 295 288 289 291 295 296 298 298 298 294 301 303 304 305 298 303 304 304 303 304 303 303 302 302 301 301 301 300 300 298 295 291 288 280 266 263 270 273 269 267 257 239 239 253 261 269 277 282 276 266 251 216 217 207 230 236 238 240 240 239 238 235 231 213 219 233 238 245 250 255 259 263 262 258 251 253 256 253
320 319 317 317 318 318 318 317 317 317 316 314 311 307 300 297 291 291 290 289 293 293 295 296 296 295 299 301 302 303 304 304 298 298 303 303 302 300 301 301 300 298 298 298 300 300 299 298 296 293 289 276 261 263 273 276 275 268 237 229 219 245 256 266 273 279 279 269 258 232 229 206 229 234 236 239 240 240 240 238 234 225 211 223 227 236 245 251 256 260 262 261 259 259 256 252
320 320 318 312 316 317 314 314 314 315 315 309 300 306 300 289 289 295 294 290 291 293 295 296 294 292 294 298 302 304 304 303 302 301 303 302 302 298 297 298 296 294 293 295 298 299 299 298 298 296 291 283 271 270 277 280 279 265 214 209 213 243 253 260 270 276 280 269 259 243 238 210 219 230 230 236 240 241 241 240 237 233 223 208 224 235 243 249 254 258 260 261 261 260 258 254
319 319 318 311 311 315 314 305 314 314 314 311 303 301 300 287 285 296 296 290 278 287 295 295 293 293 291 296 301 303 303 303 299 299 301 301 301 299 297 294 291 282 286 293 296 298 298 298 298 297 296 290 286 284 283 285 280 246 186 169 194 222 237 256 268 273 278 269 259 252 245 229 220 223 219 227 235 241 242 242 240 237 231 226 226 236 243 249 253 257 258 259 260 261 259 255
317 318 317 309 313 313 313 311 311 312 313 312 310 306 303 290 292 296 297 293 287 288 295 295 293 295 295 294 301 302 303 302 294 293 298 300 300 299 296 294 290 282 282 291 294 297 297 297 297 297 296 294 290 288 288 278 247 218 213 207 185 193 226 257 265 267 275 271 261 256 248 239 236 227 214 202 217 239 242 243 242 240 237 234 234 239 244 246 253 255 257 258 259 260 259 256
316 317 317 313 306 312 311 307 303 309 311 311 309 305 300 292 289 297 298 297 295 296 297 296 294 297 298 299 300 301 301 301 290 287 296 298 298 297 296 293 291 288 284 290 293 296 296 296 295 293 292 295 293 291 289 272 244 235 240 252 227 221 236 253 257 260 268 272 268 257 253 248 244 235 224 204 209 235 241 243 243 241 240 239 240 243 246 250 252 255 257 258 258 259 259 258
315 315 316 315 304 309 309 307 307 306 310 310 305 301 300 297 296 296 299 298 297 298 297 297 296 296 297 298 299 300 300 300 299 297 297 297 297 296 296 294 292 290 288 290 293 294 294 295 293 289 286 290 293 293 291 289 287 284 284 272 263 256 251 251 248 252 263 261 270 264 255 248 241 239 230 223 215 228 234 243 244 244 243 239 234 239 241 243 249 253 256 257 257 258 258 258
313 313 314 314 312 301 307 308 308 309 309 308 306 302 302 299 298 298 299 299 299 299 297 294 293 293 294 296 297 299 298 298 297 296 295 295 293 295 295 294 293 291 288 287 291 292 293 293 291 282 268 282 289 292 293 292 293 292 292 289 286 270 260 255 243 233 247 256 262 266 262 252 237 238 234 229 219 230 234 242 244 244 244 243 233 226 228 218 228 242 252 254 255 255 256 257
311 312 312 312 312 297 301 307 309 309 308 307 304 301 300 299 298 298 299 299 299 299 297 292 286 288 289 293 295 297 296 295 294 293 291 291 291 292 292 293 291 290 288 285 286 289 291 291 291 287 283 275 284 290 292 292 292 292 290 288 286 280 250 231 197 192 223 244 255 253 264 254 242 237 237 234 234 237 241 243 244 245 245 244 243 234 207 190 201 221 239 249 251 252 253 254
310 310 310 310 311 309 304 307 309 308 306 305 301 299 298 296 295 296 298 299 299 298 297 293 286 284 282 289 293 294 293 292 290 287 286 287 288 289 289 290 289 288 286 281 275 281 288 289 290 290 287 285 283 289 291 291 290 288 287 283 278 251 215 221 198 201 240 249 248 249 263 256 241 237 240 238 235 235 242 244 245 245 245 245 243 238 227 214 203 203 224 241 244 245 247 249
