data/bioclim/bclim16.asc
NCOLS 300 
NROWS 196 
XLLCORNER -121.25 
YLLCORNER 31.1666666666667 
CELLSIZE 0.0416666666666667 
NODATA_value -32768 
[rows 132 to 175 of 196, columns 192 to 287 of 300]
94 94 96 97 96 97 96 99 99 99 98 98 97 96 95 97 97 98 99 100 104 103 99 95 99 100 104 107 108 111 115 126 134 144 150 141 137 128 125 144 176 168 162 193 216 199 155 143 147 156 194 183 190 220 233 260 251 176 163 172 171 161 150 168 179 167 181 179 177 181 179 182 193 198 197 206 201 198 195 201 211 223 233 260 280 279 284 289 296 297 295 283 278 276 274 279
90 96 98 101 98 96 94 92 92 92 92 92 92 89 92 92 90 90 91 91 92 92 92 89 92 97 97 99 104 105 111 120 128 139 144 136 127 117 119 147 173 155 155 188 225 210 175 152 141 146 161 164 171 168 195 231 205 187 147 160 166 144 163 181 200 187 192 194 196 198 179 180 192 200 190 201 193 196 210 210 238 249 260 269 265 267 270 281 284 282 275 267 263 259 265 279
88 95 101 106 103 101 95 91 89 87 87 87 88 85 88 88 87 85 84 83 83 82 83 84 88 91 92 95 99 100 105 112 120 135 139 132 121 111 111 136 151 138 152 185 204 220 190 163 150 137 140 144 145 143 158 181 177 165 145 155 149 157 178 202 211 211 209 207 212 207 206 190 182 185 196 201 216 220 225 226 232 239 250 253 253 267 284 279 276 271 266 258 258 258 259 266
84 87 92 101 105 104 97 92 87 85 83 83 83 82 85 85 83 81 80 79 77 76 76 79 80 83 86 89 92 94 97 102 107 121 149 128 115 106 106 119 126 139 152 168 186 216 229 186 164 150 135 135 136 136 136 149 161 144 142 144 153 169 183 221 228 220 221 223 214 220 211 211 199 192 199 216 216 220 223 226 226 229 236 243 252 262 272 273 270 259 253 260 277 297 294 280
80 84 91 89 88 90 92 92 94 83 80 80 79 81 85 90 92 90 79 76 74 72 72 74 75 78 82 84 87 89 90 91 94 102 141 123 107 99 102 113 122 138 143 141 167 188 201 213 157 145 161 149 136 133 130 131 151 144 141 157 177 181 185 214 218 199 217 230 225 229 224 220 221 217 207 200 214 216 216 220 221 225 233 244 262 276 270 271 264 251 262 286 292 300 308 294
75 76 86 86 81 81 81 81 79 80 79 77 76 79 87 110 120 93 76 73 71 70 70 70 71 74 77 80 86 85 84 85 86 91 104 115 102 94 97 110 120 119 125 132 154 158 146 161 137 150 180 166 145 138 134 140 148 178 179 168 197 192 183 200 205 185 199 216 227 228 229 230 219 219 223 209 213 217 214 218 218 222 226 237 253 260 251 245 254 255 278 290 304 312 298 272
71 71 72 77 80 77 75 74 74 74 76 74 74 78 83 99 128 94 74 71 67 66 68 68 69 70 73 73 77 86 86 80 81 82 86 92 94 95 93 97 107 112 117 127 137 147 162 152 160 169 179 181 156 160 149 169 162 174 183 205 225 195 181 178 197 177 174 195 212 205 200 212 203 208 212 225 214 214 216 214 216 218 225 238 239 235 243 249 248 246 256 276 286 292 284 262
70 70 70 70 72 73 72 71 70 71 72 71 71 75 77 86 106 83 71 66 65 65 65 66 67 69 71 71 73 76 78 79 78 79 81 83 85 89 102 108 118 135 125 127 135 151 162 174 177 197 203 196 184 173 164 179 167 158 173 196 220 199 184 170 170 166 161 174 182 180 182 188 198 199 208 224 230 222 226 225 227 225 226 233 231 232 235 240 238 231 226 235 243 251 255 237
68 68 68 68 70 71 70 69 68 69 69 68 70 70 73 78 81 73 68 65 63 64 64 66 67 68 70 70 72 74 74 77 76 77 78 81 83 91 108 117 123 126 126 138 141 167 183 178 185 209 225 207 181 164 171 190 177 161 169 192 192 191 180 166 157 153 152 159 171 172 174 178 185 196 202 218 229 244 237 232 227 229 226 227 227 235 249 252 235 223 221 240 250 258 239 234
69 67 67 67 75 76 70 71 67 67 68 68 67 68 69 69 67 67 65 63 63 62 63 64 66 68 69 70 72 73 74 74 75 76 77 80 83 88 95 101 107 112 126 171 164 168 171 180 186 207 214 190 182 171 182 207 187 171 167 184 177 178 177 167 153 148 144 149 159 162 171 174 179 188 186 190 205 224 242 247 233 231 231 227 226 231 239 245 239 222 214 238 262 267 243 242
68 67 66 67 70 69 67 66 64 65 65 66 65 65 65 64 65 63 63 61 62 62 63 64 66 66 69 71 74 74 75 75 76 77 76 78 81 84 90 96 102 108 115 127 150 147 153 162 172 176 200 200 197 184 179 195 177 173 171 174 171 164 161 159 152 145 142 141 149 161 173 174 182 193 194 192 196 195 212 238 252 245 239 229 224 224 226 234 238 222 208 225 241 249 244 231
70 68 67 65 65 65 65 64 64 63 63 63 63 63 63 62 62 63 63 64 68 69 67 65 66 68 72 78 87 86 77 75 75 76 76 77 80 83 87 93 99 106 112 119 125 131 146 148 156 160 169 185 207 204 200 196 211 203 187 179 170 161 157 154 150 144 141 141 155 171 169 172 185 194 201 200 195 195 197 203 246 265 255 237 226 228 228 224 223 208 200 217 235 238 237 232
72 70 68 66 64 64 64 63 63 61 62 60 61 62 62 64 67 65 65 66 68 80 91 69 67 68 74 83 83 77 75 75 75 76 77 79 80 83 87 93 98 105 111 118 124 128 134 137 139 145 153 167 191 195 194 195 223 246 234 206 179 168 170 175 168 153 143 138 144 156 157 161 168 187 186 200 201 200 203 198 200 213 239 253 236 234 226 237 236 218 195 212 223 235 224 211
77 71 67 67 66 66 66 65 62 62 60 60 66 69 65 64 66 66 65 66 68 74 95 115 78 70 70 72 72 73 73 75 76 76 77 79 80 83 87 93 98 105 112 119 123 127 133 137 149 147 153 156 190 184 168 171 196 235 253 217 187 177 195 194 177 157 141 136 140 143 141 146 149 157 164 180 185 202 202 199 198 199 201 213 244 239 232 216 213 206 204 216 230 238 220 207
70 69 70 66 63 66 68 68 67 64 63 60 62 63 63 66 68 68 68 67 68 71 74 91 122 80 70 70 73 73 73 75 75 76 79 80 82 84 89 95 101 108 115 120 124 128 131 136 150 165 168 164 175 171 169 177 187 202 203 206 194 182 192 189 166 151 140 135 134 133 135 135 137 141 146 154 171 180 197 212 202 197 196 202 217 234 229 238 229 190 205 224 254 254 234 223
63 62 62 60 59 61 64 67 72 69 65 62 59 60 63 68 73 73 73 69 69 71 73 77 90 106 71 72 72 73 74 75 76 77 78 80 89 96 97 99 103 109 117 122 128 131 134 138 150 156 175 165 165 161 153 188 169 174 177 204 217 191 179 171 154 140 134 134 135 137 136 134 132 132 131 136 149 161 182 214 212 201 196 194 198 211 217 229 217 187 189 218 252 241 218 185
60 66 59 57 57 58 65 66 69 70 72 68 59 58 62 73 73 77 75 74 72 72 73 75 83 107 79 72 72 73 74 76 77 78 79 82 88 102 105 104 106 111 118 125 130 133 133 135 140 145 155 147 145 157 143 170 179 165 151 154 170 182 161 155 143 152 149 148 149 154 156 157 150 144 136 131 138 146 159 178 210 206 205 205 193 191 194 215 208 188 182 218 242 225 215 171
55 57 56 55 55 57 71 65 61 61 65 62 64 58 60 65 72 86 85 78 76 74 73 74 80 80 76 73 73 75 75 77 79 80 81 83 85 90 96 101 107 114 121 129 136 137 136 132 130 134 134 136 143 137 138 138 159 174 170 147 139 142 158 184 181 161 160 169 170 175 188 200 187 168 145 133 130 134 144 161 183 196 195 204 203 199 188 192 191 196 177 195 222 199 183 177
53 56 63 54 53 55 56 55 56 56 58 60 66 57 60 65 73 84 88 80 78 76 76 77 77 77 76 74 75 76 76 78 81 84 86 86 88 90 93 98 104 113 122 131 147 147 138 137 136 138 141 152 163 151 157 136 136 147 166 176 145 144 154 156 168 181 178 175 189 203 222 244 220 184 157 142 134 131 130 138 145 160 175 183 208 222 215 189 175 217 203 166 186 183 163 172
52 54 53 54 54 57 56 55 56 55 55 57 62 58 60 64 68 74 85 84 80 80 80 79 79 80 77 77 77 77 77 80 83 89 93 92 97 101 96 98 104 110 120 131 150 150 143 142 143 145 149 155 162 168 164 147 138 135 138 147 139 143 151 162 169 172 181 189 188 218 237 215 183 175 159 145 139 134 130 127 132 139 149 162 179 217 221 199 171 211 212 176 169 164 155 166
54 54 55 57 56 59 56 56 57 57 57 56 57 58 61 64 68 72 81 86 86 84 83 83 83 80 80 79 78 78 80 81 84 88 94 94 95 101 97 100 105 111 120 132 141 144 143 143 146 150 154 157 163 169 173 164 169 155 139 133 139 151 163 161 166 177 189 193 187 205 233 241 192 158 152 150 144 137 132 128 128 133 139 147 159 173 197 187 170 178 203 183 156 151 152 156
54 55 57 56 58 61 57 58 58 58 59 58 58 60 63 66 70 73 80 90 101 97 90 86 84 84 83 80 80 80 82 83 83 87 88 91 94 96 97 102 106 112 120 129 137 140 143 145 146 152 159 162 166 171 177 181 185 174 155 140 135 145 176 182 169 171 177 175 181 190 206 206 190 171 173 158 148 141 135 131 128 127 130 135 140 149 164 183 169 155 157 155 173 172 165 158
55 56 57 56 58 58 58 58 59 60 59 61 61 63 65 68 73 76 80 87 102 102 98 89 89 93 86 84 84 82 84 85 85 88 89 91 94 97 100 103 107 113 118 127 134 138 141 145 147 152 157 167 169 173 178 185 192 183 168 152 136 141 154 174 158 174 171 165 167 170 198 211 205 242 201 164 154 145 139 133 131 129 127 127 131 134 138 146 155 143 141 157 180 207 214 180
55 57 57 58 58 58 58 59 60 61 63 63 65 65 67 70 77 80 85 87 91 93 94 92 92 97 97 90 88 86 85 86 87 89 90 93 96 98 101 105 109 112 118 125 130 139 141 143 147 151 157 168 175 175 181 190 190 184 171 159 142 140 145 151 174 196 190 175 177 164 173 202 230 223 190 171 159 151 143 138 135 131 129 127 126 128 131 133 131 133 145 152 166 187 195 186
55 57 56 56 58 58 60 59 61 65 64 65 67 69 71 74 90 96 93 96 96 98 98 96 96 103 105 103 96 91 89 89 89 91 93 96 101 102 103 106 109 113 118 122 130 139 140 143 147 152 157 163 169 174 186 199 192 181 167 158 157 141 146 157 177 206 211 200 184 173 166 178 197 200 186 177 178 168 155 149 144 140 135 130 128 125 126 127 131 136 141 148 164 176 191 189
55 57 56 58 58 60 61 62 64 65 67 69 71 73 74 78 86 93 98 112 124 110 105 103 101 111 131 123 102 97 94 91 91 93 96 98 100 103 106 108 111 115 119 123 136 139 140 143 148 151 156 161 166 176 202 213 195 181 168 175 171 149 144 155 171 188 205 212 198 191 178 173 174 187 189 209 228 241 199 196 200 176 156 141 131 129 129 128 131 134 139 146 152 161 174 177
55 57 56 58 60 61 62 63 65 67 70 79 76 76 78 82 91 99 106 116 131 120 110 105 104 111 124 120 108 102 100 94 94 95 100 100 102 105 107 110 114 116 120 125 159 137 137 141 146 150 156 162 167 175 188 202 192 180 174 185 179 159 145 150 165 176 196 224 221 204 191 186 174 175 185 204 264 282 295 307 317 279 214 150 136 131 131 130 131 133 137 143 152 157 165 171
57 57 59 60 61 63 64 66 68 69 75 84 85 84 82 86 90 97 103 115 134 124 114 109 107 109 113 113 108 103 100 97 102 101 102 102 105 107 109 112 115 118 121 125 142 134 136 141 146 151 156 162 167 173 180 187 187 182 184 188 180 167 154 147 157 170 186 227 237 218 219 199 184 175 181 188 207 220 262 307 349 344 230 171 142 137 137 135 133 134 142 153 160 155 155 157
57 60 62 66 64 66 70 68 69 71 76 84 93 94 90 94 94 99 103 112 130 126 119 113 110 110 113 110 105 103 101 99 104 103 104 107 111 109 111 114 118 120 122 128 134 132 136 141 146 151 157 162 169 174 179 182 185 189 195 199 192 178 164 153 151 162 174 202 246 231 260 227 200 183 176 180 184 186 193 212 276 331 266 202 146 145 144 139 134 134 139 159 175 151 147 148
58 60 62 64 70 74 80 72 72 74 78 82 89 101 100 101 100 103 111 118 132 131 121 116 111 110 118 115 108 104 102 102 104 104 106 111 117 112 113 116 118 122 124 126 130 131 135 139 144 150 157 165 174 185 185 181 185 193 202 215 207 192 179 165 155 153 166 177 206 237 262 251 202 189 181 179 179 178 178 179 199 242 272 210 157 152 148 142 137 134 139 148 167 149 144 147
58 60 63 65 66 68 71 73 76 75 79 84 89 98 107 110 117 115 117 128 127 123 119 116 113 114 113 122 110 106 104 105 117 110 109 111 113 113 116 117 121 124 126 128 130 132 134 138 143 148 156 168 190 195 184 177 182 184 199 225 224 201 187 174 163 154 161 171 187 237 232 246 203 192 185 180 177 175 175 178 184 218 205 180 173 161 153 146 140 136 137 141 153 148 142 147
58 60 67 68 68 70 72 75 77 78 81 85 91 98 110 114 125 124 126 128 123 122 119 119 118 119 113 111 109 108 107 108 119 120 111 113 115 121 121 122 126 129 132 133 132 133 134 137 141 147 152 174 197 196 179 174 173 184 230 240 253 214 196 180 169 160 160 168 180 213 213 249 207 195 189 182 177 175 175 176 179 195 224 201 191 175 161 152 145 140 138 137 140 140 143 149
58 60 64 76 72 72 80 81 84 83 85 95 109 102 110 127 127 119 120 128 126 124 121 119 122 127 123 118 111 109 108 111 113 116 115 116 118 126 130 129 134 138 142 140 136 134 135 136 138 141 149 163 183 184 171 167 167 190 264 270 263 217 201 189 174 166 160 169 179 198 202 244 225 204 201 189 180 176 173 173 176 183 200 229 198 179 165 156 148 142 140 139 137 138 142 145
58 60 63 78 81 76 80 98 84 86 87 93 106 109 111 131 135 118 118 128 149 134 122 122 127 127 130 123 114 111 111 113 119 121 119 120 122 125 130 137 143 159 155 143 139 137 136 136 138 140 142 150 158 160 161 158 167 220 308 332 293 250 226 195 177 169 163 170 180 186 193 212 225 217 222 204 190 178 173 173 173 178 186 197 195 178 165 157 149 145 143 142 140 138 142 145
59 60 64 82 76 78 82 90 91 91 90 92 95 102 108 127 125 118 118 126 136 134 122 124 127 124 126 128 116 114 113 116 131 133 125 123 124 127 133 138 146 162 161 146 142 138 138 138 140 140 141 143 150 153 153 171 220 262 268 276 307 294 243 195 182 177 168 169 179 182 189 200 201 212 233 255 223 181 175 173 172 174 178 182 183 173 167 163 153 147 145 144 143 141 142 145
61 61 63 73 88 81 87 95 103 96 94 95 97 104 112 126 132 118 118 120 123 122 119 123 127 123 121 120 118 117 116 119 139 146 129 127 128 131 135 140 147 151 159 148 145 141 141 142 142 146 147 142 144 148 152 180 226 238 230 211 247 254 229 203 193 189 176 168 170 182 185 188 191 200 218 252 242 190 178 172 171 173 174 176 174 169 164 158 154 149 147 145 144 142 142 142
61 62 64 67 92 85 88 94 97 100 95 95 104 112 112 119 121 121 118 118 120 119 119 123 124 124 124 122 121 121 121 122 125 130 129 131 132 133 135 139 144 148 152 148 146 144 144 143 147 153 158 151 145 144 147 150 157 162 162 180 192 201 208 205 208 201 182 184 170 174 182 189 196 196 207 219 231 205 193 173 172 170 170 177 187 177 173 170 160 154 149 147 146 144 144 144
62 63 65 68 75 98 91 93 93 94 95 98 103 109 111 116 118 118 118 118 119 119 122 129 131 131 130 127 125 124 125 127 130 132 134 136 140 138 139 141 144 147 153 156 149 147 148 147 149 167 190 164 151 145 145 145 146 149 150 154 159 181 195 200 217 229 205 191 180 173 176 185 205 200 204 209 226 204 194 178 173 172 171 171 190 204 200 219 201 173 155 153 151 149 146 145
62 65 67 69 73 102 99 94 91 92 96 101 106 111 113 116 118 118 118 118 119 120 123 134 143 141 139 133 130 129 131 133 135 139 142 144 144 144 144 145 147 149 153 161 158 155 152 150 150 157 164 179 163 150 147 147 148 150 151 155 157 165 210 238 290 295 243 209 191 191 174 185 199 203 201 203 200 193 184 180 175 173 172 173 174 190 242 274 253 216 180 161 159 157 154 150
63 65 69 71 73 80 91 90 90 93 97 102 110 114 117 120 124 124 120 120 120 121 125 131 144 149 152 143 136 134 137 141 143 150 153 153 150 150 150 150 152 155 158 167 179 169 157 154 154 154 156 161 164 154 148 149 150 153 156 162 169 212 268 255 290 282 219 202 201 198 176 183 201 205 197 200 201 200 185 179 177 175 173 173 176 185 205 231 250 250 212 177 170 168 164 160
65 67 69 72 76 78 84 93 90 95 100 104 110 116 122 126 125 124 121 120 120 122 127 133 139 157 160 143 139 139 143 148 155 176 190 172 159 158 157 158 159 161 163 167 171 170 163 158 158 156 156 158 160 155 152 154 155 158 162 164 170 189 193 190 220 269 214 226 221 205 182 185 213 203 204 212 204 199 192 182 178 177 175 175 178 184 195 207 212 216 217 217 213 205 195 175
69 69 70 73 76 81 98 106 96 96 102 109 121 138 126 126 124 124 122 121 120 123 127 132 139 150 161 143 139 142 148 154 161 173 191 188 170 164 167 168 168 170 171 176 180 168 163 163 164 164 165 165 166 159 157 158 159 163 167 171 173 176 181 194 243 297 225 229 205 192 181 189 205 200 216 238 214 202 194 187 180 179 178 178 180 184 189 196 201 204 209 230 247 251 232 218
68 77 77 74 77 81 90 96 99 99 104 112 129 145 129 126 125 124 123 123 122 123 127 132 137 143 152 140 139 143 151 157 169 176 187 183 173 172 176 181 181 179 178 179 174 171 171 173 176 179 180 177 174 166 161 163 165 168 172 176 180 185 195 204 211 239 226 210 197 187 185 190 194 200 215 218 211 206 196 189 184 181 180 180 183 183 188 192 195 199 209 221 237 266 277 242
66 76 87 79 79 85 93 95 104 108 105 113 127 150 134 129 129 125 123 123 123 123 127 129 134 138 151 139 139 143 149 157 179 200 198 178 177 181 187 195 201 217 189 181 177 177 184 191 199 202 201 196 187 178 169 167 169 173 177 182 188 190 192 197 204 209 212 209 202 196 188 191 196 201 205 211 207 208 209 193 187 184 182 183 184 186 189 194 197 201 210 219 231 260 272 254
