data/bioclim/bclim13.asc
NCOLS 300 
NROWS 196 
XLLCORNER -121.25 
YLLCORNER 31.1666666666667 
CELLSIZE 0.0416666666666667 
NODATA_value -32768 
[rows 0 to 50 of 196, columns 96 to 191 of 300]
28 32 37 41 35 30 28 27 27 28 29 31 31 30 31 31 34 36 37 37 32 31 30 30 30 31 33 36 32 30 30 30 30 31 31 31 33 32 31 31 32 33 35 35 33 35 32 30 30 31 32 36 35 33 33 31 30 29 29 35 40 41 57 62 61 33 26 26 26 27 32 51 56 57 45 40 26 23 23 22 22 22 23 25 26 26 25 23 22 21 21 21 26 40 32 29
29 36 37 42 31 27 26 26 26 28 30 33 31 30 30 30 32 35 34 38 32 30 29 29 30 30 31 32 30 29 29 29 29 30 32 32 32 31 30 31 37 40 39 39 34 36 31 30 30 30 32 35 34 33 32 32 32 29 30 35 49 49 58 45 54 34 26 26 26 28 34 46 57 72 64 48 28 23 22 22 22 22 24 25 28 30 27 24 22 21 21 22 34 34 29 26
30 36 35 34 27 26 25 25 26 29 31 33 32 30 29 30 34 33 35 35 30 29 29 30 32 31 30 31 29 28 28 29 29 30 31 32 31 30 31 31 39 44 40 41 37 36 31 30 30 30 32 34 31 32 34 34 32 30 30 33 43 43 56 40 33 28 26 26 27 32 41 50 55 64 53 39 27 23 22 22 22 23 25 27 37 37 30 25 22 21 21 24 32 36 30 26
32 41 37 29 26 25 25 25 27 31 33 33 31 29 29 30 32 32 34 32 31 28 29 32 35 31 30 30 29 28 28 28 29 29 30 30 29 30 31 29 31 36 34 37 40 35 31 30 30 30 31 31 30 31 33 39 34 31 30 31 33 36 45 50 31 27 26 25 27 32 45 42 43 52 48 35 25 22 22 22 23 24 27 30 33 34 29 24 22 21 21 30 51 44 34 26
33 40 33 26 24 24 24 25 28 34 35 32 30 29 28 28 29 30 36 34 31 29 30 38 37 31 29 28 28 27 28 28 29 29 29 29 28 29 29 28 29 32 32 34 38 34 33 31 30 30 29 29 29 30 34 51 37 32 30 30 32 41 40 49 31 26 25 25 30 35 36 34 31 31 29 25 22 22 22 22 25 26 28 26 27 31 31 29 23 20 21 29 51 40 31 25
37 32 24 23 23 23 24 25 29 35 35 33 31 29 28 28 29 30 33 36 34 29 31 40 34 29 28 28 27 27 28 30 30 29 29 28 27 27 27 27 29 31 32 41 40 36 36 32 31 30 29 28 29 30 32 48 45 32 30 30 31 37 38 31 29 27 26 26 33 39 34 30 28 26 25 23 22 22 21 22 23 25 27 24 25 27 33 33 25 21 20 22 33 36 30 25
32 24 22 22 22 23 24 25 28 34 40 37 31 28 27 28 28 29 32 38 36 32 31 37 31 28 27 27 27 27 29 33 32 29 28 26 26 26 26 26 27 29 31 37 37 35 36 31 30 29 29 28 28 28 29 42 48 32 30 29 30 33 39 34 28 26 25 26 39 51 44 40 32 26 23 22 22 22 21 21 22 23 24 23 23 25 31 34 34 28 21 20 23 26 26 23
28 22 21 21 21 22 24 26 29 35 39 37 29 27 27 28 28 30 34 35 30 32 29 32 31 27 27 26 26 26 28 33 32 29 27 25 25 26 26 25 26 29 33 38 36 34 32 29 29 29 28 27 27 27 28 38 41 31 30 30 30 33 38 30 28 26 25 27 32 48 66 53 38 29 24 22 22 21 21 21 21 21 21 22 22 24 36 39 41 43 28 23 21 22 23 22
24 21 20 20 21 21 24 28 29 33 35 30 27 26 27 27 29 32 37 30 27 28 28 31 31 27 26 26 26 26 27 28 31 29 26 25 24 25 25 24 25 27 32 43 39 35 31 29 27 28 27 27 26 26 27 33 41 35 30 30 32 37 39 31 28 26 25 25 29 46 77 61 44 36 26 23 22 22 22 22 22 22 22 22 22 23 28 34 41 47 31 25 22 22 23 21
22 20 20 20 20 22 24 27 31 33 32 27 26 26 27 28 29 35 32 27 26 26 26 32 28 27 28 26 25 26 26 26 27 28 27 24 23 24 24 23 24 27 32 49 38 33 30 29 27 27 26 26 26 26 26 33 49 38 30 32 38 39 43 37 28 26 25 25 27 42 68 60 53 49 36 26 23 23 25 27 31 25 24 23 23 23 25 27 32 41 30 28 23 22 23 22
21 20 19 19 20 22 24 27 29 29 28 26 25 25 27 30 34 33 27 26 25 25 27 28 26 29 33 26 25 26 26 25 25 27 28 24 23 23 22 22 23 27 34 50 43 36 32 29 27 27 27 25 25 25 26 34 42 38 32 36 43 40 49 36 27 25 25 25 25 37 63 60 50 40 35 30 25 24 25 32 35 28 27 26 24 23 24 25 28 32 32 26 23 23 25 22
25 19 19 19 20 22 26 30 32 27 25 24 24 25 30 37 38 34 25 25 24 25 32 28 26 33 27 26 24 24 25 24 25 26 28 25 24 22 21 21 23 25 34 44 39 31 32 29 28 27 26 24 24 25 26 36 41 34 33 35 40 40 41 32 27 25 25 25 25 34 58 65 55 43 35 29 26 24 25 28 33 35 35 31 27 25 24 27 29 29 29 24 22 23 26 22
30 19 18 18 20 24 34 49 37 27 24 24 24 26 33 45 37 30 25 24 24 25 32 27 24 26 25 26 24 25 24 24 24 25 28 26 27 24 21 21 21 23 26 27 29 29 31 30 30 27 27 24 24 25 28 38 39 34 35 36 37 39 36 30 26 25 25 25 25 32 55 53 52 50 34 27 25 24 24 26 32 38 38 34 31 26 26 32 31 27 26 24 23 24 23 21
28 19 19 19 20 24 33 50 41 30 25 24 24 29 34 44 37 28 24 23 24 26 30 25 23 24 26 26 25 24 24 24 24 27 30 29 27 23 21 21 21 21 23 24 26 33 31 29 27 25 24 24 24 25 33 42 36 33 34 40 40 36 31 28 27 25 25 25 26 31 44 44 42 52 33 26 25 25 25 26 31 31 32 39 34 28 29 32 28 27 25 24 23 25 23 21
25 20 19 19 21 23 27 37 34 31 26 23 23 27 35 42 37 26 23 23 24 28 29 26 23 23 26 27 25 23 23 23 25 32 29 26 26 23 20 20 20 21 22 24 26 29 31 27 25 24 24 24 24 26 32 37 34 31 35 44 41 32 28 27 27 28 27 26 26 28 35 38 37 44 31 25 25 26 26 27 27 28 29 37 32 27 27 33 28 27 25 24 23 23 22 21
22 19 19 20 22 26 34 32 28 28 24 23 23 28 32 37 30 25 22 22 26 31 34 30 24 22 24 26 24 23 23 24 26 30 28 25 23 21 20 20 20 21 22 26 25 27 30 26 24 24 24 24 24 32 41 40 34 31 32 42 54 35 28 26 27 32 30 27 27 28 30 32 32 31 27 25 26 29 31 30 28 28 29 28 26 25 26 39 31 29 27 24 23 22 22 22
22 19 19 20 23 28 34 31 29 25 23 23 23 26 29 31 27 24 22 23 26 34 34 35 23 21 23 25 23 22 23 24 27 27 25 23 21 20 20 20 20 20 22 29 29 28 30 27 25 24 24 24 25 31 42 39 33 31 29 35 51 35 27 27 27 29 34 29 27 27 28 30 29 28 27 26 27 32 42 36 30 30 29 26 25 25 25 31 36 30 27 25 23 22 22 25
21 18 19 21 24 26 25 24 25 24 23 23 24 27 29 25 26 24 22 25 26 26 28 31 21 20 21 22 22 22 25 26 27 27 24 21 20 19 19 20 20 20 24 31 32 30 30 27 27 25 24 24 24 26 33 36 32 30 29 31 42 30 27 27 27 29 35 33 28 28 28 28 27 27 27 27 28 33 44 37 32 30 28 26 25 25 25 31 49 38 30 26 23 23 24 31
19 18 20 22 25 25 24 22 23 24 23 24 26 29 24 23 24 25 22 24 25 23 22 21 20 20 21 21 21 22 24 26 26 26 22 19 19 19 19 20 20 21 34 34 32 32 32 30 26 25 24 24 24 25 28 33 35 35 29 30 38 30 27 27 27 28 32 35 29 28 29 31 27 27 27 28 29 33 44 39 33 31 28 26 26 26 26 29 41 42 30 26 24 24 28 45
18 19 21 23 24 24 22 21 22 24 24 26 29 27 23 21 22 23 22 24 24 20 19 19 19 20 23 21 21 22 23 25 25 22 20 19 19 19 19 20 20 22 33 36 37 32 31 28 25 24 24 24 24 24 27 38 40 32 28 30 37 30 27 27 27 28 33 37 30 30 30 32 29 27 28 28 30 34 47 44 37 33 29 27 26 26 27 30 34 33 29 25 25 25 33 51
18 20 23 25 23 22 21 21 22 24 24 27 25 23 21 21 23 24 25 26 26 20 19 19 19 20 22 21 21 22 23 23 24 21 19 19 19 19 19 20 20 22 30 38 36 33 28 26 25 24 24 24 24 24 28 40 31 28 28 31 36 30 28 28 28 28 29 31 33 34 33 35 34 29 28 28 31 35 45 47 38 34 30 28 27 27 27 30 43 34 28 26 26 26 32 42
18 20 22 22 21 20 20 22 25 26 25 26 27 23 21 20 23 23 25 26 25 20 19 18 19 20 23 22 22 22 22 23 23 20 19 19 19 19 19 20 21 25 31 34 38 33 27 25 25 24 24 24 24 25 32 32 28 28 28 32 32 38 31 28 28 28 29 30 37 38 38 35 33 30 29 29 31 33 38 42 39 34 31 29 28 28 28 32 44 33 28 27 27 27 30 35
18 19 20 20 19 19 20 22 26 28 27 28 28 23 20 20 21 22 27 26 24 20 19 18 18 21 23 22 22 22 22 22 20 19 19 19 19 19 20 20 25 32 36 35 33 29 26 25 24 24 24 24 24 26 33 32 28 28 30 30 30 34 30 28 28 29 29 32 37 41 45 40 35 31 30 30 30 32 35 38 38 34 32 30 29 29 31 37 47 32 30 29 28 29 32 34
21 21 19 19 19 19 19 21 24 26 29 29 27 23 20 20 20 22 27 27 25 20 18 18 18 19 21 24 23 22 24 23 19 19 19 19 19 20 20 23 31 42 43 34 30 27 26 24 24 24 24 24 25 27 36 32 29 29 32 28 29 38 33 29 29 29 30 32 34 42 46 48 38 33 31 31 31 31 37 41 38 35 33 31 30 31 36 49 46 34 32 31 30 31 34 35
25 22 19 18 18 18 19 20 22 23 24 25 23 23 20 20 20 21 26 26 25 21 18 18 18 18 20 25 22 21 22 21 19 19 19 19 19 20 22 26 33 48 43 32 29 26 25 26 24 24 24 25 27 28 31 30 29 33 32 28 29 33 35 31 29 30 32 35 37 44 45 40 41 40 37 33 32 31 34 41 44 42 35 33 32 33 46 52 42 37 34 34 31 32 34 34
23 21 19 19 18 18 19 21 23 22 22 21 20 20 19 20 19 21 24 24 22 20 18 18 18 18 19 22 23 22 20 20 19 19 19 19 20 21 24 27 35 47 37 30 27 25 26 25 24 24 25 27 28 28 29 30 32 32 28 27 29 32 35 32 30 30 33 38 47 46 41 38 40 37 39 44 38 33 33 38 47 46 36 34 33 33 38 46 46 40 38 37 32 32 32 32
20 20 20 19 17 19 21 23 24 22 21 22 20 19 19 19 19 20 22 24 21 19 18 18 18 18 20 23 23 20 19 19 19 19 19 20 22 29 32 32 39 38 31 27 25 25 29 27 25 24 25 27 28 27 29 31 33 29 27 28 30 34 36 33 31 31 33 37 47 48 41 37 35 35 37 46 48 34 33 37 44 48 40 36 34 34 35 39 43 38 36 36 32 31 30 30
19 19 18 17 17 19 21 23 22 23 20 21 21 19 19 19 19 19 21 23 21 18 18 18 19 19 19 19 18 18 18 19 20 20 21 25 30 37 37 37 37 32 28 25 24 26 26 26 25 26 25 25 28 26 29 33 32 28 27 28 31 35 34 32 30 30 32 35 38 44 40 37 34 33 35 40 43 35 34 36 43 54 43 38 35 35 35 36 38 36 35 35 36 30 30 30
19 20 18 16 16 18 20 21 21 20 19 22 21 19 19 18 19 19 21 22 22 19 19 19 20 23 21 19 18 19 19 19 21 23 27 34 35 42 35 33 33 29 26 24 24 27 25 24 28 29 28 26 25 26 27 29 29 26 26 28 30 31 32 31 30 30 32 33 36 43 46 39 35 32 32 37 44 37 34 35 40 50 47 39 36 35 35 36 37 38 34 33 34 30 29 30
18 19 17 16 16 16 17 19 20 19 18 21 21 19 18 18 19 20 22 24 23 20 19 20 23 24 23 20 19 19 19 21 24 26 30 37 43 37 33 32 29 26 25 24 25 27 24 24 26 30 32 29 27 25 26 28 28 26 25 26 27 29 33 35 31 30 31 32 33 37 41 41 35 31 32 37 44 40 35 35 37 40 45 42 38 35 34 36 36 36 35 32 31 30 30 30
18 18 16 15 15 16 16 17 19 18 18 20 21 19 18 18 19 21 23 24 25 21 20 22 25 25 23 20 19 19 19 21 25 29 33 38 38 32 30 29 26 25 25 24 26 24 24 24 25 27 30 37 32 28 25 27 28 26 25 25 26 30 33 43 34 31 30 31 33 34 36 39 37 32 33 38 46 42 37 35 36 38 42 43 40 35 33 35 34 36 36 31 30 30 30 30
18 18 16 15 15 15 16 16 17 17 17 18 18 18 18 19 21 24 30 30 24 21 21 22 24 27 24 20 19 19 19 22 27 31 32 36 33 31 29 27 26 25 24 24 25 25 24 24 25 27 31 37 36 31 26 26 29 27 25 25 25 28 33 45 38 32 30 30 31 33 34 35 36 34 36 40 46 44 38 36 36 38 39 36 36 35 34 32 32 32 32 30 30 30 31 31
18 18 16 15 15 15 15 16 17 17 17 17 17 17 18 20 22 25 30 31 25 22 21 22 24 28 26 21 19 19 20 23 27 32 30 30 29 29 28 27 25 25 25 26 26 24 24 24 25 28 31 38 38 30 26 28 31 27 25 25 25 28 32 41 40 34 32 30 31 31 33 33 31 33 36 43 49 45 39 37 38 43 39 33 32 33 32 31 31 31 30 30 30 31 31 31
16 17 16 15 15 15 15 16 17 17 16 17 17 17 19 21 24 29 29 32 27 24 23 23 24 27 28 22 19 19 20 24 29 29 27 25 25 25 28 33 26 25 27 29 29 24 24 24 26 29 32 31 34 30 25 28 29 27 25 25 25 29 34 42 43 37 37 33 30 30 31 32 31 33 36 41 45 48 41 37 38 34 32 31 31 30 30 30 30 30 30 30 31 31 31 32
15 16 16 15 15 15 16 16 16 16 16 17 17 18 19 20 22 24 25 28 29 26 24 23 23 26 30 25 20 20 21 25 28 26 24 23 23 23 28 36 27 26 29 34 30 24 24 24 25 31 33 29 28 27 27 30 28 26 25 25 25 28 33 42 48 37 33 34 33 31 29 29 32 33 37 39 40 42 40 36 33 31 30 30 30 30 30 30 30 30 30 31 32 32 32 33
15 16 16 15 15 15 16 16 16 16 17 17 17 18 18 19 21 21 23 24 28 28 25 24 23 25 30 26 21 21 23 26 25 24 22 22 22 22 25 33 28 28 31 36 28 24 24 24 25 30 31 27 26 25 28 31 28 26 25 25 25 28 31 38 42 34 30 29 31 31 29 31 33 35 38 38 35 36 40 34 32 30 30 29 30 30 30 30 30 31 32 33 33 33 34 34
16 16 17 17 16 17 16 17 18 18 17 17 17 18 18 19 20 21 22 23 25 30 27 24 23 23 25 23 22 22 23 25 25 23 22 21 21 21 22 32 29 31 31 31 27 25 24 25 26 25 29 25 23 26 29 31 28 26 25 25 26 28 31 34 35 31 28 28 27 29 31 32 36 40 41 40 35 33 33 32 30 30 30 30 30 30 30 31 32 32 33 34 35 35 35 35
16 17 18 18 17 16 16 18 20 20 19 18 18 18 18 19 20 20 21 22 24 28 30 25 24 23 23 22 22 23 24 27 25 23 21 21 21 21 23 27 30 32 30 30 27 26 25 27 27 25 24 23 24 27 30 33 29 26 25 25 26 30 30 32 34 30 28 27 27 29 31 34 37 41 41 37 34 32 31 32 30 30 30 30 31 31 31 32 33 34 36 38 38 37 37 36
17 18 19 18 17 16 16 18 20 22 20 19 18 18 19 19 20 20 21 21 23 27 28 26 25 24 23 24 24 24 26 25 23 22 21 21 21 22 24 26 30 33 31 32 30 29 27 28 25 26 22 23 25 27 31 33 29 26 25 26 28 32 32 34 39 33 28 27 29 30 32 35 39 39 37 35 33 33 32 32 31 31 32 32 33 33 33 34 35 36 41 44 41 40 39 38
18 18 17 17 16 15 15 16 17 19 20 21 19 18 19 19 20 20 20 21 22 26 29 27 24 23 24 26 25 25 26 24 22 21 21 21 21 22 25 27 30 33 33 33 35 33 29 27 23 22 25 26 27 30 33 35 29 27 26 26 29 33 34 34 37 34 28 28 30 32 34 36 38 38 37 36 36 37 38 37 36 34 35 36 36 35 36 37 38 39 44 46 44 42 41 41
18 17 16 16 15 15 15 15 16 17 19 23 21 19 19 19 20 20 20 20 22 25 26 25 24 23 24 26 25 24 24 23 22 21 21 21 22 24 30 31 34 35 32 33 39 34 28 25 21 24 25 24 25 27 29 30 29 27 27 28 31 36 35 33 31 30 29 30 31 34 38 41 40 39 38 37 39 39 39 39 40 41 38 38 38 38 39 39 41 42 43 44 46 45 44 42
17 16 16 15 15 15 15 16 16 17 19 22 22 20 19 20 21 20 20 20 21 24 26 24 23 23 24 27 27 25 24 23 22 22 22 23 24 25 30 29 30 30 28 31 33 27 23 22 20 23 23 23 25 27 27 27 27 27 29 32 35 37 36 33 30 28 31 30 30 34 37 39 39 38 37 38 40 39 39 40 39 40 41 41 41 41 42 43 46 45 45 45 46 47 47 46
16 16 15 15 16 17 17 17 18 18 19 20 21 20 20 21 21 20 20 20 20 23 24 23 22 22 25 29 29 26 24 24 24 24 26 30 28 26 25 24 25 26 26 32 33 27 22 21 20 23 22 25 28 31 28 27 27 28 31 35 39 39 35 32 28 32 34 34 33 34 37 38 36 37 37 39 39 41 42 43 42 41 43 42 43 44 45 46 48 47 48 48 48 51 53 51
17 15 15 18 23 22 19 18 18 18 19 20 21 21 20 20 20 20 20 20 20 22 26 22 22 22 25 29 33 28 25 26 26 26 29 34 30 26 23 22 22 23 24 31 28 26 22 20 19 23 24 26 34 35 29 28 27 28 31 37 43 40 35 29 31 37 39 37 37 36 37 36 36 37 38 38 38 40 44 45 43 43 48 45 45 46 48 47 49 49 50 54 54 49 49 48
15 15 16 18 21 22 19 18 18 19 19 21 21 20 20 20 20 20 20 20 20 22 25 23 22 23 25 29 32 27 25 24 24 25 28 33 34 28 24 22 21 21 23 28 26 24 23 21 20 20 23 28 37 37 31 28 27 28 31 36 42 40 36 32 29 39 42 41 39 38 38 39 38 38 40 42 38 40 44 47 46 45 45 47 48 49 48 49 52 52 52 56 59 52 51 51
15 15 16 16 17 18 17 18 18 19 20 20 20 20 20 20 20 20 20 21 21 24 25 23 23 23 26 32 32 26 24 23 23 24 28 31 39 30 27 22 21 20 21 23 27 28 27 23 20 19 21 28 30 34 30 27 27 28 30 35 37 40 36 34 29 36 40 39 38 40 39 40 41 40 40 42 38 37 41 46 45 45 46 46 47 48 49 49 51 53 53 57 63 59 51 51
17 16 16 16 15 17 19 19 19 19 19 20 20 20 20 21 21 20 21 21 23 26 27 24 23 24 31 31 28 25 23 22 22 23 26 29 34 29 26 23 21 20 20 21 25 30 31 25 21 19 20 25 26 28 28 27 26 27 30 35 40 39 35 33 28 32 37 37 34 38 42 42 43 40 37 38 37 36 38 40 42 46 47 46 44 46 48 50 52 52 54 63 67 53 51 51
19 18 16 15 15 16 19 19 20 19 20 21 20 21 22 22 22 21 22 23 26 28 29 26 24 27 32 27 25 23 22 21 21 22 24 28 31 27 25 23 21 21 20 21 25 36 35 29 23 20 20 24 24 25 27 26 26 28 31 35 43 40 35 31 27 27 33 33 32 36 41 45 45 40 35 37 36 35 35 38 45 45 45 43 42 45 48 51 56 62 63 66 61 52 51 48
21 18 16 15 15 15 18 19 19 19 20 21 22 23 23 23 23 23 25 26 27 29 29 28 27 29 30 27 24 22 21 21 21 21 21 22 23 24 25 23 22 21 20 20 23 31 32 29 27 21 20 21 22 24 26 26 28 29 32 39 39 36 33 29 29 30 27 28 30 35 40 39 37 36 33 35 35 33 33 37 41 41 42 40 41 46 49 51 53 58 63 54 52 52 47 48
20 18 16 15 15 15 16 18 18 19 23 23 24 23 24 24 24 25 26 27 28 29 30 30 30 31 29 29 28 23 22 21 21 21 21 21 21 23 25 25 24 22 20 20 21 23 28 27 27 22 20 19 22 25 28 28 32 32 34 38 32 29 27 28 31 29 24 26 31 36 38 35 34 34 32 32 32 32 32 35 36 38 37 37 44 47 48 49 52 52 52 51 49 45 43 45
17 16 16 15 15 15 16 17 17 18 19 20 22 22 21 22 24 25 26 27 29 30 31 32 32 31 27 28 25 24 22 21 21 22 21 21 22 23 25 26 27 22 20 20 20 23 25 25 25 24 21 19 20 22 24 30 32 32 34 30 26 24 25 30 28 26 22 25 29 34 34 32 32 32 33 30 30 31 30 34 40 40 36 37 45 47 41 47 49 48 48 45 40 40 41 41
