data/bioclim/bclim13.asc
NCOLS 300 
NROWS 196 
XLLCORNER -121.25 
YLLCORNER 31.1666666666667 
CELLSIZE 0.0416666666666667 
NODATA_value -32768 
[rows 0 to 50 of 196, columns 0 to 95 of 300]
236.000000000000000 226 248 258 272 279 284 296 301 305 315 318 328 319 318 289 266 246 231 221 207 195 186 177 166 151 132 124 126 130 137 140 126 81 48 47 52 64 53 36 28 24 23 21 20 19 20 17 15 15 15 15 15 15 15 15 15 15 15 15 15 15 15 16 16 16 16 16 17 17 17 17 17 17 17 18 20 20 20 20 20 22 24 29 31 31 30 27 26 26 27 27 30 29 27 27
215 222 248 262 274 279 285 291 284 304 303 302 319 330 319 276 261 249 237 224 217 205 191 182 172 160 149 139 135 133 127 114 115 68 48 44 56 57 39 33 27 25 24 25 21 19 18 17 16 15 15 15 15 15 15 15 15 15 15 15 15 15 15 16 16 16 16 16 16 18 17 17 17 18 19 18 19 19 19 20 22 22 23 27 29 28 29 26 25 26 26 28 30 30 27 27
212 221 244 266 273 276 281 277 269 279 279 307 289 292 315 288 259 253 235 230 221 210 196 186 176 166 161 144 123 111 96 92 107 74 52 48 51 42 33 29 27 27 38 32 26 22 18 16 16 17 22 17 16 16 16 15 15 16 17 16 15 15 15 16 17 17 16 16 17 19 16 16 17 20 23 21 20 20 20 22 24 23 23 26 29 27 25 25 25 26 29 29 30 28 27 28
216 221 233 258 265 272 272 263 259 258 275 260 244 278 285 285 281 261 254 233 226 214 200 190 181 170 157 142 124 110 97 91 126 107 58 44 40 36 35 34 31 41 58 39 34 27 18 17 15 16 16 15 15 16 17 17 17 17 17 16 15 16 16 16 17 18 17 17 18 18 17 17 18 21 23 22 22 21 21 23 25 24 24 26 27 26 25 25 26 29 32 32 30 27 27 29
196 210 225 246 247 247 255 253 253 243 266 282 292 296 304 292 286 263 253 241 231 215 203 195 185 173 159 143 125 110 97 96 127 113 63 46 41 39 42 46 37 48 63 43 41 30 19 17 16 15 15 15 15 15 15 15 16 17 16 16 15 15 15 16 17 18 18 18 20 19 17 17 19 20 20 21 21 20 21 22 23 23 24 25 25 25 25 25 28 31 34 31 29 26 28 30
173 192 207 221 231 237 241 238 238 242 258 270 289 272 262 286 285 271 259 245 230 217 208 198 189 177 159 143 126 110 97 99 112 77 57 44 40 44 54 55 47 51 58 40 33 24 23 18 16 16 15 15 15 15 15 15 15 16 17 16 16 15 15 16 16 17 17 18 19 21 18 18 19 20 20 20 20 20 21 22 22 22 23 24 24 24 25 26 30 30 30 28 26 26 29 32
170 186 203 203 210 226 236 234 226 230 242 259 255 229 258 284 282 259 257 244 225 216 206 200 193 184 160 143 127 112 99 109 135 91 51 42 42 42 48 51 61 59 66 36 29 30 23 20 16 16 16 15 15 16 16 16 15 15 16 16 17 17 16 16 16 16 17 17 18 20 19 19 19 20 20 20 19 19 20 20 20 20 21 24 24 24 24 27 31 29 26 25 25 27 30 32
153 172 185 195 207 215 228 213 225 233 233 220 213 227 238 253 259 256 256 233 236 224 213 202 192 186 168 145 129 115 103 108 137 83 46 41 39 41 41 46 55 55 71 38 29 31 23 22 18 16 16 16 16 16 16 16 16 15 16 16 16 16 16 16 16 16 17 18 18 18 19 18 18 18 19 20 19 19 19 20 20 19 20 24 24 23 24 26 30 28 25 25 26 27 30 36
148 163 178 187 204 212 202 206 223 215 213 232 236 216 243 255 257 265 244 239 233 224 215 208 195 192 190 160 133 119 108 104 126 81 48 43 40 40 40 42 45 50 67 51 25 23 21 23 22 16 16 16 16 17 16 18 17 15 15 15 15 15 15 16 16 16 17 18 17 16 16 16 16 16 19 19 18 18 18 19 19 18 22 25 24 23 23 25 27 26 25 25 26 29 37 33
135 145 169 182 192 182 186 195 213 217 228 236 243 253 241 238 248 243 245 245 234 224 217 209 207 196 193 169 138 125 113 127 151 80 52 47 43 43 42 43 49 64 66 46 25 23 22 25 23 17 16 16 16 16 17 24 26 17 15 15 15 15 16 16 16 16 16 17 16 16 16 16 16 16 17 17 18 18 18 17 18 19 23 25 24 22 22 23 26 26 24 26 28 32 38 29
130 138 152 167 171 184 194 199 207 221 226 233 238 256 267 262 253 257 255 241 230 220 215 213 209 204 198 188 150 135 121 140 156 106 58 51 48 45 47 50 52 76 75 45 26 24 23 24 25 18 17 16 16 16 16 17 22 26 16 15 15 16 17 17 17 16 16 16 16 16 16 16 16 16 16 17 18 17 17 17 18 19 22 23 22 21 21 24 27 26 25 27 30 38 32 29
133 138 145 157 160 178 177 185 201 206 213 218 223 235 249 258 260 245 248 236 229 218 213 209 206 208 202 191 171 140 146 163 164 150 80 57 55 54 55 67 69 88 76 42 28 26 24 23 25 20 18 17 16 16 17 17 18 20 17 15 15 16 17 18 17 17 17 16 16 16 16 16 16 16 16 17 17 17 17 17 19 22 23 22 21 21 21 23 25 26 25 27 32 44 34 30
125 128 136 141 164 176 163 165 175 195 204 202 216 228 220 228 231 242 245 239 233 224 218 213 206 201 191 181 183 161 176 170 159 155 101 66 65 61 65 63 78 98 85 63 32 27 25 24 23 22 19 18 18 18 19 20 21 35 20 16 15 15 16 17 17 17 18 17 17 16 16 16 16 16 16 16 17 17 17 17 20 22 24 22 21 20 21 22 24 26 26 26 28 37 36 39
120 124 129 140 145 157 165 177 183 187 191 194 204 211 221 231 229 227 224 220 218 214 205 199 195 193 187 190 196 181 179 154 151 136 91 79 74 70 75 72 67 61 62 46 33 29 27 26 25 24 22 20 19 17 17 17 20 33 29 16 15 15 16 17 17 17 17 17 18 17 17 17 18 17 16 17 17 17 18 18 19 21 22 21 20 20 21 23 26 26 25 27 29 30 39 35
115 119 124 130 144 165 175 170 179 186 192 197 204 210 217 226 231 232 236 235 228 226 216 209 195 196 198 197 198 192 182 157 167 152 104 88 95 105 89 89 58 44 38 36 38 36 29 29 30 31 28 23 20 20 17 17 19 28 21 16 15 15 15 17 17 17 17 17 18 18 18 18 19 17 17 18 17 17 18 18 19 19 20 20 19 19 20 23 25 25 25 28 26 27 28 26
113 113 120 130 150 165 174 177 181 186 188 190 198 200 203 218 229 239 243 240 237 231 221 216 204 193 196 205 202 194 185 170 166 136 104 92 99 110 110 109 69 44 40 40 46 47 32 31 35 50 40 30 24 21 19 18 20 27 20 16 15 15 15 16 19 19 18 19 18 18 19 19 19 19 19 18 17 17 17 18 18 18 18 19 19 19 20 22 24 23 23 26 27 24 25 25
112 113 117 128 137 158 165 174 177 184 183 186 184 184 194 205 219 234 244 242 239 231 225 224 217 209 210 205 202 191 187 179 170 149 121 124 98 107 107 98 64 49 44 44 49 55 43 35 37 47 56 52 30 22 20 19 21 30 26 17 15 15 15 16 17 17 18 18 18 18 18 19 19 20 20 18 18 18 17 18 18 18 18 19 18 18 19 20 21 21 22 23 24 23 22 24
112 114 116 121 128 141 159 162 167 177 181 181 179 181 190 210 224 234 241 240 237 232 225 222 219 214 215 212 203 184 186 180 168 162 151 128 123 99 93 96 74 57 47 50 58 62 64 48 38 43 49 51 33 23 22 22 24 33 43 28 16 15 15 15 15 16 16 17 18 17 17 17 17 17 18 18 19 19 18 18 18 19 19 19 18 18 18 19 20 20 22 22 22 21 20 22
112 113 113 116 124 133 148 151 163 172 180 179 175 184 205 215 227 234 236 236 235 231 228 222 212 215 210 206 193 170 172 171 167 163 157 150 143 122 102 97 87 66 51 60 75 73 66 54 43 44 55 55 36 27 23 22 22 37 57 57 26 15 15 15 15 15 16 16 16 16 16 16 16 16 17 18 19 20 18 18 18 20 20 19 18 18 17 18 18 19 19 20 20 21 20 19
109 110 109 112 118 123 132 140 150 174 178 175 172 179 199 210 219 228 237 240 237 231 227 218 212 204 199 197 173 191 188 175 167 166 159 155 140 132 110 111 108 72 57 58 79 84 89 72 48 46 62 60 44 37 27 23 24 42 55 39 26 17 15 15 15 15 16 16 16 16 16 16 16 16 16 17 19 20 19 18 18 20 21 20 18 18 18 17 17 17 17 18 18 18 18 18
105 105 107 108 111 117 126 135 148 168 175 174 172 176 195 205 217 226 230 227 223 223 216 210 208 204 199 198 198 191 181 175 175 164 159 153 147 128 135 118 122 95 71 74 88 95 109 84 51 41 44 37 35 32 27 27 30 40 51 46 28 21 17 16 15 15 16 16 16 17 17 17 17 16 16 16 17 18 19 18 18 18 18 19 18 18 18 17 16 16 16 17 17 17 17 17
102 103 105 106 108 110 120 129 136 148 168 171 171 178 185 196 211 209 217 227 234 232 229 224 216 210 210 203 189 182 173 170 163 162 149 148 144 137 143 128 130 112 88 74 92 107 120 103 61 42 36 33 32 30 28 27 28 30 39 48 36 25 20 17 16 16 18 17 16 16 18 20 18 17 16 16 16 17 18 19 18 17 17 17 17 17 17 17 17 16 16 16 16 16 16 17
99 100 101 103 104 106 110 118 128 149 163 167 169 176 190 187 193 203 211 214 227 232 232 226 219 214 204 196 188 182 173 166 170 161 141 144 148 143 145 144 135 117 103 81 95 100 109 101 68 45 44 40 38 35 30 28 28 28 30 32 37 36 30 23 17 18 21 22 18 16 16 16 16 16 16 16 16 17 18 21 21 17 16 16 17 17 16 16 16 16 15 15 15 16 17 18
96 97 98 99 102 104 104 108 118 137 154 159 163 168 172 183 197 199 204 209 226 241 234 229 221 212 206 202 196 186 178 161 154 146 149 145 151 150 150 144 120 92 85 79 85 86 79 88 64 51 65 61 54 42 35 31 29 29 30 31 33 40 35 26 19 18 20 22 19 16 16 16 16 16 16 16 16 19 22 22 21 17 16 16 16 18 17 16 16 16 15 15 15 16 17 20
93 94 96 96 97 98 98 101 106 120 132 149 145 156 162 176 193 199 204 212 221 231 238 232 220 215 207 200 193 180 170 166 165 161 155 147 138 150 151 136 115 106 106 91 95 86 65 67 48 52 66 64 57 50 48 39 37 37 39 34 40 45 35 22 20 19 20 21 25 21 21 21 22 17 16 15 15 16 19 19 18 16 16 16 16 18 16 16 16 16 15 15 15 15 17 20
91 91 91 92 94 95 95 97 100 106 119 139 145 149 160 173 187 193 196 206 219 232 236 227 225 218 209 201 193 179 176 176 175 170 162 157 144 144 147 144 125 121 124 107 113 95 70 52 47 53 60 70 68 57 56 51 49 47 48 35 35 41 35 23 21 24 26 23 23 19 19 21 20 15 15 15 15 15 16 16 17 16 16 16 16 16 16 15 16 15 14 14 14 15 16 18
89 88 89 89 89 90 90 91 93 100 113 129 134 135 156 177 179 182 184 196 216 222 220 225 225 219 212 203 187 184 180 179 176 172 167 162 156 154 150 143 124 132 134 124 99 90 65 55 50 58 62 77 78 69 58 59 49 40 36 34 35 42 31 27 28 27 26 21 17 16 15 16 16 15 15 15 15 15 15 15 16 17 16 15 16 16 17 16 15 14 14 14 14 14 15 18
88 87 86 86 86 86 87 88 90 98 103 114 128 129 140 155 165 166 178 193 207 195 186 200 204 208 200 195 194 190 182 179 176 173 167 162 157 154 148 146 136 133 133 118 123 104 71 63 57 60 61 64 64 62 59 47 42 42 37 35 37 39 32 32 27 23 23 23 17 16 16 18 19 15 15 16 15 15 15 15 15 16 17 17 17 19 19 16 14 14 14 14 14 14 15 17
87 85 84 84 84 85 85 85 87 92 100 120 153 148 127 137 146 162 177 187 185 176 204 204 213 214 213 207 201 193 185 179 174 168 163 158 152 149 150 144 146 140 133 123 108 95 98 81 73 66 66 65 63 54 47 42 40 39 38 37 40 43 36 32 24 23 23 20 19 17 16 16 17 16 15 15 15 15 14 14 14 16 18 18 18 20 17 15 14 14 14 14 14 15 15 17
85 83 82 81 81 81 81 80 81 88 105 111 150 140 125 132 147 156 166 171 162 177 186 188 203 210 214 210 203 195 188 182 174 167 162 156 152 153 148 142 139 138 133 132 132 126 120 99 86 76 71 63 53 48 45 43 41 40 38 38 42 43 40 29 26 26 23 22 20 20 19 17 19 19 16 14 14 14 14 14 14 17 19 18 17 17 15 14 14 14 14 15 15 15 16 17
81 80 79 78 77 77 77 77 78 84 103 114 119 138 138 136 135 147 153 149 167 181 197 209 207 211 212 212 205 198 190 183 175 169 162 155 150 149 142 137 135 135 133 130 129 131 121 121 103 79 61 57 52 49 47 45 43 41 41 40 41 39 35 31 30 29 26 24 23 24 21 19 21 26 20 15 14 13 13 13 13 14 16 15 15 14 14 14 14 16 17 17 16 15 16 17
78 77 76 75 74 74 74 74 76 78 85 108 113 117 135 149 132 133 134 157 168 187 183 191 202 202 204 211 204 200 193 185 178 171 163 156 151 145 142 136 140 127 131 132 120 118 134 114 101 86 63 59 56 53 50 47 45 45 46 43 40 38 37 37 37 36 31 31 28 25 22 20 19 19 17 14 13 13 13 13 13 13 14 14 14 13 13 14 16 20 22 18 17 16 16 17
75 75 74 73 72 71 71 71 72 73 78 92 110 106 112 118 126 119 131 147 155 164 174 185 182 187 202 211 197 196 196 189 181 172 166 157 152 145 139 137 129 135 135 122 117 127 132 124 123 111 76 63 59 56 53 50 48 52 53 44 41 38 36 34 35 36 37 34 31 28 27 24 20 18 18 18 15 13 13 13 16 14 14 13 13 13 14 15 17 18 19 18 18 16 15 16
73 72 71 70 69 68 67 67 67 69 72 79 97 108 100 102 112 115 123 134 139 148 163 172 169 187 195 201 191 188 188 187 173 176 160 157 150 145 142 134 129 124 119 124 116 124 132 122 114 93 81 69 63 60 57 54 54 55 53 49 42 39 36 35 35 35 31 29 26 25 34 29 23 18 16 15 15 14 13 13 16 15 14 14 14 14 15 16 18 20 19 17 17 15 15 15
70 69 68 68 67 66 65 65 65 67 70 74 85 100 101 95 103 114 124 121 132 143 141 149 148 166 167 191 181 176 166 167 172 164 170 166 159 153 147 145 142 141 130 119 117 118 118 117 132 115 82 72 68 68 62 60 60 58 53 49 44 41 39 36 35 31 29 27 30 38 48 35 25 19 16 15 15 14 13 13 15 17 16 15 14 14 15 16 17 18 17 16 15 14 14 15
66 66 66 65 65 64 64 64 64 66 69 71 74 81 87 98 105 107 119 117 116 119 142 166 174 176 174 158 156 164 175 175 177 171 175 169 162 157 151 146 140 143 134 127 129 123 115 125 127 117 86 77 73 72 69 65 64 64 58 52 48 45 42 39 37 32 30 29 48 74 57 37 26 20 16 14 14 13 13 13 15 19 19 17 16 15 14 14 14 14 15 15 14 14 15 15
63 63 63 63 63 63 63 63 64 65 68 70 72 75 79 90 101 105 112 113 111 131 134 159 183 188 181 182 178 178 180 178 177 175 178 174 166 159 155 146 143 138 130 134 130 132 130 120 136 134 103 82 77 74 71 68 68 68 65 64 56 51 49 43 37 33 30 30 50 90 64 42 31 20 16 14 14 13 13 15 16 17 21 21 20 16 14 13 13 13 14 16 15 16 15 16
60 61 61 61 62 62 62 62 63 64 66 68 71 75 78 79 84 92 102 107 104 108 143 145 162 182 186 181 173 175 184 190 188 187 183 176 169 162 156 150 145 139 134 130 128 132 142 133 129 121 100 86 86 78 73 69 67 63 65 66 66 69 58 45 40 35 33 29 37 87 91 56 36 23 17 15 14 13 14 19 21 22 24 23 19 17 14 13 13 13 14 16 17 18 18 17
57 58 59 60 60 61 61 62 63 64 66 68 69 71 73 74 76 80 89 100 97 105 124 145 142 153 178 179 173 168 175 176 177 185 185 179 173 167 160 156 151 143 136 132 126 131 137 147 130 115 106 108 92 81 75 71 67 63 59 56 54 60 60 47 44 37 33 27 27 44 83 69 49 28 19 15 14 15 18 23 28 27 29 21 16 14 13 13 13 14 16 17 18 21 20 18
56 57 58 58 59 60 60 61 62 63 64 66 67 69 72 74 76 77 80 88 99 100 109 115 110 141 173 168 164 157 169 168 163 168 160 161 170 172 164 157 152 146 139 142 136 125 132 134 124 127 109 98 93 83 79 74 70 66 62 58 55 53 53 48 46 40 34 28 25 30 58 85 55 35 25 16 14 14 18 27 31 25 22 17 15 13 13 13 14 15 17 18 21 23 20 19
55 56 56 57 58 59 59 60 61 62 63 65 67 68 69 71 73 74 76 83 87 98 105 104 129 123 141 157 142 156 167 152 152 146 171 180 184 177 167 161 154 148 142 141 146 135 132 124 111 120 111 97 93 92 82 77 73 69 65 61 57 55 52 49 45 41 35 29 25 27 49 96 82 42 28 19 14 13 15 20 22 23 19 16 14 13 13 13 14 15 17 18 19 18 18 18
54 55 56 56 57 57 58 58 59 61 62 64 65 67 69 71 72 74 76 77 80 84 101 96 114 144 130 129 130 145 143 161 177 174 157 169 174 181 174 163 156 151 146 141 140 134 127 118 114 111 108 98 94 97 94 86 83 72 68 63 60 57 54 50 47 42 35 29 26 27 41 73 96 60 35 24 17 14 13 15 19 21 20 16 14 14 14 14 15 16 17 20 19 17 17 17
55 55 55 56 56 57 57 57 58 59 61 62 64 67 69 70 72 73 73 74 76 78 91 94 103 124 156 154 164 159 166 164 177 181 172 192 192 183 178 172 162 155 149 143 141 132 127 123 119 114 108 103 98 102 111 111 105 95 82 67 63 59 55 52 48 43 36 30 26 25 37 71 90 70 55 40 26 18 14 14 16 19 21 20 18 17 17 17 17 18 19 18 17 16 16 17
58 56 56 55 55 56 56 56 56 57 58 61 63 65 67 69 70 71 72 73 74 75 78 89 97 108 131 136 156 165 163 166 167 172 181 193 195 191 185 182 171 161 152 147 143 137 134 131 125 122 112 106 103 100 97 107 115 113 97 97 84 75 58 52 47 41 36 30 27 24 31 50 78 72 56 49 38 24 17 15 15 18 18 19 21 22 26 30 23 21 20 17 16 16 16 17
65 58 56 55 55 55 55 55 55 55 57 59 61 63 66 67 68 69 71 72 76 79 78 83 94 98 103 117 146 142 147 153 152 155 165 175 176 195 194 187 174 161 156 156 154 147 141 136 132 126 116 108 107 116 105 104 112 113 112 108 85 94 59 49 46 41 36 31 27 25 28 38 55 68 64 52 39 31 21 17 15 15 16 18 20 22 26 29 27 23 20 19 16 16 17 16
75 63 57 56 55 55 55 55 55 55 56 58 60 62 64 66 68 69 71 74 76 75 75 75 87 92 106 108 133 136 121 133 139 141 157 152 168 193 187 189 184 174 164 164 161 155 149 142 135 131 124 113 113 112 106 105 100 102 102 111 101 99 61 49 44 41 37 32 28 25 25 36 50 65 53 46 37 31 23 20 17 16 17 19 21 20 22 25 26 24 19 17 16 16 16 16
76 66 59 57 56 55 55 55 54 55 55 57 58 61 63 65 67 68 68 69 72 71 71 71 76 82 87 98 106 119 129 135 126 125 136 148 153 166 172 177 189 179 167 167 165 158 150 142 142 132 129 122 112 105 101 97 104 111 119 121 119 88 64 53 47 42 37 32 28 26 25 34 42 64 55 41 34 22 19 22 18 17 19 23 26 25 23 26 29 22 18 16 16 16 16 17
73 67 60 57 56 56 55 54 54 54 55 56 57 59 61 63 65 66 66 67 67 68 68 69 70 74 80 84 93 107 118 120 108 109 104 139 138 141 151 166 179 184 180 170 167 155 144 148 147 138 128 128 122 115 105 102 102 113 124 125 104 84 95 61 55 48 40 34 30 27 25 32 43 51 45 32 24 19 20 17 15 15 18 18 20 22 23 23 20 18 17 17 18 18 19 20
75 65 59 57 56 56 55 54 53 53 53 54 55 57 58 60 62 64 64 64 65 65 66 66 67 70 73 78 86 95 96 99 101 99 110 131 149 164 149 158 170 174 181 177 172 162 150 154 143 132 127 122 120 117 112 107 119 113 123 122 113 114 93 65 61 55 50 43 33 28 26 28 40 43 37 26 20 19 23 17 16 15 15 16 24 22 18 18 17 17 19 20 20 20 22 23
77.000000000000000 69 60 57 55 55 54 52 52 51 51 52 53 54 56 58 60 61 62 62 63 63 64 64 65 66 69 74 79 86 86 83 88 102 118 112 137 150 165 170 171 160 174 182 176 163 152 153 142 138 133 124 122 118 112 109 113 117 116 105 115 124 102 69 66 70 63 56 40 30 28 28 42 42 38 28 21 24 25 17 16 16 16 15 20 27 17 15 15 15 17 18 19 21 25 24
76 69 62 57 54 53 52 51 50 49 49 50 51 52 54 55 57 58 59 59 60 61 62 62 63 63 64 67 73 74 74 83 91 104 109 101 124 137 138 139 153 154 156 175 175 158 153 162 159 151 138 128 122 120 114 111 107 101 104 122 119 122 108 84 80 95 78 71 47 33 30 27 31 37 41 37 35 39 28 23 18 17 16 16 16 21 18 15 15 15 16 19 21 26 24 20
