data/bioclim/bclim4.asc
NCOLS 300 
NROWS 196 
XLLCORNER -121.25 
YLLCORNER 31.1666666666667 
CELLSIZE 0.0416666666666667 
NODATA_value -32768 
[rows 74 to 110 of 196, columns 0 to 83 of 300]
4152 3872 3943 4143 4436 4746 5015 5235 5288 5446 5604 5689 5702 5797 5822 6000 6169 6287 6416 6504 6591 6665 6737 6738 6714 6723 6746 6752 6746 6781 6785 6790 6802 6814 6844 6847 6872 6891 6892 6878 6848 6856 6830 6816 6801 6779 6764 6699 6698 6681 6631 6608 6638 6647 6770 6806 6830 6817 6896 6847 6406 6002 6159 5787 5872 6126 6116 6082 6107 6326 6136 5920 5882 6067 5951 5865 6766 7437 7677 7603 7393 6938 6664 6855
4122 4142 3924 4030 4233 4533 4847 5081 5252 5363 5504 5620 5669 5805 5843 5852 5908 6048 6307 6491 6595 6677 6724 6763 6736 6763 6781 6772 6813 6795 6807 6798 6807 6823 6834 6856 6855 6858 6878 6905 6888 6864 6857 6815 6813 6762 6749 6738 6720 6675 6663 6652 6646 6686 6727 6807 6864 6858 6933 6857 6529 6474 6228 5756 5760 5904 6140 6235 6231 6353 5849 5808 5899 6061 6113 6014 6180 7113 7601 7676 7486 7280 6842 6786
4066 3987 4013 4016 4150 4368 4636 4900 5119 5272 5471 5595 5655 5654 5802 6020 6006 6060 6235 6448 6594 6655 6703 6749 6759 6777 6802 6793 6807 6806 6815 6822 6813 6831 6837 6841 6882 6898 6909 6881 6847 6871 6854 6828 6819 6792 6776 6737 6743 6713 6688 6693 6680 6682 6730 6785 6842 6866 6897 6901 6688 6378 6344 6167 5940 5997 6273 6382 6436 6287 5887 5870 5902 5964 6012 6105 6188 6999 7540 7600 7252 7234 7104 7046
4231 4066 4075 4125 4129 4226 4456 4728 4949 5131 5388 5521 5642 5715 5731 5851 6095 6173 6260 6442 6550 6629 6659 6713 6754 6811 6839 6830 6814 6787 6808 6809 6824 6838 6826 6847 6869 6892 6878 6868 6880 6881 6853 6851 6844 6801 6802 6771 6771 6745 6745 6731 6725 6752 6783 6785 6832 6864 6914 6762 6240 6017 6044 5861 5804 5903 6126 6273 6134 6217 6085 5920 5966 5933 6075 6284 6031 6782 7555 7584 7252 7337 7382 7364
3971 4063 4234 4335 4227 4273 4405 4492 4791 5098 5253 5437 5591 5707 5772 5735 5819 6091 6289 6360 6491 6593 6639 6709 6758 6796 6827 6876 6849 6817 6791 6804 6796 6800 6836 6869 6862 6869 6878 6870 6887 6902 6867 6872 6835 6824 6815 6801 6758 6769 6749 6754 6759 6773 6803 6829 6878 6904 6907 6829 6739 6389 6276 5900 5674 6065 6363 6208 5773 5833 6000 5873 6058 6146 6349 6196 6033 6761 7531 7739 7687 7529 7461 7686
3720 3832 4035 4365 4446 4476 4488 4485 4619 4921 5189 5386 5529 5622 5764 5818 5806 5787 5949 6230 6336 6470 6593 6656 6707 6769 6817 6860 6848 6864 6795 6776 6807 6791 6826 6836 6854 6876 6884 6893 6901 6898 6869 6869 6855 6847 6826 6839 6793 6791 6773 6803 6802 6820 6836 6861 6897 6922 6937 6908 6663 6604 6197 5792 5980 6295 6449 6071 5645 5728 5846 5869 6044 6209 6458 6443 6288 6392 7316 7706 7754 7704 7575 7791
3519 3669 3828 4026 4268 4516 4597 4635 4531 4771 5054 5281 5454 5585 5716 5817 5824 5865 5936 5894 5963 6062 6306 6470 6641 6722 6779 6793 6827 6856 6832 6767 6763 6786 6814 6834 6837 6842 6864 6891 6870 6879 6851 6853 6847 6863 6848 6831 6826 6843 6843 6820 6804 6853 6849 6867 6920 6938 6875 6753 6300 6044 5906 5898 6111 6331 6460 6238 5959 5653 5920 6136 6317 6470 6480 6433 6421 6284 6886 7617 7697 7602 7448 7865
3570 3601 3668 3829 3988 4342 4544 4600 4709 4674 4991 5219 5369 5518 5649 5707 5755 5905 6008 6098 5996 5850 5888 6152 6377 6539 6673 6734 6751 6771 6801 6769 6743 6774 6793 6829 6808 6834 6837 6879 6867 6879 6882 6887 6876 6877 6864 6862 6859 6862 6853 6855 6853 6866 6892 6912 6928 6953 6965 6825 6688 6386 6021 5916 5978 6224 6489 6075 5913 5625 5708 5926 6183 6402 6471 6179 6201 6263 6582 7232 7660 7536 7555 7951
3407 3562 3711 3744 3826 4035 4262 4403 4511 4641 4867 5076 5276 5430 5582 5693 5756 5778 5955 6119 6147 6134 6081 6103 6397 6527 6638 6682 6697 6702 6776 6750 6712 6725 6769 6788 6811 6826 6842 6859 6880 6875 6862 6891 6870 6894 6881 6854 6889 6875 6851 6885 6897 6889 6908 6939 6971 6990 6961 6910 6855 6659 6435 6015 5821 6164 6622 6304 5859 5855 5776 6037 6099 6415 6374 6181 6187 6404 6639 7206 7712 7770 7830 7946
3470 3439 3587 3845 3879 3919 4052 4339 4458 4493 4658 4887 5179 5348 5524 5650 5721 5798 5809 6010 6177 6235 6285 6263 6283 6468 6563 6621 6630 6647 6665 6701 6689 6694 6719 6775 6811 6794 6815 6860 6874 6871 6918 6887 6866 6890 6909 6901 6907 6901 6882 6887 6916 6931 6952 6963 6996 7002 6997 6817 6804 6676 6289 5965 5786 5932 6382 6724 6050 5756 5872 6015 6276 6431 6450 6253 6330 6486 6815 7247 7685 7828 7879 7960
3567 3624 3640 3570 3844 3958 4023 4143 4364 4460 4623 4793 5014 5261 5449 5575 5684 5763 5810 5851 6047 6176 6246 6266 6233 6351 6449 6522 6552 6604 6605 6652 6660 6668 6690 6743 6778 6801 6815 6841 6847 6883 6881 6905 6890 6926 6925 6925 6923 6930 6929 6906 6940 6949 6969 6986 7017 7024 6991 6907 6739 6482 6127 5900 5858 6053 6560 6588 6169 5886 5958 6055 6207 6607 6431 6614 6650 6486 6798 7046 7638 7839 7919 7979
3213 3489 3693 3651 3649 3753 3966 4082 4256 4394 4458 4716 4889 5131 5365 5511 5623 5706 5768 5825 5913 6038 6196 6232 6251 6249 6385 6456 6496 6525 6555 6616 6638 6658 6653 6700 6741 6793 6779 6859 6830 6874 6894 6907 6921 6887 6912 6929 6939 6930 6945 6967 6968 6983 6998 7011 7029 7007 6829 6500 6655 6516 6121 5860 5900 6068 6326 6861 6542 6181 6164 6068 6332 6843 6726 6961 6843 6521 6904 7230 7629 7812 7901 7957
3099 3072 3463 3589 3536 3669 3719 3866 4099 4380 4512 4686 4885 5025 5235 5403 5551 5622 5717 5791 5859 5935 6049 6152 6148 6221 6215 6358 6460 6476 6496 6523 6580 6630 6647 6658 6714 6771 6766 6828 6834 6828 6874 6903 6929 6920 6927 6941 6935 6949 6950 6979 6993 6993 7031 7043 7041 6995 6932 6611 6665 6570 6348 6187 5943 6072 6460 6870 6840 6528 6700 6468 6638 7095 7178 7166 7015 6612 6630 7217 7568 7810 7892 7934
2480 2779 3113 3705 3788 3670 3737 3817 4071 4307 4471 4623 4776 4953 5184 5317 5406 5543 5632 5726 5797 5888 5937 6005 6057 6081 6246 6311 6333 6372 6419 6493 6549 6581 6624 6667 6671 6752 6788 6819 6834 6856 6885 6930 6925 6962 6952 6959 6962 6956 6996 7008 7011 7019 7043 7057 7057 6999 6839 6619 6721 6583 6340 5948 5969 6221 6742 7025 6967 6970 7021 7142 7162 7128 6803 6495 6789 6698 6650 7088 7451 7754 7847 7907
2297 2424 2621 2980 3398 3678 3797 3768 3939 4194 4364 4538 4673 4808 5029 5192 5301 5399 5502 5574 5691 5779 5845 5874 5918 5982 6108 6232 6301 6325 6375 6452 6523 6534 6590 6623 6671 6715 6771 6791 6827 6872 6913 6930 6925 6928 6963 6991 6977 6981 6978 7012 7044 7044 7061 7066 7069 6999 6852 6659 6740 6375 6127 5932 6044 6398 6967 6874 7047 7067 6988 7139 6932 6780 6469 6329 6450 6639 6952 6960 7449 7723 7794 7847
-32768 -32768 2392 2482 2743 3192 3666 3878 3946 4044 4175 4365 4504 4624 4823 4953 5127 5253 5362 5466 5583 5656 5755 5771 5825 5892 5983 6107 6209 6285 6346 6400 6451 6488 6533 6602 6633 6689 6712 6794 6826 6897 6894 6952 6957 6941 6945 6984 6989 7005 6997 7030 7058 7065 7074 7089 7089 7025 6848 6688 6862 6502 6118 6042 6389 6895 6988 6619 6599 6581 6426 6841 7034 6663 6365 6363 6552 6780 6974 7320 7525 7668 7754 7799
-32768 -32768 -32768 2351 2444 2623 2988 3407 3842 3897 3992 4073 4222 4364 4626 4793 4958 5080 5210 5324 5422 5531 5608 5722 5780 5834 5906 6020 6090 6201 6278 6331 6394 6447 6517 6561 6611 6665 6711 6759 6783 6876 6928 6951 6936 6986 6983 6984 6992 6990 7008 7026 7023 7035 7079 7082 7073 7066 6883 6741 6724 6273 6442 6799 6675 6742 6460 6304 6433 6194 6221 6746 6938 6792 6553 6561 6821 7132 7307 7406 7543 7628 7672 7720
-32768 -32768 -32768 -32768 2384 2392 2598 2872 3338 3635 3841 3993 4075 4161 4405 4633 4783 4906 5048 5148 5287 5388 5500 5588 5681 5761 5818 5879 5968 6021 6099 6241 6343 6411 6472 6533 6589 6636 6662 6745 6832 6876 6900 6950 6963 6991 6984 6981 6991 7012 7020 7023 7035 7048 7062 7049 7079 7112 7028 6815 6504 6707 6546 6550 6077 6593 6320 6022 6043 6053 6038 6387 6727 6767 6506 6761 6999 7269 7383 7467 7524 7459 7513 7591
-32768 -32768 -32768 -32768 -32768 2290 2244 2465 2640 2914 3546 3850 4014 4015 4138 4435 4610 4721 4892 5032 5148 5262 5350 5450 5555 5631 5727 5780 5819 5879 5899 6026 6249 6350 6419 6470 6544 6593 6666 6717 6788 6881 6911 6975 6995 7000 6976 6974 6985 6988 6996 6985 7013 7060 7063 7060 7070 7088 7058 6928 6918 6662 6033 5939 6037 6398 6137 5941 5799 5851 6138 6278 6544 6648 6522 6776 7046 7238 7360 7442 7404 7161 7427 7529
-32768 -32768 -32768 -32768 -32768 -32768 -32768 2241 2280 2539 2951 3494 3862 3975 4011 4130 4422 4601 4734 4878 5004 5118 5214 5324 5418 5527 5600 5667 5760 5817 5833 5824 6033 6244 6365 6438 6485 6572 6630 6691 6786 6852 6938 6957 6961 6989 6976 6972 6961 6975 6977 6952 6965 6986 6971 6985 7014 7036 7059 6977 6761 6684 6315 5948 6140 6512 6415 6174 5891 5913 6045 6197 6569 6482 6544 6751 7031 7237 7323 7408 7385 7305 7248 7642
-32768 -32768 -32768 -32768 -32768 -32768 -32768 -32768 -32768 2229 2478 2977 3647 3945 3918 3926 4172 4441 4619 4748 4867 4979 5076 5195 5291 5388 5506 5574 5673 5754 5815 5805 5777 5952 6200 6366 6444 6527 6576 6684 6760 6822 6914 6963 6967 6959 6961 6980 6945 6953 6941 6918 6936 6941 6956 6994 7011 7041 7078 7088 7041 6856 6553 6428 6471 6575 6486 6371 6292 6231 6084 6244 6685 6664 6646 6846 7069 7309 7443 7472 7457 7539 7707 7782
-32768 -32768 -32768 -32768 -32768 -32768 -32768 -32768 -32768 1970 2135 2397 2873 3530 3831 3996 4002 4199 4415 4545 4688 4841 4982 5069 5180 5272 5395 5473 5579 5670 5750 5826 5832 5755 5929 6211 6379 6487 6569 6680 6750 6833 6868 6917 6922 6934 6936 6938 6934 6922 6907 6898 6916 6898 6879 6894 6914 6955 7044 7059 7035 6949 6860 6655 6589 6476 6321 6576 6677 6668 6406 6421 6734 6725 6735 7055 7202 7373 7525 7574 7650 7696 7752 7734
-32768 -32768 -32768 -32768 -32768 -32768 -32768 -32768 1772 1960 1992 2213 2506 2782 3136 3767 4052 4081 4224 4361 4499 4640 4805 4961 5037 5150 5244 5356 5447 5567 5672 5775 5851 5887 5729 5849 6184 6360 6525 6622 6718 6800 6873 6924 6903 6912 6908 6894 6889 6875 6894 6871 6863 6831 6832 6824 6861 6883 6962 6989 7038 7071 6972 6996 6960 6825 6742 6853 6881 6790 6594 6428 6666 6845 7036 7253 7293 7482 7580 7641 7649 7670 7665 7582
-32768 -32768 -32768 -32768 -32768 -32768 -32768 -32768 1812 2249 2460 2540 2411 2452 2765 3307 3859 3953 4147 4354 4441 4549 4662 4754 4965 5052 5141 5245 5357 5456 5561 5684 5788 5858 5867 5756 5790 6129 6365 6526 6650 6734 6783 6896 6936 6957 6889 6834 6834 6806 6814 6805 6789 6759 6752 6782 6790 6815 6874 6884 6989 7047 7052 7020 6813 6401 6457 6641 6684 6573 6567 6468 6576 6868 6916 6980 7228 7510 7572 7609 7616 7559 7524 7456
-32768.000000000000000 -32768 -32768 -32768 -32768 -32768 -32768 -32768 2071 2169 2536 2686 2548 2391 2508 2728 3238 3755 3668 3872 4178 4233 4511 4720 4789 4900 5050 5134 5245 5381 5484 5572 5695 5794 5890 5929 5874 5975 6217 6425 6560 6694 6782 6828 6829 6822 6777 6764 6761 6757 6735 6744 6724 6737 6715 6692 6726 6756 6759 6796 6930 6846 6306 6585 6857 6592 6395 6247 6327 6399 6403 6375 6393 6628 6918 7128 7443 7521 7553 7570 7584 7564 7556 7565
-32768 -32768 -32768 -32768 -32768 -32768 -32768 -32768 -32768 2051 2103 2194 2207 2283 2451 2596 2775 3116 3342 3482 3797 3944 4211 4461 4695 4752 4918 5061 5158 5259 5353 5443 5567 5699 5802 5909 5943 5928 5968 6225 6456 6600 6731 6784 6768 6741 6722 6697 6691 6683 6671 6673 6663 6623 6630 6635 6637 6651 6686 6755 6834 6406 6100 6123 6493 6550 6354 6230 6266 6407 6432 6430 6384 6571 6955 7281 7446 7526 7557 7572 7595 7592 7602 7617
-32768 -32768 -32768 -32768 -32768 -32768 -32768 -32768 -32768 -32768 -32768 -32768 -32768 2269 2329 2428 2599 2790 3171 3386 3570 3682 4032 4322 4507 4531 4706 4894 5052 5182 5261 5351 5424 5568 5697 5799 5900 5947 5944 5932 6189 6438 6609 6730 6802 6756 6652 6648 6608 6616 6569 6539 6545 6515 6558 6565 6580 6601 6658 6847 6524 6295 6289 6318 6240 6277 6377 6386 6380 6441 6517 6335 6480 6844 7237 7384 7448 7489 7541 7559 7570 7582 7616 7615
-32768 -32768 -32768 -32768 -32768 -32768 -32768 -32768 -32768 -32768 -32768 -32768 -32768 -32768 2126 2215 2435 2793 3063 3321 3332 3453 3769 4103 4205 4525 4623 4697 4855 5026 5161 5280 5354 5361 5464 5673 5790 5883 5965 5976 5963 6137 6381 6605 6748 6662 6620 6584 6562 6557 6540 6485 6434 6464 6484 6498 6509 6558 6676 6824 6788 6562 6392 6403 6328 6295 6282 6352 6422 6499 6526 6570 6882 7150 7285 7374 7436 7496 7525 7567 7559 7587 7635 7633
-32768 -32768 -32768 -32768 -32768 -32768 -32768 -32768 -32768 -32768 -32768 -32768 -32768 -32768 2061 2165 2351 2540 2720 3103 3319 3332 3439 3805 4191 4325 4536 4777 4872 4875 4986 5154 5280 5369 5364 5400 5613 5725 5845 5937 5960 5994 6100 6416 6635 6651 6619 6574 6553 6530 6491 6449 6383 6395 6452 6458 6459 6480 6573 6746 6842 6797 6500 6139 6042 6022 5918 6134 6345 6459 6598 6799 7078 7242 7322 7380 7439 7491 7497 7525 7572 7576 7593 7592
-32768 -32768 -32768 -32768 -32768 -32768 -32768 -32768 -32768 -32768 -32768 -32768 -32768 -32768 2006 2085 2234 2417 2537 2706 3038 3198 3218 3560 3837 4019 4330 4612 4809 4895 4964 5058 5163 5283 5399 5384 5431 5555 5662 5756 5831 5900 6030 6238 6373 6463 6505 6513 6492 6486 6474 6473 6441 6460 6461 6447 6475 6453 6503 6625 6768 6716 6503 6402 6215 6117 5799 6111 6281 6514 6817 7003 7170 7272 7349 7388 7437 7435 7488 7527 7547 7561 7571 7592
-32768 -32768 -32768 -32768 -32768 -32768 -32768 -32768 -32768 -32768 -32768 -32768 -32768 -32768 1938 2025 2161 2299 2459 2601 2725 2959 3263 3911 4049 4086 4302 4498 4670 4827 4872 4990 5093 5208 5293 5397 5491 5595 5661 5629 5686 5758 5849 5949 6071 6192 6280 6340 6352 6345 6332 6378 6341 6449 6452 6443 6416 6417 6492 6615 6509 6469 6338 6096 6159 6253 6283 6289 6454 6715 6943 7066 7190 7218 7361 7396 7431 7459 7495 7532 7546 7559 7562 7557
-32768 -32768 -32768 -32768 -32768 -32768 -32768 -32768 -32768 -32768 -32768 -32768 -32768 -32768 1934 2037 2110 2251 2418 2551 2667 2771 3038 3487 3779 4155 4176 4328 4537 4730 4816 4872 4992 5079 5180 5295 5381 5488 5583 5645 5714 5763 5772 5759 5771 5927 6018 6020 6045 6141 6111 6158 6144 6279 6400 6404 6424 6415 6494 6456 6370 6171 6114 6072 6290 6476 6595 6642 6762 6923 7054 7159 7200 7277 7330 7378 7408 7449 7491 7502 7521 7522 7519 7510
-32768 -32768 -32768 -32768 -32768 -32768 -32768 -32768 -32768 -32768 -32768 -32768 -32768 -32768 1985 2254 2257 2209 2343 2487 2585 2714 2843 3218 3558 3937 3981 4206 4430 4604 4702 4843 4880 4896 4991 5144 5279 5358 5460 5509 5596 5656 5681 5668 5618 5689 5779 5648 5532 5730 5860 5878 5932 6124 6175 6234 6276 6342 6423 6437 6376 6313 6326 6441 6538 6590 6671 6802 6917 6985 7097 7144 7218 7275 7323 7372 7394 7434 7452 7471 7498 7515 7493 7495
-32768 -32768 -32768 -32768 -32768 -32768 -32768 -32768 -32768 -32768 -32768 -32768 -32768 -32768 -32768 1961 2064 2130 2294 2414 2603 2758 2847 3011 3205 3476 3795 4078 4160 4365 4592 4652 4818 4914 4948 5001 5132 5236 5310 5383 5458 5547 5610 5573 5602 5598 5592 5611 5410 5337 5564 5547 5590 5657 5629 5949 6218 6299 6340 6274 6414 6475 6527 6560 6621 6679 6749 6830 6923 6996 7072 7140 7209 7284 7329 7331 7354 7401 7415 7429 7435 7453 7444 7451
-32768 -32768 -32768 -32768 -32768 -32768 -32768 -32768 -32768 -32768 -32768 -32768 -32768 -32768 -32768 1871 1949 2078 2229 2356 2599 2781 2927 3075 3205 3464 3735 4075 4278 4325 4411 4634 4713 4838 4907 4985 4980 5052 5158 5207 5326 5397 5494 5553 5580 5576 5608 5563 5306 5084 5026 5196 5570 5734 5635 5819 6175 6264 6303 6384 6404 6452 6505 6568 6607 6671 6743 6808 6879 6967 7040 7097 7181 7251 7270 7311 7349 7363 7361 7369 7377 7370 7385 7392
-32768 -32768 -32768 -32768 -32768 -32768 -32768 -32768 -32768 -32768 -32768 -32768 -32768 -32768 1781 1813 1918 2002 2172 2266 2455 2592 2780 3035 3224 3417 3624 3916 4188 4393 4464 4531 4654 4773 4839 4919 4980 5000 5031 5142 5253 5251 5325 5460 5502 5535 5523 5531 5554 5354 5346 5516 5680 5592 5308 5591 6073 6246 6299 6318 6363 6417 6452 6498 6552 6615 6677 6735 6828 6914 7003 7073 7156 7226 7247 7274 7317 7312 7318 7314 7328 7349 7321 7316
-32768 -32768 -32768 -32768 -32768 -32768 -32768 -32768 -32768 -32768 -32768 -32768 -32768 -32768 -32768 1817 1890 1991 2121 2352 2503 2687 2855 2951 3108 3312 3520 3705 3935 4172 4457 4537 4613 4698 4710 4777 4878 4936 4961 5042 5146 5115 5198 5311 5448 5501 5528 5585 5544 5557 5524 5635 5681 5714 5691 5928 6142 6162 6206 6281 6347 6267 6267 6384 6464 6521 6596 6669 6758 6842 6937 7025 7105 7164 7210 7246 7258 7290 7262 7278 7257 7290 7255 7242
