data/bioclim/bclim10.asc
NCOLS 300 
NROWS 196 
XLLCORNER -121.25 
YLLCORNER 31.1666666666667 
CELLSIZE 0.0416666666666667 
NODATA_value -32768 
[rows 41 to 81 of 196, columns 93 to 185 of 300]
217 219 216 219 228 232 236 238 240 240 238 234 228 215 199 199 215 220 219 215 217 222 223 217 202 196 207 212 215 210 199 201 210 215 220 223 224 223 221 216 214 197 199 196 198 205 196 192 211 225 233 241 231 231 231 226 220 221 221 222 223 219 213 206 201 206 213 221 225 220 222 221 212 204 200 199 200 202 198 195 196 196 196 199 197 197 197 201 205 204 199 187 197
226 225 221 225 230 237 237 232 228 227 229 227 227 220 213 209 214 218 215 215 221 225 226 223 211 205 212 217 218 208 191 191 207 215 218 219 215 208 194 203 210 215 217 214 210 214 194 192 212 230 238 242 232 234 227 217 210 220 222 223 221 214 204 194 198 207 215 227 216 212 212 215 214 206 204 207 205 204 201 199 196 193 192 194 199 195 201 203 201 197 194 185 189
228 226 224 224 238 238 216 189 194 214 223 222 226 223 215 209 214 218 219 220 225 228 228 228 220 200 217 220 219 209 191 175 199 212 209 209 211 200 180 198 213 221 226 225 224 222 199 207 218 231 239 244 232 231 222 200 199 217 221 224 222 215 200 184 194 207 224 220 205 202 206 207 209 209 210 210 208 205 206 208 200 190 187 196 197 183 194 197 193 190 195 188 188
225 224 228 237 242 238 221 199 195 218 225 226 222 220 213 213 219 222 223 226 228 228 228 228 220 206 218 222 220 212 191 183 202 213 220 220 214 202 185 182 206 220 229 232 231 225 209 214 223 228 236 243 243 232 218 191 192 212 220 226 224 216 203 188 196 207 218 228 202 193 198 204 206 207 205 208 207 203 198 211 206 194 186 189 195 197 194 188 188 197 188 177 176
235 237 238 241 242 243 241 237 228 231 231 227 223 221 218 222 225 226 227 227 229 228 228 225 210 205 218 221 220 206 181 185 207 218 226 225 220 205 192 167 198 211 228 233 235 234 226 215 213 214 229 243 248 240 219 214 204 216 226 228 226 219 207 203 195 207 213 230 209 199 202 207 203 204 204 201 204 204 201 215 220 209 194 196 201 201 205 205 204 204 200 187 176
234 234 231 232 237 242 241 248 237 226 226 227 227 225 219 224 225 226 222 225 227 226 225 215 202 196 215 220 215 185 186 202 213 226 231 231 226 214 200 184 204 213 225 232 236 238 234 222 204 204 224 241 248 244 228 227 222 222 228 230 228 221 206 195 199 211 218 233 223 210 210 219 208 198 198 198 207 216 215 223 227 224 219 214 203 198 212 223 221 215 206 189 183
222 213 210 215 229 244 250 252 245 224 226 223 226 224 221 223 221 218 215 222 224 220 217 204 194 190 205 217 204 185 204 216 224 232 234 235 233 222 208 198 212 220 226 232 236 239 238 220 187 190 213 234 247 248 234 235 232 227 229 230 227 218 207 186 198 212 225 240 241 221 224 228 216 204 191 193 208 226 222 228 236 239 230 206 209 216 227 234 227 220 198 171 151
207 198 194 210 230 245 254 256 255 238 228 230 228 223 218 218 213 212 213 217 214 205 204 199 192 190 197 203 194 191 206 222 231 235 237 238 238 236 232 229 225 220 227 231 235 239 241 228 204 202 213 220 241 250 244 242 236 229 231 228 223 216 197 199 207 220 232 234 234 244 242 235 223 208 213 219 225 236 232 236 243 248 238 228 230 232 240 241 229 221 205 190 169
204 186 192 218 233 245 257 259 259 255 242 242 234 211 210 204 215 208 212 212 208 206 200 196 192 187 188 192 188 198 198 205 228 234 239 239 240 240 239 236 230 221 221 224 232 239 243 240 229 214 220 220 238 249 253 244 234 225 227 214 217 211 200 221 230 238 239 227 236 256 249 236 219 216 227 231 235 243 244 248 250 253 247 244 242 246 249 234 228 227 223 204 206
186 193 218 238 249 253 260 261 260 258 250 250 246 238 229 218 224 228 223 216 208 205 202 195 190 185 184 186 191 208 205 221 227 235 239 240 234 238 239 235 230 222 216 213 234 241 245 244 231 224 224 228 231 245 255 253 243 238 220 216 217 213 226 241 248 247 232 240 250 265 254 243 228 228 238 241 242 241 253 255 255 261 248 235 238 251 249 231 226 246 233 226 231
199 210 229 245 254 257 256 261 261 260 258 257 256 251 244 231 234 236 234 228 220 216 215 209 198 195 204 188 202 227 235 241 242 234 232 238 223 233 238 235 232 223 221 215 233 244 248 247 232 234 234 235 238 242 252 256 256 244 210 217 224 224 243 255 257 240 244 251 258 271 261 248 242 247 250 250 247 251 257 260 265 260 241 213 215 246 261 265 258 262 252 252 258
218 217 223 240 258 250 241 256 260 261 260 259 259 258 251 244 240 241 244 235 226 221 222 222 220 222 217 205 204 231 244 248 243 232 220 231 232 230 235 233 231 229 224 210 223 240 248 248 241 241 234 237 241 243 245 240 263 255 221 221 231 239 256 261 248 251 254 260 264 276 266 258 260 260 259 256 251 253 259 267 272 259 237 202 207 241 257 265 274 277 269 268 273
231 241 244 253 248 226 226 248 255 259 260 260 256 256 257 253 253 250 243 235 219 205 210 224 228 232 224 215 221 238 247 250 247 236 228 231 239 236 235 229 226 218 204 206 211 226 246 247 249 250 240 243 243 227 243 250 265 266 234 242 245 258 265 253 237 257 258 269 272 275 266 262 267 268 266 259 258 254 264 273 278 266 246 221 224 224 241 259 270 279 281 281 283
259 257 254 243 221 206 223 239 249 255 258 259 259 254 259 258 259 252 243 233 219 204 203 219 231 237 232 224 233 242 249 252 252 244 236 235 239 237 232 221 217 218 207 210 230 231 240 245 243 258 258 258 251 217 235 257 267 270 254 254 261 265 252 249 260 266 270 278 273 261 252 252 265 273 266 266 266 267 274 279 283 275 266 256 239 212 236 260 276 281 286 284 283
280 263 254 230 198 185 208 226 242 250 254 257 256 250 259 264 260 251 246 242 235 218 213 221 233 240 233 214 228 242 251 254 255 249 243 238 236 232 229 221 220 226 224 218 241 248 236 239 248 260 262 263 260 221 220 257 272 277 272 270 268 246 247 263 271 279 281 269 251 231 225 240 252 273 277 275 274 278 280 284 288 287 282 275 253 234 240 255 278 287 286 283 282
298 284 260 219 194 176 199 221 236 244 249 255 248 242 258 267 264 256 250 237 239 236 231 226 238 222 221 216 235 236 249 256 257 252 249 243 240 228 223 227 237 247 237 225 244 256 251 233 253 263 264 264 261 222 210 256 274 280 278 276 262 239 255 271 279 287 279 257 223 206 216 249 260 271 280 284 286 284 286 289 291 294 292 291 273 271 274 277 275 280 282 281 280
306 306 285 252 210 188 187 202 224 234 238 247 241 254 264 271 266 257 256 247 232 222 226 244 242 212 211 211 235 247 238 250 256 253 246 254 245 232 225 232 247 257 252 224 243 258 260 242 236 259 262 264 262 232 211 253 271 281 282 281 262 252 261 275 287 294 281 262 234 209 211 237 260 259 280 288 290 292 291 292 292 297 298 300 282 286 274 251 262 270 269 275 270
298 316 310 290 253 220 217 205 219 245 253 259 263 270 275 265 251 251 264 262 248 235 250 256 243 234 238 227 237 247 249 259 264 255 257 263 253 225 222 231 247 262 261 228 245 257 260 248 235 241 237 246 256 238 207 248 267 278 286 285 259 259 263 274 293 295 284 273 257 243 237 255 263 262 283 293 296 298 295 298 297 299 303 300 268 255 236 231 257 243 241 260 244
278 318 328 326 305 268 253 248 219 244 260 268 274 280 283 264 237 251 270 270 261 247 260 268 258 252 255 250 237 240 252 265 269 271 272 270 262 243 238 227 234 263 265 225 243 257 260 246 224 224 227 234 246 233 199 241 262 278 287 289 273 265 271 279 294 298 290 283 274 255 253 273 279 284 291 297 302 298 303 303 302 304 303 286 236 232 214 209 234 240 229 240 225
267 314 333 337 333 306 264 243 243 235 254 268 277 282 285 284 273 254 278 277 272 259 264 274 272 269 266 261 252 247 254 260 271 275 276 273 264 256 244 227 235 266 270 232 244 258 261 253 232 235 215 225 232 218 194 237 261 276 287 292 285 284 280 286 297 305 298 292 287 280 288 289 291 293 296 301 307 302 310 310 309 305 292 264 206 217 196 203 232 223 210 224 214
282 314 334 340 342 340 306 289 261 258 257 261 273 281 287 289 289 279 285 283 280 272 272 279 278 274 271 262 238 240 250 262 273 275 273 262 247 245 244 239 253 271 270 254 246 256 260 254 246 245 227 219 216 202 203 239 258 274 287 290 295 295 292 297 301 307 306 299 295 294 300 301 301 301 302 308 311 312 310 307 305 301 276 225 196 190 215 209 228 222 215 228 229
278 315 338 342 343 345 338 324 300 296 283 258 263 273 283 291 292 292 289 288 284 284 283 283 281 268 263 262 254 260 261 267 269 268 264 254 246 246 239 252 268 272 272 237 247 261 258 249 238 243 230 208 193 185 209 237 253 271 287 281 285 295 295 305 308 309 312 306 301 301 305 304 307 309 311 315 310 304 299 294 295 287 259 226 218 229 239 232 230 226 231 232 228
273 309 335 341 344 346 346 339 329 323 315 275 248 263 281 292 293 294 295 293 289 290 289 287 285 278 275 273 269 267 266 264 255 254 249 240 242 250 254 265 272 273 266 240 261 265 256 239 238 241 221 187 155 179 207 228 245 267 287 271 268 282 291 302 310 311 313 313 309 308 307 308 311 315 317 305 293 285 276 270 274 250 245 241 237 243 246 247 231 229 231 231 229
276 310 328 339 345 347 348 348 343 338 339 326 295 273 278 290 293 291 296 296 295 293 292 290 285 281 276 271 262 260 269 271 269 259 238 237 240 248 261 269 272 272 264 256 268 270 264 238 239 229 206 167 153 178 198 223 251 272 276 265 267 283 295 305 310 313 314 315 315 317 312 311 312 320 311 295 278 258 225 219 233 241 257 249 247 239 254 247 238 231 229 227 227
280 302 322 340 344 345 346 348 352 353 351 344 330 305 284 283 289 290 298 297 297 295 294 293 289 287 287 282 270 264 269 275 274 265 260 261 260 258 262 270 272 270 267 268 271 271 264 248 242 222 183 162 176 190 198 216 249 273 280 267 274 293 301 307 311 312 307 308 316 321 317 313 315 321 307 294 279 236 198 211 247 256 265 253 249 252 251 239 237 228 226 225 226
269 290 315 330 329 308 291 324 348 355 357 355 347 327 293 266 267 279 299 299 298 297 296 295 293 291 291 291 287 284 281 273 262 255 258 261 263 266 266 266 266 267 269 271 272 271 263 258 243 216 170 176 202 206 207 211 233 273 286 280 287 296 302 307 311 309 300 306 313 321 323 316 319 317 302 303 290 256 232 221 259 262 266 269 264 263 264 234 228 223 220 223 223
259 268 303 313 298 243 237 286 334 356 358 359 349 323 286 268 250 253 293 300 299 298 298 297 295 294 294 294 292 289 284 265 245 234 241 248 251 254 255 252 249 255 260 267 270 271 269 264 254 229 186 199 220 216 208 214 247 276 283 295 300 301 304 308 310 306 296 308 314 320 325 322 322 317 314 304 297 284 267 245 264 272 275 277 277 276 263 255 239 224 217 219 220
232 240 275 292 278 238 230 272 314 350 358 360 353 329 292 267 249 241 271 300 300 299 299 299 298 296 295 295 293 290 282 264 237 203 219 225 233 235 238 236 239 240 244 252 260 266 271 272 266 247 218 230 232 217 207 234 261 279 288 302 304 304 306 307 307 302 298 308 315 319 322 326 325 323 318 307 301 295 285 262 277 281 284 285 285 282 254 223 225 224 216 216 220
223 205 245 255 256 227 230 282 322 341 355 359 355 340 321 290 263 263 257 293 299 300 300 300 300 295 291 290 291 286 276 266 250 217 189 188 204 192 216 220 221 223 218 234 246 256 269 275 274 265 256 247 236 230 224 245 263 279 292 303 303 300 303 303 303 296 291 303 311 316 321 324 326 324 317 309 305 302 295 295 291 290 293 293 291 279 249 216 209 213 216 213 216
281 241 227 201 227 236 230 264 300 334 356 358 357 332 324 313 293 266 242 267 287 296 301 301 301 298 295 280 280 277 263 272 264 247 214 180 188 181 175 192 197 200 207 221 232 249 264 275 277 275 270 255 226 234 252 250 260 282 295 301 296 295 298 296 291 272 278 289 298 304 321 326 326 324 309 296 290 287 298 302 302 296 301 298 290 271 245 219 201 207 213 213 203
300 276 236 202 207 231 226 224 261 314 348 357 357 343 303 301 298 281 277 267 275 283 301 302 302 299 295 291 278 276 270 272 274 261 241 203 184 195 168 148 160 174 188 196 219 235 256 268 274 281 285 283 278 274 275 275 276 284 292 294 287 292 291 281 282 285 299 305 296 313 326 328 325 316 291 283 262 279 289 295 305 309 306 301 290 260 245 232 205 209 214 219 220
308 289 249 221 232 226 203 235 261 308 340 354 357 353 317 263 284 267 277 288 290 295 302 303 302 295 288 288 283 276 265 276 280 273 259 230 201 207 177 149 145 138 167 177 209 237 251 260 270 279 288 291 293 294 293 293 295 294 295 293 289 286 282 266 268 294 304 309 313 322 325 327 323 309 288 278 261 270 274 297 311 312 305 299 290 251 249 242 222 214 216 214 219
310 304 276 255 247 229 188 183 226 294 336 353 356 356 338 261 271 271 266 284 292 297 302 303 302 293 269 274 287 277 281 283 281 276 265 250 233 217 188 153 122 158 174 201 221 234 241 244 269 282 290 293 295 298 300 300 302 302 300 300 297 297 291 280 278 297 308 314 316 316 312 327 322 304 286 272 259 247 262 298 316 314 309 304 289 255 245 233 216 218 215 215 217
307 307 299 276 232 211 178 175 227 286 329 349 354 355 341 255 256 269 263 273 281 290 298 303 300 293 275 268 286 282 282 283 281 276 268 256 235 224 209 176 147 141 165 197 213 212 216 239 263 284 292 295 297 300 302 303 304 297 301 307 308 305 300 303 303 308 305 308 299 306 319 327 319 306 289 268 250 255 277 301 320 314 306 302 284 255 248 219 207 211 214 214 209
307 313 310 301 259 206 156 185 247 283 327 347 353 353 345 278 249 247 260 266 265 281 291 298 300 299 282 262 275 286 284 283 281 278 275 270 254 243 227 203 204 177 194 189 198 216 229 250 269 282 290 295 299 301 303 304 301 295 308 313 315 312 311 313 314 303 307 311 311 319 326 327 320 305 283 271 255 283 300 313 317 315 310 297 263 235 225 219 206 210 212 204 206
309 317 320 320 279 205 164 171 232 274 320 342 351 353 348 316 268 230 245 260 256 266 282 287 292 304 292 270 268 280 286 284 282 280 279 276 267 258 246 240 224 210 201 209 210 245 256 266 273 282 289 296 300 302 304 307 306 302 308 317 320 320 318 322 321 322 320 312 326 326 326 327 325 311 273 270 283 301 321 315 309 322 313 275 254 244 218 209 208 209 211 207 204
305 316 321 321 283 228 185 173 231 276 313 334 349 352 352 331 263 233 236 259 260 264 274 263 286 303 297 276 280 257 275 284 283 281 280 277 272 266 262 256 241 222 224 222 205 243 258 253 276 286 293 297 301 303 305 308 310 311 313 313 318 323 324 324 324 306 304 301 324 326 326 325 325 325 313 303 307 318 322 300 313 317 307 268 242 244 237 222 216 213 211 208 203
298 311 319 321 299 241 196 171 228 264 300 330 346 351 351 336 283 260 247 267 276 281 275 270 284 304 295 272 292 280 257 275 284 284 282 278 275 272 270 265 258 245 242 232 220 231 264 261 275 284 291 296 300 304 305 307 311 312 308 299 304 321 324 324 304 286 287 300 317 324 325 322 322 325 324 318 301 316 317 291 298 289 260 255 253 249 245 247 239 227 219 232 211
296 308 316 319 287 228 204 191 219 252 285 323 343 349 350 308 247 257 255 264 277 286 286 278 284 304 306 286 296 292 264 249 281 286 284 281 278 276 274 270 263 257 250 238 227 225 259 268 276 283 289 295 300 302 303 304 301 305 305 294 289 314 320 321 309 283 268 299 312 321 320 318 320 321 321 322 312 320 305 287 292 264 241 244 248 248 250 246 254 245 224 248 233
286 302 316 320 289 226 206 227 253 267 279 307 330 341 347 344 307 273 265 275 268 276 287 293 295 299 309 302 294 295 274 245 273 283 285 284 282 279 277 273 268 262 254 225 205 214 245 262 274 277 288 292 297 299 296 289 284 294 297 295 296 302 308 324 312 292 268 293 311 319 313 310 311 310 310 301 306 308 284 280 280 242 231 236 238 241 277 267 251 233 250 259 242
281 287 308 319 303 238 235 262 271 287 294 307 322 335 343 346 341 315 305 304 299 288 277 289 303 301 314 313 302 300 286 257 274 280 281 283 283 280 279 277 273 267 258 240 212 210 242 256 269 270 276 283 291 294 289 271 283 298 302 310 307 306 305 321 316 308 282 298 311 314 302 301 300 297 296 285 299 293 268 271 266 230 226 230 233 257 271 274 248 242 258 245 214
