data/bioclim/bclim7.asc
NCOLS 300 
NROWS 196 
XLLCORNER -121.25 
YLLCORNER 31.1666666666667 
CELLSIZE 0.0416666666666667 
NODATA_value -32768 
[rows 41 to 81 of 196, columns 186 to 278 of 300]
389 389 387 385 384 388 391 393 392 391 381 366 368 374 372 357 351 358 364 374 382 389 393 395 399 401 398 387 383 391 393 396 401 398 396 396 396 396 395 391 382 383 388 389 390 388 386 389 398 405 404 408 406 401 403 412 412 409 409 405 397 392 415 428 434 437 435 436 435 436 437 433 429 417 410 430 423 413 396 391 401 406 399 398 393 388 381 372 378 393 394 405 412
383 384 383 380 377 380 389 392 388 376 364 362 369 366 370 361 356 362 366 373 379 385 390 394 396 396 390 377 384 389 391 400 399 396 397 397 395 394 393 390 389 390 388 388 390 389 391 392 397 403 406 407 408 407 410 411 411 412 410 406 401 395 407 429 434 439 435 436 437 438 431 424 417 413 408 405 422 412 414 412 402 393 388 397 393 389 389 386 385 394 405 414 414
381 374 374 382 384 384 387 389 380 371 361 365 369 375 379 374 364 365 368 373 379 384 388 390 393 390 380 376 384 385 395 397 396 395 397 398 397 396 394 392 391 393 390 387 389 391 391 392 390 394 394 402 406 404 404 407 407 410 413 412 406 404 400 422 433 436 436 435 435 431 425 422 417 411 412 409 403 403 409 404 406 398 399 398 393 392 390 391 396 399 405 415 421
376 371 367 378 386 386 388 384 375 379 370 364 372 376 381 376 378 380 371 373 379 383 387 389 388 386 382 375 379 380 387 395 395 395 395 398 397 394 393 392 392 395 390 389 390 390 387 391 391 387 386 387 398 406 409 411 410 410 410 415 412 409 406 404 421 433 436 435 433 430 427 422 418 413 404 399 394 392 397 409 407 406 403 399 394 392 391 394 400 403 410 418 425
374 368 361 367 381 386 387 384 381 381 370 375 376 387 384 379 385 386 378 374 379 385 386 388 389 388 377 375 376 382 391 393 393 393 395 395 393 393 391 393 394 396 395 393 392 392 391 390 389 389 390 388 384 392 406 411 413 413 413 414 418 412 411 409 412 427 430 433 431 427 423 418 411 405 399 398 395 401 409 413 409 406 401 398 392 389 390 396 402 412 417 425 427
371 359 354 376 381 386 387 386 384 375 369 378 386 389 385 389 389 385 383 381 383 389 388 386 390 388 381 383 386 389 391 393 391 390 394 397 392 393 391 394 397 396 395 394 393 394 396 395 393 390 390 393 388 381 388 404 410 412 412 413 418 419 416 414 407 420 429 424 425 426 419 414 407 403 399 395 403 419 419 414 408 402 397 393 390 387 390 397 404 412 421 429 428
358 354 363 380 385 391 385 386 383 380 376 379 385 389 390 391 384 382 386 387 387 394 389 387 389 389 389 390 390 390 392 392 392 391 393 397 395 395 393 394 394 395 393 392 391 391 396 400 397 394 388 388 395 382 375 380 396 408 415 415 418 422 418 422 412 420 425 420 416 417 414 408 404 400 401 406 420 423 419 413 407 403 399 393 390 389 393 400 404 415 423 429 430
359 374 378 383 392 391 388 383 387 384 384 385 382 391 389 385 378 383 388 395 393 399 393 393 393 389 392 393 393 392 393 389 392 392 396 395 396 396 397 392 392 397 391 390 390 391 395 398 401 399 394 393 397 388 384 377 373 392 409 416 417 420 423 421 420 421 419 415 413 405 407 406 407 414 421 428 425 423 419 412 413 404 398 392 394 391 400 415 414 417 420 428 430
378 383 387 395 398 396 391 383 390 389 388 386 385 387 385 385 385 391 396 402 404 390 392 394 391 392 395 396 393 389 390 394 394 393 392 393 398 398 398 394 394 400 396 391 393 399 399 395 397 403 396 399 405 398 406 398 379 372 385 406 414 416 417 419 413 412 412 420 417 404 398 414 426 429 431 425 422 420 413 407 403 410 405 401 394 400 415 424 426 420 418 429 431
387 392 401 402 402 403 391 392 391 389 389 390 392 389 388 390 393 397 400 404 401 386 396 396 391 390 393 394 391 386 387 392 393 392 390 396 400 401 396 398 396 397 399 396 397 400 400 397 395 400 403 400 411 409 400 411 393 374 374 379 402 416 419 416 412 411 414 418 422 421 418 428 406 423 427 421 416 415 409 405 399 396 408 412 401 408 419 430 428 422 423 433 433
399 403 408 408 405 401 398 397 394 392 392 391 392 392 392 395 398 399 399 401 395 393 399 401 397 395 398 394 390 387 390 389 392 395 395 396 398 400 395 399 401 398 401 400 399 399 400 400 399 395 403 408 410 408 404 413 407 395 384 375 406 415 419 419 416 420 418 422 421 406 424 415 418 419 421 415 413 410 406 401 399 394 394 404 412 415 423 433 424 424 428 429 429
409 411 410 405 402 393 389 386 387 390 392 391 392 390 391 393 397 396 394 397 394 397 400 401 397 397 398 396 394 394 389 391 395 396 395 393 396 402 400 401 403 404 403 404 398 396 397 404 407 402 399 402 408 408 404 414 413 405 401 398 413 418 413 416 412 412 411 415 400 391 413 397 415 415 414 407 409 407 404 401 397 395 393 400 405 416 426 435 418 421 430 426 425
411 408 404 403 397 387 386 384 385 386 387 385 388 383 388 390 390 388 386 390 393 395 398 399 397 394 397 397 395 391 391 393 395 395 393 392 396 402 404 401 401 402 402 404 404 398 398 402 407 405 403 407 409 409 406 412 414 413 417 416 415 413 407 404 401 404 403 406 397 386 408 387 406 414 407 400 405 404 403 399 397 394 398 404 407 414 427 430 425 424 428 423 421
409 401 394 397 395 382 377 381 383 386 385 380 376 384 385 386 388 387 386 386 390 395 396 398 395 393 395 398 395 392 394 394 392 389 388 395 397 397 400 399 398 397 397 401 406 405 406 405 405 409 405 409 412 413 414 410 404 406 410 401 408 405 383 368 382 390 394 398 385 382 401 395 400 405 397 399 401 400 402 398 395 392 398 406 412 417 424 427 421 421 423 419 419
409 405 403 401 399 385 382 384 385 386 387 387 384 385 385 390 391 392 392 381 393 397 397 399 398 398 398 399 397 396 396 395 389 386 387 396 397 398 399 399 394 395 394 392 402 405 406 407 406 408 409 409 411 413 412 412 403 395 402 392 403 392 360 351 377 384 389 393 384 379 392 391 392 395 381 395 398 391 392 396 395 394 399 407 413 418 423 424 418 411 416 422 419
406 405 401 402 393 386 386 386 384 384 387 388 389 387 389 391 386 388 393 393 399 400 400 399 398 398 398 398 398 396 394 390 385 383 387 392 393 393 392 395 396 399 391 389 395 400 402 403 406 407 408 406 406 407 409 408 408 403 390 387 403 391 383 378 381 384 383 389 380 376 384 391 385 390 376 391 395 393 392 393 392 395 404 408 413 417 418 420 412 412 417 421 421
397 394 395 394 383 384 386 385 382 383 384 388 389 391 392 392 384 388 393 399 400 400 400 401 400 400 399 398 396 394 390 384 383 382 388 388 387 387 387 388 389 389 391 397 398 399 403 404 405 405 405 403 405 403 403 405 405 403 400 391 398 394 384 380 381 381 379 385 381 376 388 390 383 378 382 394 397 395 391 394 391 395 401 407 409 412 411 414 404 411 419 420 421
386 387 385 384 380 382 384 384 384 385 385 387 389 390 391 390 386 394 400 400 401 401 401 400 399 398 396 394 393 391 386 381 380 379 385 386 385 383 384 383 384 382 381 383 397 405 400 404 402 401 402 400 399 405 404 402 401 401 398 397 395 393 392 384 378 378 377 380 378 372 376 385 379 369 385 390 392 395 391 391 386 391 391 398 403 406 407 407 410 415 418 417 416
377 382 384 387 377 380 383 383 383 385 386 387 388 390 392 394 397 400 400 401 401 401 402 400 398 396 393 391 389 386 381 375 377 375 383 384 382 380 379 380 381 379 379 381 402 411 404 400 398 397 398 398 393 395 404 406 404 405 403 400 401 398 394 390 388 381 374 377 373 368 369 382 369 376 384 385 386 391 388 386 385 390 393 398 402 405 408 412 413 415 417 415 414
374 380 384 386 382 377 379 383 383 384 384 385 386 388 390 393 397 398 399 401 401 400 399 397 395 392 390 388 385 377 372 370 371 374 385 379 378 377 378 378 376 374 381 399 410 405 397 396 394 392 393 395 392 392 399 399 395 393 394 395 393 395 396 394 389 383 374 373 367 366 363 368 361 369 377 381 379 381 389 389 392 396 399 402 405 408 410 411 411 414 415 418 415
376 379 383 385 384 376 378 380 383 383 384 385 384 384 387 391 396 398 399 399 400 399 396 394 391 390 387 385 379 369 367 367 369 376 388 380 376 375 375 375 373 383 398 407 406 398 390 389 389 388 390 390 391 389 393 397 395 390 389 387 388 388 388 390 392 384 376 367 365 366 364 366 364 366 378 382 382 385 391 393 395 398 400 402 405 404 408 409 411 414 413 415 418
374 376 380 382 384 378 376 378 381 383 383 384 384 384 388 391 394 396 396 397 397 396 393 392 389 387 384 380 371 364 362 363 366 374 385 392 392 392 385 374 378 399 403 404 403 387 385 387 386 385 386 387 388 388 389 392 392 391 388 387 386 384 386 391 387 384 377 370 370 369 368 369 369 364 379 386 388 389 391 393 396 397 397 398 400 399 405 409 411 412 411 412 418
372 373 377 381 382 382 375 374 378 381 382 383 385 386 389 391 392 393 394 394 397 393 392 388 385 383 379 376 362 360 358 357 359 374 377 390 393 394 394 394 398 401 401 398 393 381 383 385 385 384 383 383 387 386 386 390 391 390 388 386 384 383 386 389 389 380 372 373 372 371 368 372 373 369 383 380 383 386 390 393 396 396 395 396 399 402 407 410 409 409 409 408 416
370 373 374 377 379 381 373 375 376 380 381 382 383 384 386 388 388 391 392 393 394 396 390 385 382 379 375 368 359 355 353 351 357 370 374 385 391 395 397 398 399 399 396 395 390 380 380 382 384 385 382 382 385 388 387 388 390 387 387 384 384 381 383 381 384 375 375 376 374 373 370 368 372 378 367 361 366 367 386 393 394 394 395 399 402 404 406 407 409 407 407 410 414
369 371 373 375 376 376 369 372 372 374 378 380 381 382 383 385 387 388 389 393 393 395 385 382 379 375 369 363 357 353 350 349 355 363 370 376 391 395 396 395 395 397 393 391 388 379 379 380 380 384 383 382 383 385 385 388 388 386 386 382 379 377 378 375 378 379 379 377 377 375 375 373 377 368 368 368 367 365 372 389 391 392 397 400 400 402 404 407 407 408 409 412 409
368 370 370 372 370 366 366 370 371 373 376 377 379 379 380 383 385 391 392 395 402 390 387 383 377 372 366 361 356 352 349 346 348 355 367 378 390 392 393 392 394 393 389 387 389 381 374 376 379 384 384 383 382 382 382 384 384 382 383 376 375 374 377 378 381 382 382 379 379 377 378 376 371 373 374 373 372 369 367 378 391 395 398 398 398 399 402 405 404 407 408 408 407
367 368 369 372 366 364 365 368 370 371 373 374 375 376 379 381 381 383 382 388 402 393 397 383 375 371 363 358 354 349 346 344 345 349 361 374 388 390 392 399 393 390 387 384 383 387 374 376 379 384 385 385 384 382 380 382 383 382 380 377 376 380 381 383 384 384 384 384 381 380 374 369 373 378 378 375 376 375 371 374 386 389 394 395 396 399 402 402 402 405 407 407 406
366 366 369 370 365 363 364 364 364 367 370 371 373 374 376 378 379 380 380 384 400 400 395 376 372 368 362 357 353 349 344 342 342 344 355 373 386 388 392 396 389 389 385 382 382 383 383 376 381 385 388 387 386 385 384 385 383 382 380 377 379 384 385 387 387 387 386 384 381 373 368 372 378 381 380 379 379 377 373 372 373 372 384 381 392 398 401 400 401 404 405 406 412
363 366 368 369 366 362 363 363 362 367 372 370 371 372 373 376 378 378 378 384 402 397 388 391 387 372 366 356 351 347 344 339 340 341 358 376 383 385 387 399 391 386 382 384 383 381 384 378 384 389 390 390 389 388 387 386 386 385 383 382 386 387 389 390 389 387 384 380 379 378 378 380 381 385 383 379 377 376 375 373 372 376 374 374 373 388 397 398 399 402 404 406 413
358 364 366 367 366 359 359 359 355 363 373 369 369 372 376 374 375 379 379 381 397 399 403 405 402 395 383 360 352 347 344 340 338 339 348 371 379 381 398 391 385 384 384 383 382 381 381 383 387 392 392 392 392 390 386 384 387 387 385 387 390 391 391 391 384 380 378 378 384 383 384 387 386 384 384 381 378 377 373 371 374 380 379 379 377 375 383 388 398 405 408 410 413
363 366 366 366 367 362 356 353 359 366 374 368 368 372 387 375 374 382 393 399 401 394 382 380 390 395 379 365 352 348 344 340 337 337 337 357 368 377 393 390 383 383 384 383 382 380 382 385 389 393 392 394 394 391 386 385 389 389 389 389 392 394 394 388 385 382 381 386 387 389 390 386 382 377 380 381 380 377 374 374 374 380 384 382 380 378 374 371 392 405 408 410 412
362 364 367 366 367 370 369 360 360 372 374 366 366 376 390 387 382 394 398 396 398 380 379 386 395 387 369 370 365 358 350 342 340 338 337 340 356 372 389 395 381 382 384 384 383 384 387 388 391 394 394 395 396 394 389 391 391 391 392 392 393 396 395 392 388 386 385 391 391 390 387 384 379 379 382 383 382 380 378 378 383 384 378 377 376 377 377 378 387 404 406 410 414
360 361 364 368 372 370 376 359 358 374 372 373 373 388 392 393 393 388 400 391 378 376 378 396 393 377 377 393 401 382 353 345 343 343 339 339 356 394 404 401 388 381 383 385 387 390 392 389 391 395 395 396 397 396 391 394 394 394 395 395 396 397 395 390 389 389 390 394 391 387 386 384 380 383 386 385 382 382 383 386 386 382 376 376 373 380 382 382 384 405 409 409 411
358 367 367 364 378 370 380 364 367 376 377 382 384 386 389 385 374 383 385 396 379 374 374 388 393 396 392 408 401 383 356 378 366 343 343 352 346 375 393 399 398 381 384 388 391 394 394 392 394 396 398 397 398 398 398 398 398 397 398 396 400 399 395 393 394 391 396 394 391 390 388 384 382 388 388 385 387 390 389 388 381 379 382 381 380 385 389 382 388 405 408 406 410
356 368 382 380 385 378 387 377 383 392 381 372 384 374 389 374 370 377 382 391 396 383 374 371 380 398 380 386 411 395 393 398 370 351 359 370 344 349 387 400 408 387 387 398 397 396 395 396 397 399 403 398 399 399 400 401 400 402 402 401 402 400 400 401 395 394 398 394 393 392 389 386 388 390 388 390 392 393 389 384 384 385 389 386 386 392 392 388 388 404 406 409 411
353 357 377 386 385 381 392 392 379 378 372 363 379 376 373 368 371 372 380 376 395 388 379 373 373 376 368 371 410 412 410 397 382 366 362 356 351 355 384 411 412 381 388 393 400 401 400 401 400 403 407 406 403 401 404 404 404 406 406 405 403 401 402 402 402 401 397 395 393 391 389 392 392 391 393 395 392 390 390 390 389 390 392 389 393 392 396 396 393 403 405 409 410
354 354 366 383 387 394 398 382 366 368 363 366 368 372 367 367 369 370 374 374 382 389 377 374 373 372 370 370 374 394 404 386 369 364 361 357 364 382 405 417 409 380 390 398 399 400 402 403 403 405 410 411 411 409 408 408 407 401 400 403 403 401 399 398 396 397 395 394 391 391 394 394 393 397 396 394 391 391 394 393 395 395 385 392 393 391 400 402 405 407 409 411 412
359 357 364 384 383 379 387 360 361 364 357 363 363 366 365 367 369 370 373 373 374 379 380 376 375 374 372 370 369 368 376 368 363 362 361 360 385 398 415 405 383 375 389 394 399 400 400 402 406 408 413 413 412 406 405 404 400 396 396 403 403 401 400 398 396 394 394 393 393 396 396 395 397 399 396 393 392 395 396 395 396 394 393 398 395 396 400 403 404 406 407 410 411
361 362 380 395 385 363 375 354 359 360 357 359 362 365 365 367 369 369 372 372 373 376 376 377 377 376 372 371 371 370 368 365 363 361 359 362 382 393 383 363 363 371 386 391 393 396 399 403 407 412 416 412 414 410 403 398 399 397 395 398 400 401 398 398 396 393 393 396 397 395 397 399 400 399 396 397 396 399 396 394 398 397 400 391 389 383 391 397 400 404 407 409 411
359 361 380 392 400 374 369 357 359 354 357 359 362 365 366 366 368 370 371 371 372 375 375 376 376 377 375 372 371 372 367 366 365 364 360 357 356 361 363 365 368 371 381 391 394 396 400 405 409 414 417 414 416 413 402 400 397 396 394 393 392 394 397 395 396 398 400 399 397 395 398 401 400 399 399 401 400 397 398 398 402 398 395 396 388 383 385 396 402 405 407 409 410
354 365 368 383 395 385 372 359 359 352 356 358 361 364 365 366 368 370 370 371 372 374 376 377 376 375 376 375 372 372 367 366 364 363 362 359 356 355 364 370 371 375 376 379 387 398 402 411 413 416 419 417 415 415 407 400 400 395 394 393 394 394 393 392 400 401 399 396 393 398 402 400 398 400 401 402 400 399 402 403 396 400 397 397 394 387 382 391 401 404 406 407 409
