data/bioclim/bclim18.asc
NCOLS 300 
NROWS 196 
XLLCORNER -121.25 
YLLCORNER 31.1666666666667 
CELLSIZE 0.0416666666666667 
NODATA_value -32768 
[rows 50 to 99 of 196, columns 0 to 95 of 300]
11 11 5 4 4 3 2 2 2 2 2 2 2 2 2 3 3 3 3 3 3 3 3 3 3 3 3 4 4 4 4 5 6 7 8 7 9 18 19 19 22 22 23 29 32 26 26 38 40 41 43 47 52 58 53 48 52 50 60 81 81 87 77 58 58 73 61 47 27 15 15 17 26 34 38 38 38 42 37 33 24 18 19 19 26 36 32 23 22 24 28 36 41 47 47 39
12 12 11 5 4 3 3 2 2 2 2 2 2 2 2 2 3 3 3 3 3 3 3 3 3 3 3 3 4 4 4 4 5 6 6 7 8 9 9 8 19 19 20 24 26 24 27 30 38 42 46 52 53 54 55 58 62 65 65 64 72 92 82 77 68 81 68 64 36 22 15 16 19 25 32 40 43 42 39 37 29 18 18 18 23 30 33 27 20 21 25 33 39 44 40 36
13 12 11 5 5 4 3 2 2 2 2 2 2 2 2 2 2 3 3 3 3 3 3 3 3 3 3 3 3 4 4 4 4 4 6 6 6 7 7 9 9 7 8 17 20 26 32 34 39 42 44 49 56 49 48 51 51 60 70 71 79 85 91 92 77 91 75 45 34 24 18 16 16 23 31 35 41 37 39 34 28 19 20 18 18 21 27 33 20 19 22 28 35 38 38 37
13 12 11 11 5 4 4 3 2 2 2 2 2 2 2 2 2 2 3 3 3 3 3 3 3 3 3 3 3 3 4 4 4 4 5 6 6 6 6 8 7 8 9 25 24 27 32 32 35 40 38 46 52 52 45 49 46 53 68 76 86 88 85 66 83 95 81 69 40 28 24 17 16 26 35 39 41 41 36 33 28 27 22 22 17 17 20 33 24 17 19 25 31 33 31 30
12 11 10 10 10 5 4 4 2 2 2 2 2 2 2 2 2 2 2 3 3 3 3 3 3 3 3 3 3 3 3 3 4 4 4 4 4 5 5 6 6 8 8 23 26 28 30 28 28 34 35 40 46 48 45 40 49 54 57 66 76 77 80 64 66 71 87 95 62 28 21 17 16 21 39 46 44 45 37 34 30 32 27 29 19 17 22 34 27 20 16 18 24 25 27 27
12 12 11 11 11 11 4 4 3 2 2 2 2 2 2 2 2 2 2 2 3 3 3 3 3 3 3 3 3 3 3 3 4 4 4 4 3 4 5 6 6 7 8 18 20 23 23 25 24 32 32 35 39 41 38 43 53 58 58 63 71 65 53 61 60 79 89 92 76 31 20 17 15 19 34 45 44 55 41 34 30 30 30 33 27 23 28 33 33 22 16 16 16 20 24 27
15 16 12 11 11 11 11 4 4 3 2 2 2 2 2 2 2 2 2 2 2 3 3 3 3 3 3 3 3 3 3 3 3 4 3 3 3 3 5 5 5 5 6 7 18 19 19 22 21 26 27 31 41 39 35 45 51 53 45 52 57 60 31 29 58 75 84 78 84 40 21 15 14 18 33 46 55 54 41 29 25 25 28 31 33 28 29 39 38 24 17 20 15 16 19 26
16 15 12 12 12 11 11 4 4 4 2 2 2 2 2 2 2 2 2 2 2 3 3 3 3 3 3 3 3 3 3 3 3 4 3 3 3 3 4 5 5 5 6 7 18 16 18 19 19 24 23 28 36 31 35 43 47 45 39 41 25 30 46 55 74 74 73 87 89 46 24 16 14 14 26 36 48 52 40 25 20 20 22 28 33 22 27 44 37 24 24 28 19 13 14 19
16 16 15 12 13 12 12 12 4 4 4 2 2 2 2 2 2 2 2 2 2 2 3 3 3 3 3 3 3 3 3 3 3 3 3 3 3 3 3 3 3 5 5 7 17 17 18 14 18 20 19 22 23 15 31 33 41 44 22 23 55 63 61 66 73 60 71 73 76 75 36 16 14 14 19 28 38 41 28 19 15 15 16 22 24 17 28 42 44 29 38 41 24 16 12 13
15 15 17 14 13 13 12 12 12 4 4 2 2 2 2 2 2 2 2 2 2 2 3 3 3 3 3 3 3 3 3 3 3 3 3 3 3 3 3 3 3 3 5 6 7 6 6 15 18 22 21 19 19 22 22 13 14 14 19 43 50 47 60 65 62 35 61 68 81 81 34 19 14 14 15 20 31 38 26 17 13 13 14 16 15 16 27 33 38 30 39 41 32 19 12 10
14 15 16 16 14 15 16 14 13 4 4 4 2 2 2 2 2 2 2 2 2 2 3 3 3 3 3 3 3 3 3 3 2 3 3 3 3 3 3 3 3 3 3 4 5 6 6 17 17 20 23 23 22 27 32 34 15 15 15 19 19 20 27 31 27 53 71 82 84 81 32 21 15 14 14 15 23 43 38 22 11 10 11 11 14 24 28 24 28 29 39 45 37 23 13 8
13 15 15 16 15 17 16 15 13 12 4 4 4 2 2 2 2 2 2 2 2 2 3 3 3 3 3 3 3 3 3 3 2 3 3 3 3 3 3 3 3 3 3 3 4 5 7 17 18 20 21 25 26 27 34 35 31 39 20 38 41 25 24 24 33 48 55 66 80 81 37 22 18 15 15 15 18 39 42 29 13 10 10 10 12 17 24 21 24 26 37 41 33 19 13 8
13 14 15 16 16 17 18 16 13 13 13 5 4 3 2 2 2 2 2 2 2 3 3 3 3 3 3 3 3 3 3 3 2 3 3 3 3 3 3 3 3 3 3 3 4 4 6 18 18 20 20 20 11 27 33 37 37 41 41 43 52 48 41 28 56 72 83 71 84 89 61 25 20 15 15 15 15 30 49 38 23 11 10 10 10 12 17 21 22 27 30 36 27 19 13 8
11 12 15 16 16 17 18 16 14 13 14 5 4 4 2 2 2 2 2 2 2 3 3 3 3 3 3 3 3 3 3 3 2 3 3 3 3 3 3 3 3 3 3 3 3 3 4 6 7 7 19 23 23 13 14 30 36 39 44 49 52 48 53 55 52 71 93 86 98 98 73 39 22 18 15 15 15 21 41 44 31 17 10 10 10 10 12 20 21 27 27 33 29 21 14 8
11 15 13 15 15 15 16 14 13 13 14 14 5 4 3 2 2 2 2 2 3 3 3 3 3 3 3 3 3 3 3 3 2 2 3 3 3 3 3 3 3 3 3 3 3 3 3 3 5 8 8 9 21 23 11 14 30 33 39 44 50 60 67 65 70 69 96 79 84 93 100 65 27 22 19 18 15 17 26 49 39 32 17 14 12 12 12 18 22 28 29 27 29 21 14 10
14 12 16 16 18 18 15 14 13 13 4 4 4 4 4 3 2 2 2 2 3 3 3 3 3 3 3 3 3 3 3 3 2 2 3 3 3 3 3 3 3 3 3 3 3 3 3 3 5 8 8 8 21 21 11 12 12 29 35 37 41 54 66 65 73 80 80 76 72 83 97 91 36 23 21 19 16 16 21 35 41 41 37 25 26 23 17 19 27 35 33 29 25 19 15 11
15 13 13 14 17 18 16 16 16 14 14 4 4 4 4 4 3 3 2 2 3 3 3 3 3 3 3 3 3 3 3 3 2 2 2 2 3 3 3 3 3 3 3 3 3 3 3 3 3 5 6 8 10 9 11 12 10 12 15 33 35 22 40 45 65 88 83 72 59 81 97 100 77 33 23 19 16 16 17 21 28 33 43 33 31 32 31 25 28 38 39 33 27 22 18 13
15 13 13 12 13 15 16 17 16 14 14 15 15 5 5 5 5 5 4 3 3 3 3 3 3 3 3 3 3 3 3 3 2 2 2 2 2 2 2 2 2 2 3 3 3 3 3 3 3 5 5 7 8 8 10 10 10 12 12 12 16 19 21 48 72 72 88 84 55 78 91 92 95 77 37 23 18 16 17 18 18 23 32 40 35 31 31 35 33 33 35 30 24 24 22 16
13 13 12 12 13 14 14 16 18 17 15 5 5 5 5 16 16 5 4 4 4 3 3 3 3 3 3 3 3 3 3 3 2 2 2 2 2 2 2 2 2 2 2 2 2 3 3 3 3 3 4 5 8 8 10 10 9 9 12 15 19 44 47 52 71 66 59 58 52 70 75 81 89 77 68 37 22 16 17 18 18 20 24 33 35 31 28 28 30 22 19 21 25 30 30 22
11 14 11 12 12 13 14 15 17 17 18 16 15 5 5 6 5 5 5 4 4 4 4 4 3 3 3 3 3 3 3 3 3 2 2 2 2 2 2 2 2 2 2 2 2 2 3 3 3 3 4 4 5 5 8 9 8 11 13 13 16 20 47 50 70 72 65 52 52 76 76 67 74 71 71 36 22 18 18 18 18 18 21 31 36 29 28 28 26 20 15 14 17 32 38 29
10 11 11 11 11 13 13 13 15 16 15 18 18 21 19 17 5 5 5 4 4 4 4 4 4 4 3 3 3 3 3 3 3 2 2 2 2 2 2 2 2 2 2 2 2 2 2 3 3 3 4 4 4 4 6 8 9 9 15 16 38 42 53 69 74 74 71 55 49 59 63 61 63 63 68 41 25 18 18 18 18 20 21 26 32 28 26 26 25 20 13 13 14 19 30 32
8 10 11 11 12 12 13 13 17 17 17 16 18 21 22 22 19 17 5 5 5 4 4 4 4 4 5 4 3 3 3 3 3 2 2 2 2 2 2 2 2 2 2 2 2 2 2 2 3 3 4 4 4 5 8 9 9 11 12 13 31 45 50 59 55 57 74 56 29 53 56 56 55 42 65 45 29 18 18 18 19 21 23 23 25 26 27 28 24 19 14 13 13 16 21 31
8 7 10 11 11 12 12 12 13 15 19 18 18 18 21 20 20 19 17 17 6 5 4 4 4 4 4 4 3 3 3 3 3 2 2 2 2 2 2 2 2 2 2 2 2 2 2 2 2 3 4 4 4 4 6 9 9 13 25 32 35 44 53 57 47 43 54 58 28 60 65 70 55 54 57 60 26 18 18 19 21 25 27 25 25 27 28 28 23 20 20 15 13 13 18 27
9 7 7 9 10 11 11 11 13 13 14 16 17 17 15 5 5 5 5 6 5 5 4 4 4 4 4 4 4 3 3 3 3 2 2 2 2 2 2 2 2 2 2 2 2 2 2 2 2 2 4 4 4 4 4 6 9 13 13 13 27 39 46 51 45 36 45 52 26 51 55 59 61 55 63 68 27 19 19 21 23 30 33 30 27 28 29 26 23 25 27 19 15 13 15 21
11 7 7 7 8 11 11 12 11 12 14 15 16 16 16 15 5 5 4 3 3 4 4 4 4 4 4 4 4 4 3 3 3 2 2 2 2 2 2 2 2 2 2 2 2 2 2 2 2 2 3 3 4 4 6 7 8 10 9 10 25 32 30 41 40 21 23 26 26 23 29 50 54 36 40 61 26 20 19 21 22 30 35 33 36 32 29 25 24 26 31 21 15 14 14 17
11 10 7 7 7 8 11 11 12 12 12 14 15 15 16 16 17 16 5 3 3 3 3 3 4 4 4 4 4 3 3 2 3 2 2 2 2 2 2 2 2 2 2 2 2 2 2 2 2 2 3 3 3 3 4 6 7 9 8 10 13 15 28 42 45 40 22 22 23 23 51 55 53 35 35 40 37 23 20 21 22 25 31 34 38 36 29 29 25 27 35 22 17 14 13 14
10 9 7 7 7 7 8 9 10 10 12 13 14 16 15 5 5 5 5 3 3 3 3 3 3 3 3 3 3 3 3 2 2 1 2 2 2 2 2 2 2 2 2 2 2 2 2 2 2 2 3 3 3 3 3 4 5 8 8 8 12 15 16 30 37 36 20 20 20 24 48 52 51 51 51 37 36 23 20 21 25 25 27 29 33 33 30 29 26 28 40 27 16 13 12 12
12 9 9 7 7 7 7 7 9 9 12 12 4 14 16 15 4 4 5 3 3 3 3 3 3 3 3 3 3 3 3 2 2 1 1 2 2 2 2 2 2 2 2 2 2 2 2 2 2 2 3 3 3 3 4 4 4 5 5 10 26 30 31 37 41 38 34 21 36 24 29 49 49 52 35 32 54 27 19 20 23 24 24 24 26 29 30 30 30 32 42 28 19 14 12 12
11 11 11 11 7 7 7 7 7 9 10 10 4 13 5 16 16 4 3 3 3 3 3 3 3 3 3 3 3 3 3 2 2 1 1 1 2 2 2 2 2 2 2 2 2 2 2 2 2 2 3 3 3 3 3 3 4 5 8 9 12 24 26 35 45 33 18 22 49 48 43 50 45 30 28 33 39 27 19 18 19 22 23 21 21 26 29 30 32 32 37 32 20 16 14 12
9 8 9 12 11 9 9 7 7 7 10 10 12 13 13 14 15 17 16 5 3 3 3 3 3 3 3 3 3 3 3 2 2 2 1 1 2 2 2 2 2 2 2 2 2 2 2 2 2 3 3 3 3 3 3 3 5 5 7 8 12 13 26 39 32 27 17 36 55 52 49 50 45 28 25 27 31 32 21 17 18 19 21 20 21 24 26 27 32 32 32 29 22 15 14 13
8 8 8 8 9 11 10 9 6 7 9 10 11 13 3 4 14 15 15 16 16 16 5 4 3 3 3 3 3 3 3 2 2 2 1 1 1 2 2 2 2 2 2 2 2 2 2 2 3 3 3 3 3 3 3 3 3 5 8 10 24 28 33 34 28 17 16 19 41 55 45 27 24 23 25 26 28 33 24 17 17 19 22 17 15 19 23 26 30 32 30 28 22 17 15 12
8 8 6 6 7 9 10 9 9 7 9 9 10 10 12 13 14 14 4 4 16 17 18 16 5 4 3 3 3 3 3 2 2 2 1 1 1 2 2 2 2 2 2 2 2 2 2 2 3 3 3 3 3 3 3 4 5 5 7 9 12 23 28 32 32 27 16 33 41 56 55 46 27 24 24 31 33 33 28 21 17 19 20 15 13 15 17 20 27 32 30 29 25 19 17 14
8 8 8 6 6 6 8 8 7 7 8 9 9 10 3 3 4 15 4 3 3 5 15 16 5 3 3 3 3 3 3 3 2 2 2 1 1 2 2 2 2 2 2 2 2 2 2 3 3 3 3 3 3 3 3 3 5 5 7 9 9 11 23 28 38 27 15 19 44 46 49 42 41 24 26 31 33 28 26 21 16 15 15 15 13 13 15 17 24 29 30 25 21 17 17 18
9 7 8 9 8 6 6 8 8 6 6 7 8 9 3 3 3 13 14 4 3 3 3 5 5 3 3 3 3 3 3 2 2 2 2 1 2 2 2 2 2 2 2 2 2 2 3 3 3 3 3 3 3 3 3 3 5 5 7 9 10 11 24 28 38 34 16 14 35 49 46 42 24 23 23 29 28 27 24 20 15 14 14 13 13 13 13 15 21 22 25 26 19 15 15 17
11 11 9 6 8 8 7 7 8 7 7 7 7 9 9 3 3 11 4 14 3 3 3 3 5 5 3 3 3 3 3 3 2 2 2 2 3 2 2 2 2 2 2 2 3 3 3 3 3 3 3 3 3 3 3 3 5 5 7 8 10 13 24 31 35 28 15 16 31 43 41 39 26 20 24 22 23 26 24 21 14 13 13 13 13 13 13 13 16 18 23 23 17 14 14 17
8 10 11 9 8 6 8 8 8 7 6 7 7 7 9 9 3 3 12 13 14 3 3 3 3 5 3 3 3 3 3 3 2 2 2 2 3 3 3 3 2 3 3 3 3 3 3 3 3 3 3 3 3 3 3 3 5 7 9 21 10 22 24 32 31 28 25 13 16 32 33 39 23 17 19 19 21 25 21 19 14 13 13 12 12 13 13 13 14 17 18 17 15 14 14 15
8 7 9 9 8 8 6 6 8 9 8 8 7 7 7 7 2 3 3 3 3 4 3 3 4 4 5 4 3 3 3 2 2 2 2 2 3 3 3 3 3 3 3 3 3 3 3 3 3 3 3 3 3 3 3 3 5 7 8 10 10 12 23 23 30 26 16 13 13 15 15 19 17 15 15 16 18 23 25 18 14 13 12 12 11 11 11 13 13 15 15 16 13 14 14 14
2 4 7 12 12 9 8 8 9 10 9 9 8 7 7 7 1 3 3 3 3 3 3 4 5 5 3 3 3 3 3 3 2 2 2 3 3 3 3 3 3 3 3 3 3 3 3 3 3 3 3 3 3 3 3 4 5 7 8 10 10 12 22 27 29 24 13 11 13 13 13 12 12 13 18 23 20 22 24 19 16 13 11 11 10 10 10 13 13 13 13 13 13 13 14 14
1 2 4 5 9 11 10 9 9 10 10 10 9 8 7 7 9 10 3 3 3 3 3 4 5 5 5 3 3 3 3 3 2 2 3 3 3 3 3 3 3 3 3 3 3 3 3 3 3 3 3 3 3 3 5 5 5 7 8 10 10 22 23 29 26 14 11 12 10 11 13 12 14 16 21 25 24 22 19 20 16 12 12 12 11 10 10 12 12 13 13 13 13 13 14 14
-32768 -32768 2 4 5 8 10 12 10 10 10 10 9 9 9 9 10 10 11 11 11 3 3 14 14 14 5 5 3 3 3 3 2 2 3 3 3 3 3 3 3 3 3 3 3 3 3 3 3 3 3 3 3 3 5 5 5 7 8 10 8 12 23 24 13 11 11 14 15 15 17 14 13 18 23 23 23 20 18 16 14 12 12 12 12 11 11 12 14 14 14 13 13 13 14 15
-32768 -32768 -32768 4 4 5 6 9 12 10 10 9 9 9 10 10 10 10 11 12 11 3 3 3 4 5 14 5 4 4 3 3 2 3 3 3 3 3 3 3 3 3 3 3 3 3 3 3 3 3 3 3 3 3 3 4 4 5 8 9 9 21 20 10 12 11 13 16 15 29 29 14 14 16 19 20 17 15 14 14 14 12 12 12 12 13 13 16 16 16 13 12 12 15 15 15
-32768 -32768 -32768 -32768 5 5 6 8 9 10 10 10 10 10 10 11 11 11 11 13 12 13 12 4 3 4 14 14 5 14 5 4 4 3 3 3 3 3 3 3 3 3 3 3 3 3 3 3 3 3 3 3 3 3 3 3 4 4 7 8 10 9 12 12 25 12 15 30 30 33 34 18 15 16 18 17 16 14 14 13 12 14 14 13 13 14 14 14 13 12 12 12 12 14 14 15
-32768 -32768 -32768 -32768 -32768 6 6 8 8 9 10 12 12 11 11 13 13 12 13 13 13 13 13 13 13 13 14 15 15 15 16 15 4 3 3 3 3 3 3 3 3 3 3 3 3 3 3 3 3 3 3 3 3 3 3 3 4 4 7 8 8 10 23 28 26 13 26 33 41 40 32 28 17 16 18 16 14 14 14 13 14 17 14 13 13 16 14 14 15 13 13 13 14 14 14 15
-32768 -32768 -32768 -32768 -32768 -32768 -32768 6 8 9 10 12 13 13 12 13 13 13 13 14 14 14 14 14 14 14 14 14 15 15 16 17 15 3 3 3 3 3 3 3 3 3 3 3 3 3 3 3 3 3 3 3 3 3 3 3 3 3 4 7 9 9 20 28 25 12 13 25 37 37 34 31 15 18 18 16 14 14 13 13 14 15 16 12 13 13 13 13 17 18 15 14 14 14 16 18
-32768 -32768 -32768 -32768 -32768 -32768 -32768 -32768 -32768 9 10 12 13 13 13 13 13 13 14 14 15 16 15 14 14 14 14 14 14 15 15 16 17 16 4 3 3 3 3 3 3 3 3 3 3 3 3 3 3 3 3 3 3 3 3 3 3 4 4 4 6 8 11 19 11 11 12 15 23 28 33 30 14 15 16 16 14 12 11 11 12 11 10 10 10 12 13 13 15 15 15 18 14 15 17 20
-32768 -32768 -32768 -32768 -32768 -32768 -32768 -32768 -32768 26 10 10 12 13 14 14 13 13 13 13 13 15 15 15 15 14 14 15 14 14 14 15 15 17 16 4 3 3 3 3 3 3 3 3 3 3 3 3 3 3 3 3 3 3 3 3 3 3 4 4 6 8 8 10 11 12 14 12 12 13 16 16 14 14 15 13 12 10 10 10 8 9 9 10 11 13 15 15 15 12 12 13 14 17 19 19
-32768 -32768 -32768 -32768 -32768 -32768 -32768 -32768 24 27 28 10 11 12 13 14 13 13 13 13 13 13 14 16 17 15 14 14 15 14 14 13 13 15 18 16 13 3 3 3 3 3 3 3 3 3 3 3 3 3 3 3 3 3 3 3 3 3 4 4 4 5 7 7 7 9 11 10 10 11 14 15 14 13 12 10 10 9 8 8 8 9 10 12 13 14 13 13 12 12 12 12 14 17 19 19
-32768 -32768 -32768 -32768 -32768 -32768 -32768 -32768 26 12 12 12 12 11 11 14 14 13 13 15 14 15 13 14 16 16 15 14 15 15 14 13 13 13 14 18 18 13 4 3 3 3 3 3 3 3 3 3 3 3 3 3 3 3 3 3 3 3 3 4 4 6 6 7 9 12 12 11 11 13 14 15 14 12 13 13 12 8 8 8 9 10 11 12 12 12 12 12 12 12 12 12 14 15 17 17
-32768.000000000000000 -32768 -32768 -32768 -32768 -32768 -32768 -32768 11 12 12 13 13 11 11 13 13 13 12 13 13 13 14 15 14 14 16 14 13 13 14 14 13 13 13 13 16 15 12 3 3 3 3 3 3 3 3 3 3 3 3 3 3 3 3 3 3 3 3 3 4 7 19 10 9 11 12 23 23 14 14 24 15 15 13 12 9 8 8 9 9 10 10 11 11 11 12 12 12 13 12 13 14 15 16 17
-32768 -32768 -32768 -32768 -32768 -32768 -32768 -32768 -32768 32 12 12 10 11 12 11 11 12 12 13 12 13 13 13 14 13 13 16 14 14 14 14 13 13 13 13 13 14 14 12 3 3 3 3 3 3 3 3 3 3 3 3 3 3 3 3 3 3 3 3 6 17 22 22 11 10 12 23 23 14 14 15 25 15 12 10 9 9 8 9 9 10 10 10 10 10 10 11 12 12 13 15 12 14 15 15
