data/bioclim/bclim9.asc
NCOLS 300 
NROWS 196 
XLLCORNER -121.25 
YLLCORNER 31.1666666666667 
CELLSIZE 0.0416666666666667 
NODATA_value -32768 
[rows 0 to 40 of 196, columns 0 to 92 of 300]
226.000000000000000 231 221 216 207 202 199 198 198 198 196 191 182 179 171 160 154 147 142 141 137 133 134 142 144 146 149 148 143 132 117 105 118 157 184 183 175 163 173 185 194 200 201 200 203 203 195 201 209 210 211 212 212 211 207 208 213 215 215 215 215 216 216 210 217 217 214 214 209 205 213 214 215 212 212 210 196 202 202 202 199 186 176 146 137 141 149 172 178 180 180 179 165
232 230 220 213 204 200 199 199 201 199 198 197 189 178 172 152 148 145 143 139 146 141 129 132 137 142 140 141 137 131 130 138 132 169 186 187 172 171 183 189 200 201 196 192 199 201 202 204 205 205 206 209 210 206 203 206 210 213 213 215 211 215 217 215 208 214 218 219 213 47 213 216 215 48 201 208 205 205 203 198 186 188 181 156 146 153 153 175 178 179 178 173 163
231 229 220 210 205 201 201 202 204 203 202 196 198 194 175 169 178 183 165 160 142 140 132 123 135 138 129 139 149 152 157 156 142 166 183 183 180 186 190 196 197 193 177 181 186 191 199 203 160 153 179 152 200 155 159 203 205 157 192 49 211 213 215 213 45 45 217 217 52 41 214 216 210 37 170 184 38 41 40 35 171 181 180 162 147 156 171 176 176 171 161 158 157
229 227 223 213 210 206 206 208 208 206 204 208 210 197 189 181 161 153 159 139 146 142 128 124 137 137 140 146 150 154 157 158 127 140 178 192 194 195 188 187 188 177 154 174 177 183 197 202 201 195 158 200 204 158 149 154 151 149 150 49 215 210 49 50 47 38 45 51 42 43 54 54 48 177 131 171 178 186 33 28 163 25 174 160 156 163 171 173 168 150 134 137 152
234 230 225 217 217 216 214 213 210 213 206 202 197 191 182 181 168 149 149 146 155 135 129 133 129 136 144 147 150 154 158 155 128 136 174 190 193 190 185 178 183 171 149 169 168 180 195 198 202 203 203 202 203 204 203 203 48 156 156 49 215 218 215 50 43 40 37 39 85 87 48 51 42 35 36 31 31 36 34 83 27 172 165 163 165 -19 -18 166 153 136 123 137 154
239 234 230 225 222 220 219 219 216 213 208 205 198 200 201 184 167 164 164 158 152 148 141 134 127 135 146 148 151 154 158 154 143 166 179 190 192 186 173 170 174 167 156 173 178 188 188 195 202 202 201 202 203 202 206 207 206 47 155 48 51 215 216 55 49 44 43 41 86 78 46 48 38 32 37 35 38 37 33 31 30 32 29 23 24 -19 74 155 135 135 141 152 168
238 235 230 230 228 223 220 220 221 219 213 208 209 215 202 184 170 183 167 165 165 148 151 134 128 127 144 149 151 154 158 149 126 157 187 192 189 187 181 172 160 159 147 177 183 179 187 152 199 201 201 201 202 200 161 162 207 207 49 48 42 46 54 55 55 52 49 45 39 29 38 39 39 34 36 33 40 41 39 37 0 2 38 23 -20 -12 -23 146 95 141 -26 -22 -13
242 237 234 232 228 226 222 226 222 217 217 220 223 217 211 201 190 185 168 180 151 144 140 142 137 131 139 148 151 154 157 151 128 165 190 191 191 189 183 178 167 163 143 175 183 179 188 149 158 201 201 201 201 159 155 155 204 209 208 50 49 53 57 52 53 53 44 37 42 41 38 40 42 46 37 33 42 45 44 38 -1 7 3 71 70 -20 -23 149 96 144 -25 -23 -25
241 238 235 233 229 226 229 227 222 224 224 218 216 222 209 200 192 176 182 172 163 154 143 131 136 129 119 138 150 152 155 154 139 168 190 191 190 190 189 186 177 169 148 161 191 193 194 148 149 200 201 199 197 152 153 142 150 209 212 213 214 59 60 58 57 56 47 41 49 55 56 57 58 58 41 42 45 46 48 7 40 10 27 62 18 -21 -21 15 59 13 -26 -18 15
243 241 236 234 231 234 232 230 225 224 222 219 215 208 210 209 198 194 181 163 162 157 142 134 120 127 119 135 148 150 152 141 116 172 191 191 191 190 184 182 178 155 152 167 195 197 196 183 184 200 201 200 198 155 150 130 125 153 211 214 215 214 55 54 56 58 53 47 56 61 62 62 62 61 53 52 47 48 13 15 13 7 20 58 17 -11 -11 -24 61 13 -26 15 58
243 241 239 236 236 232 229 227 225 223 224 222 219 207 197 195 194 183 170 173 170 167 152 133 126 118 111 119 143 146 150 135 115 154 190 191 190 190 187 177 172 145 140 169 195 195 193 148 144 198 201 160 159 157 154 147 130 122 159 216 216 55 45 42 46 54 56 53 59 62 62 62 61 60 59 55 12 53 54 16 47 38 23 18 23 -9 -9 19 55 10 -29 10 96
241 240 239 237 237 233 233 231 226 225 225 226 224 218 207 197 189 193 180 181 174 173 158 144 134 115 116 124 133 146 139 120 100 113 175 190 189 187 182 165 159 133 142 173 191 193 193 193 146 197 200 200 160 155 152 149 141 134 152 216 217 56 45 37 40 48 48 51 58 61 62 62 61 61 60 57 56 57 56 54 37 18 16 22 26 -7 -9 -16 11 59 12 54 88
241 241 240 239 235 232 236 235 233 226 225 226 227 222 222 215 209 197 184 178 169 165 153 141 138 135 135 133 127 138 120 112 121 115 162 187 185 183 175 172 150 123 133 150 187 193 193 193 154 154 197 158 157 152 143 139 133 108 135 209 219 176 50 41 40 38 36 45 49 57 60 58 57 60 59 58 57 55 55 11 32 16 60 22 -9 31 -8 21 12 8 56 57 51
241 240 240 238 238 236 234 231 229 228 226 227 228 227 223 214 212 208 205 202 193 184 181 171 157 145 142 132 115 129 120 135 131 137 177 182 181 177 166 164 163 165 156 170 187 192 191 189 185 185 152 154 155 159 156 149 137 111 118 160 221 220 57 96 45 42 43 43 35 48 52 47 43 55 58 56 55 13 9 4 35 26 19 23 30 -5 -9 18 51 55 9 49 95
240 240 239 239 237 233 231 232 230 227 223 226 229 228 225 218 211 205 196 186 182 168 165 158 163 145 135 130 117 113 110 136 118 121 164 176 160 143 153 146 176 183 187 185 179 178 189 182 176 134 138 146 152 151 160 154 141 118 133 209 222 223 62 97 94 38 38 38 37 33 40 34 32 45 50 45 52 12 44 43 38 37 32 29 -4 -4 -10 16 52 55 8 46 53
239 239 239 238 235 232 230 230 228 226 224 225 229 229 228 221 212 200 189 181 170 160 159 149 152 154 140 122 119 115 115 129 123 143 168 174 158 140 133 128 165 186 188 182 167 162 183 182 168 141 150 129 143 148 159 154 142 120 140 210 222 223 64 98 129 74 79 76 86 82 79 29 78 28 29 43 48 48 9 45 43 3 37 34 37 -3 -10 18 9 13 13 50 50
238 239 238 237 236 233 232 230 229 226 228 226 227 226 227 225 219 205 188 180 169 164 154 140 138 137 130 125 111 115 112 118 119 133 153 141 161 145 137 140 174 189 186 179 165 151 164 174 163 144 134 133 130 149 155 153 138 115 121 158 223 224 222 58 98 86 78 79 75 79 82 75 72 69 71 36 38 44 46 43 40 38 36 35 1 36 -6 26 20 21 19 14 12
237 237 238 237 237 235 233 233 233 229 228 226 226 226 227 222 215 205 194 187 176 167 162 148 138 135 126 118 117 130 119 119 125 119 123 140 136 154 153 144 162 176 186 172 157 146 140 152 163 150 139 134 124 151 151 143 131 112 97 121 168 225 224 223 63 57 53 46 82 40 36 44 39 40 32 31 27 26 40 41 34 30 30 32 37 1 36 30 27 26 17 18 20
236 236 237 237 237 236 234 235 233 232 229 227 226 226 224 220 214 206 201 194 185 176 159 152 153 136 132 129 135 152 139 131 127 119 117 113 113 132 146 144 148 169 184 162 137 134 137 144 154 149 135 132 118 137 148 148 139 107 110 109 124 178 224 223 181 65 62 60 55 60 61 59 57 56 46 29 20 17 30 38 32 21 20 27 34 1 3 0 0 33 32 25 29
235 236 237 237 237 237 236 236 235 231 229 227 226 226 224 221 217 211 201 191 185 181 169 171 162 160 152 144 166 128 122 128 126 114 115 107 119 120 139 130 126 164 180 164 134 123 114 127 151 146 127 126 140 115 134 146 136 100 113 99 123 160 178 179 179 176 106 100 110 60 57 56 58 62 61 41 25 64 23 34 32 22 17 23 32 34 38 43 44 4 2 36 37
234 235 235 236 237 237 237 236 235 232 230 228 226 225 223 221 217 211 206 205 206 199 200 196 184 166 159 144 131 131 133 130 114 119 115 113 111 127 109 123 111 134 157 146 125 111 91 115 148 153 146 155 121 125 136 131 121 103 120 92 118 137 164 171 174 174 102 94 92 89 82 85 41 52 63 57 38 30 25 28 33 33 29 29 31 35 36 1 7 8 7 44 44
233 234 234 235 236 237 237 236 236 235 231 229 226 225 224 222 218 219 214 207 195 191 183 171 163 155 138 137 146 144 144 138 136 126 131 123 116 117 97 111 100 117 137 147 121 99 78 93 136 153 164 134 134 136 134 134 127 119 104 122 104 124 140 155 162 100 86 86 92 89 76 70 76 37 60 62 53 44 33 22 29 38 40 40 37 39 42 40 42 10 11 10 9
232 232 233 234 236 236 237 237 237 234 231 229 228 225 223 224 222 220 217 215 204 193 185 172 164 152 158 153 153 147 148 144 126 128 146 130 112 108 95 89 94 111 122 140 119 107 92 97 129 154 152 117 119 122 133 136 132 126 119 112 103 103 112 130 154 143 126 123 82 91 93 40 39 42 54 62 51 32 27 61 66 37 45 8 43 37 43 6 44 8 11 52 11
230 231 233 234 235 236 237 238 238 235 232 231 229 227 227 224 221 221 219 216 204 178 183 173 167 173 154 144 139 144 144 163 158 156 137 131 109 99 88 90 117 142 143 143 131 125 127 113 135 146 126 127 132 147 120 127 130 125 120 115 110 97 104 121 148 150 135 124 78 89 95 96 92 39 47 61 54 71 60 59 15 38 48 48 43 34 40 7 7 7 51 53 53
229 230 231 233 234 236 237 239 239 238 235 232 233 230 229 225 221 220 218 214 207 197 181 177 187 172 163 157 153 170 172 155 140 133 130 130 133 100 89 105 123 127 120 131 121 126 143 136 152 144 125 125 130 136 137 112 114 111 105 111 100 92 105 137 147 144 136 128 115 125 74 121 66 80 53 63 63 45 22 25 31 41 48 48 44 34 41 8 45 8 13 14 54
228 229 231 233 234 236 237 239 239 240 238 233 232 231 228 225 222 221 220 216 208 197 188 191 181 173 169 162 167 188 160 138 123 116 118 113 125 112 97 93 112 110 100 114 101 116 138 152 154 145 134 119 117 128 126 131 131 131 128 113 109 98 107 136 142 126 118 123 126 82 83 73 72 102 61 65 65 57 43 38 33 42 46 47 45 43 45 48 46 51 15 15 15
226 228 230 232 234 236 237 238 240 240 238 235 233 233 229 224 224 223 223 219 209 204 202 193 185 182 179 178 194 183 156 135 123 115 109 106 105 97 94 96 116 97 87 95 119 124 145 152 152 141 134 111 106 113 124 120 132 111 116 116 111 98 118 124 120 119 118 135 157 169 110 97 89 104 50 52 54 56 50 46 39 37 43 45 43 41 40 46 52 15 16 16 16
225 227 230 232 234 235 237 238 240 239 239 237 234 234 232 229 227 227 224 219 213 217 220 211 204 198 200 199 188 172 162 140 124 113 113 109 104 100 99 93 101 97 90 103 91 109 141 145 148 141 136 129 125 124 125 140 147 110 116 116 109 103 117 114 124 139 133 134 165 170 111 90 77 101 41 37 47 52 54 55 50 41 37 37 37 31 32 46 15 16 17 17 17
225 227 229 232 234 236 237 238 239 240 239 235 228 229 235 233 231 227 224 221 221 223 211 210 200 195 187 183 180 164 156 144 136 131 125 119 118 111 98 97 87 88 91 98 112 121 112 127 132 136 132 129 128 138 147 119 155 117 118 116 106 98 108 116 144 148 140 153 156 161 162 103 91 92 96 40 43 50 55 61 55 42 30 30 32 24 39 53 17 17 17 17 17
225 227 230 232 234 236 237 239 240 240 237 236 228 231 234 233 230 228 226 225 227 223 219 218 207 199 189 183 171 169 159 143 141 143 133 128 122 105 103 104 99 92 93 88 81 84 87 107 117 125 128 135 149 155 160 161 124 122 121 116 106 100 103 132 141 136 143 144 148 142 146 97 81 81 91 50 57 61 62 62 56 38 27 34 39 39 48 17 17 17 56 53 55
226 229 231 233 234 236 238 239 240 240 237 235 235 231 231 232 233 230 229 231 226 221 212 205 204 197 192 178 174 175 161 153 166 145 138 140 132 118 118 114 107 99 94 91 87 79 86 81 98 124 147 151 158 161 162 163 163 162 154 116 145 119 118 126 125 126 131 135 136 128 137 90 79 79 77 45 59 63 62 62 59 49 45 47 49 52 57 58 56 49 43 45 51
229 231 233 234 236 237 238 239 239 240 239 236 235 235 231 228 233 233 234 228 225 218 219 215 207 205 198 183 189 185 171 162 177 154 158 146 139 131 122 122 102 115 99 91 100 97 72 92 103 118 153 156 160 161 162 163 162 156 144 149 114 117 114 111 108 107 117 115 120 126 135 141 86 83 92 50 58 62 62 62 59 56 55 55 56 57 58 57 48 29 21 39 46
232 233 234 235 236 238 239 239 240 241 241 239 236 236 236 235 234 236 234 230 228 226 223 218 218 214 201 187 197 193 181 180 192 188 171 166 157 151 140 125 131 104 95 107 106 87 75 79 77 86 134 158 160 161 163 162 159 138 130 149 156 126 125 125 116 109 113 109 114 121 119 97 86 93 91 87 46 55 58 53 43 51 55 57 58 58 57 52 45 41 33 40 44
234 235 236 237 237 238 239 240 240 241 241 241 238 236 238 239 237 237 235 233 232 230 226 222 223 214 206 198 203 200 194 190 198 188 194 176 174 180 150 168 159 140 133 108 110 92 76 84 90 112 127 147 157 159 158 155 146 133 135 140 160 167 131 130 122 118 125 131 135 133 69 79 130 92 101 47 45 51 57 54 40 47 52 56 57 57 53 46 38 32 36 48 46
237 237 237 238 238 239 239 240 241 241 242 242 240 238 238 240 239 237 234 236 234 231 232 229 230 223 221 206 210 210 216 211 199 199 180 159 141 134 139 118 108 98 108 119 112 102 96 92 69 84 128 147 150 137 145 142 134 131 140 147 156 162 128 131 128 143 151 144 126 108 86 66 93 93 106 53 45 47 55 58 47 36 44 51 54 55 53 49 46 40 45 53 57
238 238 238 238 239 240 240 241 241 241 242 242 242 242 241 239 238 238 236 237 237 237 231 223 221 219 219 226 226 220 209 202 194 192 174 149 141 127 119 120 118 96 104 106 96 97 101 83 75 83 124 142 143 130 130 132 126 120 130 142 149 150 155 162 164 150 154 141 95 53 74 107 94 144 104 54 55 56 58 56 47 29 28 39 45 52 58 59 59 59 57 56 60
238 238 239 239 240 240 240 241 242 242 242 242 243 243 243 241 239 238 237 237 238 234 233 225 216 211 216 214 215 211 204 201 195 190 178 161 144 125 115 131 117 115 119 97 95 86 82 91 66 64 97 130 133 132 129 128 119 115 115 88 126 107 108 151 170 148 155 143 91 36 66 98 79 118 161 55 57 58 57 46 42 37 95 94 26 46 60 65 67 67 62 54 58
237 238 239 239 240 240 240 241 242 242 243 243 243 243 243 243 243 241 239 239 240 239 230 229 224 214 212 214 218 214 202 189 186 176 166 150 143 130 121 141 140 142 117 110 101 88 68 76 76 81 105 127 113 125 130 138 134 135 127 120 112 76 90 147 162 142 141 153 130 42 34 77 113 107 160 55 57 57 50 84 97 91 87 90 33 41 60 67 66 65 62 54 52
237 238 238 239 239 240 241 241 242 242 243 243 244 244 244 245 245 245 242 240 242 240 235 229 231 228 216 215 218 220 212 208 202 185 172 176 174 168 167 176 171 145 130 116 118 94 77 60 76 90 96 89 105 123 137 138 144 150 155 156 150 124 88 143 148 139 149 167 158 110 44 59 87 92 125 54 57 48 89 95 77 79 73 98 44 57 65 67 66 62 54 49 43
237 238 239 240 240 240 241 241 242 242 243 244 244 244 244 245 245 245 245 243 241 241 239 238 240 231 218 221 223 225 218 216 217 209 213 211 197 152 139 135 141 136 125 94 94 106 86 78 86 77 94 108 109 123 127 134 137 147 154 158 158 149 135 145 144 169 191 212 172 140 79 42 80 115 102 139 57 53 38 82 73 88 96 39 52 62 66 66 63 59 48 45 33
237 238 238 239 240 240 241 242 242 243 243 244 245 245 245 245 245 245 245 244 243 241 239 241 234 236 231 225 232 226 220 226 225 228 206 193 173 155 138 137 128 126 124 99 81 90 89 94 115 88 95 114 115 107 127 137 144 149 152 157 158 150 145 153 160 168 193 211 219 156 96 31 46 102 93 123 55 56 50 111 99 95 34 47 59 64 66 65 61 57 51 43 40
