data/bioclim/bclim8.asc
NCOLS 300 
NROWS 196 
XLLCORNER -121.25 
YLLCORNER 31.1666666666667 
CELLSIZE 0.0416666666666667 
NODATA_value -32768 
[rows 86 to 128 of 196, columns 192 to 287 of 300]
228 199 187 196 202 192 189 194 196 195 190 198 204 205 204 204 205 205 205 205 204 199 198 199 197 196 194 191 188 186 183 183 181 180 182 184 187 195 204 221 226 231 232 233 243 248 251 250 245 245 244 237 230 223 224 228 224 220 218 221 224 225 222 220 222 223 223 221 215 211 207 204 207 207 203 197 196 198 200 199 204 202 198 200 199 198 202 199 198 198 195 192 188 184 179 174
212 197 189 194 204 196 184 190 192 193 191 189 193 201 202 198 205 206 206 205 204 202 200 199 198 197 195 194 190 187 183 184 182 181 183 186 193 203 212 219 223 227 229 230 234 238 250 249 244 242 243 239 235 229 227 232 226 223 221 223 226 223 221 223 226 226 224 219 216 214 214 213 209 206 200 197 198 202 200 201 207 203 201 203 200 204 206 203 198 195 192 190 186 183 179 176
212 205 196 196 206 192 184 187 191 192 192 188 186 195 195 200 204 204 204 203 203 202 200 199 198 196 195 194 192 188 183 182 181 183 184 185 197 205 208 213 219 223 227 230 233 242 250 249 244 238 239 237 233 231 233 230 229 227 227 228 228 222 224 227 227 223 220 219 218 218 215 215 212 208 206 200 204 207 206 205 208 205 202 204 205 209 204 199 196 191 189 187 185 182 180 177
206 207 208 209 207 186 186 190 193 191 189 186 186 192 194 196 203 204 204 202 201 199 198 198 196 195 194 193 191 189 184 182 183 182 184 189 197 199 200 205 213 220 226 228 231 242 250 248 246 238 236 237 237 237 236 235 231 229 229 231 226 226 228 226 224 221 222 221 220 218 216 215 214 211 210 210 209 211 211 211 211 208 207 207 209 206 203 199 196 192 189 187 186 182 178 176
209 209 211 211 204 182 189 192 196 192 188 182 187 194 195 196 201 204 201 200 199 197 197 197 195 194 192 191 189 186 179 177 177 179 182 188 190 191 188 192 208 216 222 225 231 243 247 249 247 242 238 237 238 238 237 236 231 233 233 231 227 230 229 224 222 223 224 220 213 208 203 210 206 209 207 208 209 211 213 214 213 212 213 210 206 202 199 196 193 195 192 185 181 179 177 176
208 209 212 212 211 199 193 193 197 197 190 186 192 195 195 198 201 201 200 198 198 195 195 197 195 193 190 189 185 176 174 175 168 169 168 166 173 177 176 184 199 209 216 221 229 239 242 246 245 242 241 241 238 235 235 236 235 234 234 232 232 231 226 225 227 225 222 219 214 207 199 203 200 201 205 207 209 211 214 214 214 215 211 207 206 203 200 198 198 200 195 189 183 180 178 178
206 205 211 212 212 211 192 193 198 199 194 183 189 189 194 197 200 199 198 199 197 194 193 194 195 193 182 184 182 172 170 169 161 159 158 157 156 164 165 181 192 199 210 215 221 229 232 242 244 243 242 242 240 237 232 234 235 234 234 234 233 232 229 228 227 223 220 216 213 209 201 200 202 199 205 212 215 210 213 216 216 216 213 210 207 206 203 200 200 202 197 192 187 183 181 180
205 204 208 211 212 213 204 190 197 201 195 189 186 191 195 199 198 200 203 201 200 193 192 192 192 190 184 181 174 169 168 162 148 142 147 149 144 154 165 178 186 186 200 209 217 223 225 236 240 242 240 240 240 239 233 230 233 234 234 232 232 231 230 230 227 219 214 215 208 204 208 206 205 201 203 211 215 209 210 217 217 216 215 212 210 206 203 204 203 204 201 195 191 187 183 184
207 208 204 206 209 210 210 190 197 203 200 193 182 191 195 198 203 206 203 198 198 194 189 191 189 185 180 173 170 163 164 160 153 134 142 142 141 139 144 158 166 162 177 195 207 216 222 231 235 239 239 240 240 239 238 234 231 231 234 233 232 232 229 229 227 223 220 217 213 212 213 209 207 209 211 213 219 214 210 215 216 218 217 214 209 208 206 208 206 208 205 200 194 192 187 188
207 208 207 200 202 203 207 200 206 207 203 196 190 192 197 201 206 207 203 194 194 192 187 188 185 181 181 179 172 153 151 157 153 149 146 139 131 102 110 139 164 170 169 173 193 209 218 219 227 230 233 236 239 239 239 236 236 236 235 231 231 229 228 228 228 224 222 221 217 215 209 209 207 210 213 218 221 219 218 218 219 218 216 214 214 211 209 211 211 208 204 200 197 194 191 193
208 208 206 194 198 201 208 209 206 208 204 199 197 197 201 207 208 209 208 195 194 193 186 183 182 182 178 175 171 162 154 158 156 152 150 143 136 116 114 143 169 179 176 179 195 207 213 213 216 223 228 232 235 238 238 238 238 237 237 237 236 232 227 224 225 226 224 219 216 214 209 211 216 221 221 222 222 221 221 220 219 219 219 216 215 214 214 214 208 204 202 205 204 200 198 199
209 208 207 199 196 203 209 206 208 207 203 196 197 200 207 212 209 209 210 204 201 192 185 176 174 178 174 170 171 170 165 162 159 158 153 149 153 150 143 143 169 181 184 189 195 201 209 214 217 222 223 228 231 235 238 238 238 238 238 238 236 233 229 226 222 223 222 221 219 213 207 213 213 224 226 221 217 217 219 219 219 221 220 220 218 218 214 209 205 202 205 207 207 202 204 207
209 207 204 194 197 200 206 210 208 205 206 194 196 205 209 214 213 213 213 210 203 195 184 179 169 166 168 170 173 172 173 171 161 164 162 154 151 155 162 157 174 178 187 192 192 201 205 207 216 221 223 224 229 232 235 237 238 238 237 237 237 235 235 232 229 227 219 219 217 213 213 222 222 228 227 224 220 220 222 223 223 223 222 221 219 216 213 210 207 206 209 211 210 208 210 208
204 208 203 197 196 194 201 209 211 211 214 210 208 210 211 214 214 214 213 211 207 196 184 180 164 161 168 171 174 176 177 175 166 164 161 157 159 163 170 173 174 179 184 190 194 199 203 208 213 217 220 222 226 229 232 235 237 236 235 237 237 236 235 234 233 231 226 220 219 220 216 228 227 228 227 224 222 225 226 224 221 221 218 219 218 218 215 211 212 210 212 213 212 211 209 207
207 209 208 203 197 194 196 204 206 204 207 217 219 213 210 210 209 211 213 213 210 200 189 181 179 170 167 171 179 179 179 176 168 163 160 157 162 168 170 171 171 174 181 186 191 195 200 205 210 212 215 219 221 224 229 232 234 234 235 235 236 236 236 234 233 230 225 224 224 226 230 229 228 228 226 226 227 227 224 221 220 220 220 221 217 219 216 215 216 216 216 212 209 206 206 203
212 210 208 204 195 195 194 200 198 195 203 215 220 216 206 202 201 205 212 215 214 207 194 184 185 179 170 171 176 180 188 183 168 163 163 159 168 174 170 172 171 168 171 178 187 192 197 202 206 209 213 217 218 221 225 229 230 230 231 232 234 234 235 233 229 226 228 227 228 231 230 228 225 225 227 229 229 226 224 222 221 223 223 221 219 219 218 219 218 217 215 214 211 208 205 203
210 207 208 205 197 196 190 193 193 198 202 212 217 222 219 210 196 200 207 215 219 218 210 202 199 189 181 181 185 186 194 189 170 169 165 163 177 176 169 169 171 171 171 173 178 188 193 198 202 207 211 214 216 218 221 226 228 228 231 233 232 234 234 231 228 229 230 231 231 230 226 223 221 224 229 230 227 223 220 220 223 226 221 219 222 221 222 219 216 215 212 209 209 209 206 201
208 203 202 204 199 193 185 187 186 195 204 209 215 221 223 220 209 200 205 214 224 226 226 221 212 203 194 187 190 200 214 194 173 177 177 180 186 175 165 161 166 170 173 171 171 177 187 193 196 200 209 212 214 215 218 223 225 228 229 229 231 233 233 232 231 231 232 231 230 229 226 226 225 228 231 229 226 224 225 226 226 224 222 224 224 222 221 220 214 209 207 204 204 205 203 198
204 202 196 201 198 193 183 176 185 193 203 206 213 218 222 225 223 218 212 219 226 229 233 232 227 227 219 206 213 231 218 202 187 181 188 187 192 177 175 168 163 156 166 169 170 171 174 188 194 200 205 210 212 212 216 219 222 224 226 226 228 230 232 232 232 231 231 232 232 231 230 230 231 232 230 229 228 228 229 229 228 226 226 225 224 222 220 218 213 206 199 195 196 196 194 194
196 200 197 196 199 190 185 187 190 198 205 208 212 216 221 225 227 227 224 223 227 231 235 238 237 237 232 233 235 235 214 231 210 213 61 206 199 189 184 174 168 158 169 170 168 170 173 181 193 198 202 208 209 210 213 216 219 220 222 223 225 225 227 228 230 232 232 232 232 232 233 232 230 231 229 231 231 230 229 228 227 226 225 223 222 220 217 214 209 206 201 196 197 196 196 198
201 196 198 202 202 189 183 189 198 201 202 207 213 218 221 224 226 228 230 227 229 234 236 239 243 244 242 239 239 220 238 240 236 236 232 224 222 192 187 179 172 163 163 165 164 170 173 177 190 196 200 204 206 208 203 209 215 217 219 220 222 222 223 224 226 228 228 229 229 229 230 231 231 232 231 231 230 229 226 224 221 220 223 222 220 217 214 213 211 207 202 197 197 199 202 203
204 206 214 209 202 191 187 185 192 200 205 208 212 216 222 221 216 223 229 230 228 229 230 232 236 239 238 242 251 246 243 246 245 244 241 242 218 199 190 187 178 168 164 163 161 166 171 176 182 190 198 201 204 206 205 209 205 213 215 217 219 219 219 220 222 223 224 223 223 225 226 226 227 227 227 228 229 226 224 224 222 219 219 219 218 217 216 215 213 208 202 200 202 204 206 205
224 230 219 204 198 196 192 189 194 198 205 212 215 218 222 220 214 217 226 228 225 224 222 224 228 230 228 239 253 253 246 251 251 250 248 242 223 56 203 191 182 171 162 163 155 168 174 177 181 185 192 197 200 203 205 207 196 209 211 214 215 217 216 215 217 218 217 217 219 221 221 221 222 222 223 225 228 227 224 223 221 221 218 218 218 218 217 216 213 208 203 203 207 208 206 202
239 231 221 210 200 197 195 196 202 195 197 203 215 219 221 219 215 218 223 226 225 225 224 217 217 202 205 240 254 258 254 255 255 239 235 247 238 225 214 201 190 179 166 164 160 165 173 178 182 183 186 193 196 199 200 203 202 205 208 210 211 212 213 212 212 213 212 212 214 215 216 217 218 218 221 223 225 226 223 223 223 222 221 220 220 217 216 215 213 210 206 206 209 209 205 204
239 225 219 209 203 202 201 209 213 203 201 205 211 217 218 218 214 217 220 223 224 226 225 222 215 185 184 217 248 258 260 258 259 250 250 249 234 228 217 200 192 186 178 171 167 173 175 176 182 183 186 191 193 195 197 198 198 201 204 204 206 206 208 209 209 207 207 208 210 210 211 213 215 217 219 221 223 224 225 224 224 223 222 220 215 215 217 216 211 208 208 209 211 210 209 209
238 234 226 213 208 204 210 216 216 208 209 209 207 214 216 212 213 216 218 220 223 225 225 222 217 195 173 188 238 254 259 260 258 256 257 255 250 235 222 207 198 190 184 178 176 179 177 175 179 183 185 187 189 192 193 193 195 194 199 200 201 202 204 205 206 206 203 203 204 205 206 209 212 213 214 216 220 222 220 221 222 223 219 217 217 218 217 214 212 213 212 212 213 212 211 209
243 245 232 226 223 219 229 240 234 225 216 213 211 211 214 207 194 210 214 219 221 222 225 224 221 204 187 197 222 248 256 260 259 256 259 256 253 236 218 206 193 192 186 177 177 180 178 180 182 182 183 183 185 188 189 188 190 193 194 196 197 198 200 202 204 205 204 204 205 204 203 206 208 209 212 214 217 218 216 218 219 220 220 219 218 218 218 217 213 215 214 214 213 211 210 207
254 245 238 239 234 233 247 250 235 223 221 218 215 218 216 205 195 204 211 216 214 219 223 227 227 216 204 212 216 230 251 257 262 261 256 253 249 233 210 205 200 199 192 180 182 181 177 175 176 178 181 184 184 184 186 185 186 188 190 192 193 194 195 197 200 202 202 204 205 205 205 206 205 207 210 212 214 213 212 214 215 215 216 216 216 214 216 216 215 213 212 213 212 211 210 209
247 248 248 248 259 253 249 248 228 220 213 212 221 223 217 202 195 203 209 211 209 215 222 229 230 225 225 223 223 224 232 240 259 263 257 254 250 232 211 215 204 201 193 185 184 179 178 174 173 174 179 176 177 179 180 181 183 184 187 187 188 189 190 192 194 197 198 201 202 203 200 202 203 204 207 208 211 209 209 211 211 210 211 212 213 212 210 211 209 205 207 210 211 210 207 206
254 254 257 260 265 262 259 248 238 227 222 208 213 228 220 200 190 194 205 197 204 200 212 227 233 226 233 237 237 237 234 232 244 262 264 260 253 236 226 205 197 194 184 182 180 176 174 175 176 176 175 175 172 174 176 176 179 180 184 182 184 185 186 189 192 192 195 197 199 200 198 199 203 203 207 209 210 208 206 208 204 206 208 209 210 210 207 208 203 200 205 207 208 209 206 200
266 262 255 264 273 263 247 238 245 241 235 229 220 231 223 212 198 193 200 191 186 193 209 225 231 229 236 240 243 237 233 224 213 244 264 262 251 233 208 202 204 200 183 177 172 170 171 170 171 169 169 172 168 170 172 173 175 177 180 179 180 182 185 186 188 189 192 193 195 196 198 200 201 204 206 208 208 206 203 203 202 199 202 205 203 204 201 202 196 197 204 203 204 206 202 197
271 263 270 274 259 253 240 236 240 236 234 239 233 234 228 221 207 211 195 184 177 187 209 226 233 240 243 244 246 242 238 227 213 229 254 261 241 237 220 214 222 201 183 182 173 173 172 181 169 164 165 168 165 167 167 168 171 176 175 176 177 179 182 185 185 187 188 189 191 193 195 197 200 201 203 205 207 205 202 200 197 192 193 199 196 194 195 193 194 201 200 199 203 201 199 193
275 281 275 272 254 251 241 242 238 233 230 233 237 236 231 226 225 220 202 183 184 190 203 225 235 239 247 249 249 245 241 235 228 220 235 261 246 240 244 224 209 200 198 198 185 207 204 206 194 179 166 170 162 162 163 165 167 172 170 171 174 177 180 183 183 184 185 186 187 189 192 194 195 196 200 202 202 202 198 197 196 193 188 186 188 190 190 191 192 193 195 197 200 190 192 189
280 283 280 269 262 254 248 248 242 228 219 221 229 235 233 231 235 225 221 206 200 209 219 229 236 242 247 252 251 245 242 239 229 214 201 240 261 257 243 223 208 201 204 212 208 214 209 211 207 201 193 199 182 171 165 164 166 165 166 168 170 174 178 179 179 181 181 182 183 187 190 189 191 193 196 199 197 196 197 195 192 192 188 184 189 188 188 187 186 188 190 192 194 197 189 184
268 262 275 269 261 251 245 251 248 234 214 223 228 229 227 233 241 235 236 221 205 215 227 239 250 247 248 252 255 246 242 236 226 215 202 221 257 266 252 229 220 222 221 219 218 224 222 215 206 199 199 203 201 194 186 173 168 165 167 166 167 170 170 173 175 175 176 176 178 182 184 184 189 189 192 195 192 191 192 191 191 188 183 181 185 184 184 180 178 182 187 190 191 195 194 185
274 267 266 267 261 255 255 254 252 237 219 223 229 224 223 234 245 246 242 229 213 205 216 239 257 261 259 255 258 253 244 240 228 217 220 230 242 269 260 256 242 238 242 237 229 220 217 220 219 212 205 207 205 192 189 189 183 168 180 177 173 170 169 173 177 177 181 181 179 179 177 179 184 183 189 191 190 190 189 187 184 182 181 179 178 179 179 171 171 177 180 185 190 190 185 184
277 269 268 267 264 259 251 246 246 251 236 221 222 210 219 238 249 249 240 224 199 186 208 234 253 264 272 260 255 251 248 236 229 242 254 250 255 274 248 231 239 252 251 247 231 221 219 222 225 216 219 222 219 206 201 193 187 179 177 185 184 173 172 178 185 186 186 188 184 182 178 178 181 183 183 184 185 186 183 180 178 176 172 170 171 173 169 163 164 167 170 176 183 183 181 178
278 276 272 268 265 262 259 256 253 255 256 245 237 226 228 239 247 251 239 224 211 199 201 200 239 270 269 261 252 250 244 229 229 257 265 268 272 276 248 229 221 213 234 245 241 228 222 222 236 233 226 216 211 210 205 198 191 186 182 185 190 185 173 180 181 193 195 190 191 187 183 179 185 188 185 185 184 184 181 175 173 169 165 161 159 161 157 154 152 157 161 168 176 178 177 172
279 275 272 270 268 267 265 264 263 262 263 261 255 246 237 245 241 249 239 230 218 223 203 203 233 275 269 271 256 250 250 239 232 250 263 270 97 91 250 226 218 202 196 243 254 249 240 247 247 236 226 218 207 207 202 203 198 190 186 188 195 197 180 182 194 198 189 197 193 194 190 188 192 190 193 191 187 184 181 173 169 167 162 156 150 143 142 138 137 145 158 163 168 172 174 172
277 277 275 273 271 269 267 268 267 266 267 266 264 264 260 262 261 251 244 248 233 247 241 234 235 272 115 281 268 253 241 239 236 250 242 255 98 97 89 247 226 222 195 228 253 260 255 262 229 224 213 221 220 209 207 209 200 196 192 196 201 197 192 189 196 206 203 194 199 200 199 195 195 194 193 192 190 187 180 174 169 167 162 158 152 144 138 129 127 134 148 156 164 167 170 165
276 276 274 273 273 272 269 269 270 270 271 271 272 274 269 261 248 248 263 266 257 267 266 260 265 112 120 113 265 244 229 240 230 246 259 250 102 100 92 79 247 225 198 213 254 263 265 257 233 226 208 209 220 206 199 204 213 199 201 202 209 205 195 198 198 207 214 204 193 194 210 199 199 197 189 180 181 181 180 173 170 172 171 161 155 149 142 131 129 132 143 150 150 146 153 154
281 280 277 275 276 275 274 273 273 274 275 276 276 271 265 256 245 253 263 272 273 112 115 276 112 120 122 115 267 242 250 253 239 243 260 89 105 102 95 85 87 222 196 216 235 259 268 260 228 207 207 209 215 211 199 199 217 208 203 203 214 215 201 200 208 213 218 212 201 192 212 211 206 198 192 182 186 183 177 180 184 180 166 155 149 149 142 135 131 130 137 140 134 131 135 147
283 282 280 279 277 277 276 274 273 273 276 279 280 277 272 267 260 255 254 269 113 117 124 124 121 124 121 115 108 262 255 255 256 255 243 88 106 106 98 97 242 215 216 218 244 76 80 256 228 206 204 207 209 204 198 206 220 209 207 215 225 227 204 204 202 212 221 212 204 199 212 217 207 198 200 194 190 190 181 189 190 171 148 148 145 138 128 119 123 125 130 131 128 128 128 136
