data/bioclim/bclim10.asc
NCOLS 300 
NROWS 196 
XLLCORNER -121.25 
YLLCORNER 31.1666666666667 
CELLSIZE 0.0416666666666667 
NODATA_value -32768 
[rows 123 to 163 of 196, columns 186 to 278 of 300]
297 297 294 291 288 285 281 279 275 270 268 265 262 259 256 257 259 248 240 230 232 242 250 255 242 229 217 206 208 207 244 274 273 265 256 254 249 234 235 261 269 272 276 279 253 234 227 218 239 249 245 233 226 227 240 237 230 220 215 214 208 202 195 191 187 190 195 190 178 184 185 197 199 194 195 191 188 184 189 193 190 189 189 188 186 180 178 174 171 166 165 166 163
294 292 291 288 286 284 282 278 275 273 271 269 267 266 265 264 265 263 257 249 240 248 245 252 243 235 224 228 209 210 238 279 273 274 260 254 254 244 237 255 267 274 283 276 255 231 223 208 202 248 258 254 244 251 252 240 230 222 211 210 206 206 202 195 190 193 199 201 184 187 198 202 193 201 198 198 194 192 196 195 197 196 192 188 185 178 175 173 168 161 155 149 148
288 285 280 274 270 275 280 280 278 276 274 271 269 270 269 268 269 269 267 266 262 265 264 254 248 252 237 251 245 239 240 276 288 285 272 257 246 243 241 255 247 260 285 284 274 252 231 227 200 233 257 265 259 267 233 229 217 225 223 212 210 212 203 199 196 199 205 201 196 193 200 210 207 198 203 204 203 199 199 198 197 197 194 191 185 179 174 172 167 163 157 149 144
285 271 256 251 267 276 279 279 276 276 276 275 271 271 272 272 274 273 274 276 271 263 251 251 266 269 261 271 270 264 269 284 295 285 269 249 235 245 236 250 263 255 289 288 279 262 251 230 203 218 259 268 270 261 237 230 212 213 223 210 203 207 216 203 205 206 213 209 199 202 202 210 218 207 197 198 214 203 203 201 193 185 186 186 185 178 175 177 176 167 161 154 147
265 258 276 281 283 283 284 283 279 278 278 278 276 275 275 276 277 279 279 274 268 259 249 256 267 276 277 283 287 280 283 293 296 287 271 247 255 258 244 247 264 270 293 289 282 271 259 227 202 221 240 263 273 265 232 211 212 213 219 215 203 203 220 211 207 207 218 219 205 203 212 217 222 216 205 197 216 215 209 202 196 186 190 188 182 185 189 185 171 161 154 154 147
276 285 288 288 287 287 286 285 283 282 280 279 278 276 275 276 278 281 283 279 274 270 263 258 258 273 284 289 297 298 295 298 294 287 279 266 259 260 260 260 248 269 293 294 285 269 247 220 221 223 249 266 277 261 233 210 208 211 212 208 202 210 224 213 211 219 229 231 208 208 205 216 225 216 208 203 215 220 211 202 204 198 195 194 185 193 194 176 153 153 151 144 134
291 291 292 291 290 288 287 285 284 283 281 279 277 275 274 274 276 278 281 285 283 280 275 272 271 274 280 295 301 303 298 291 293 292 287 270 254 271 254 254 253 260 278 292 292 278 255 233 243 239 231 269 282 275 251 221 204 203 208 207 198 213 226 204 211 216 222 234 210 211 207 209 224 218 209 204 217 223 218 208 212 210 202 192 193 203 197 182 167 161 150 140 125
295 294 293 291 288 284 281 283 284 284 282 279 276 274 273 273 273 276 279 286 289 286 285 282 282 280 288 296 301 303 296 299 298 292 294 288 279 284 265 252 264 260 266 279 295 290 267 253 254 239 223 271 284 280 265 247 234 221 213 213 203 194 232 215 208 212 219 234 220 213 213 223 225 209 207 207 219 227 221 219 214 205 195 193 200 207 197 181 166 159 150 138 125
296 294 291 283 270 270 271 282 285 285 283 278 281 281 280 280 281 283 285 289 292 291 291 292 292 293 293 298 302 305 302 303 302 300 298 294 293 291 280 274 274 276 276 279 291 298 279 254 258 259 233 254 285 285 274 251 243 237 239 208 209 191 208 240 220 212 218 237 243 234 240 230 216 217 219 214 221 225 223 222 212 208 202 202 207 203 196 194 181 174 158 147 136
295 291 276 249 255 274 287 287 286 285 286 287 287 287 287 288 289 290 291 293 295 295 296 297 298 300 299 301 304 308 306 306 305 303 302 301 298 292 287 282 279 286 290 297 300 288 264 273 276 245 227 239 281 290 287 276 238 247 240 215 204 185 191 247 257 249 249 257 265 249 238 248 234 234 236 232 232 229 220 216 217 210 213 215 216 211 203 194 187 170 157 157 153
291 284 281 278 281 290 291 287 285 283 286 288 290 292 292 293 294 295 295 297 297 298 299 301 302 303 305 306 306 309 308 307 307 307 305 304 301 296 290 285 282 289 296 303 303 286 268 283 283 252 222 231 262 285 294 288 269 265 259 262 236 207 225 239 275 262 255 274 256 240 222 232 227 225 223 221 235 233 224 217 223 215 220 217 207 207 187 179 172 165 166 165 162
301 300 298 294 297 296 292 288 285 282 283 285 289 293 295 296 297 298 298 300 299 300 302 303 305 306 308 309 310 310 310 309 309 309 306 306 303 299 296 287 285 291 298 305 306 293 285 293 285 258 238 225 248 277 288 298 294 291 286 283 271 249 252 261 278 269 273 265 244 223 216 214 216 217 212 216 215 227 232 229 221 217 206 202 199 197 192 188 180 177 176 167 155
306 305 304 303 302 301 297 294 290 286 283 283 289 294 297 299 300 301 301 302 301 301 303 305 306 308 309 311 312 312 312 311 311 310 309 308 306 304 302 294 278 292 300 306 307 301 299 293 286 274 258 230 219 252 276 288 300 300 297 294 291 278 268 282 282 279 271 256 242 211 206 211 209 207 213 207 213 213 221 226 220 208 208 204 202 200 198 196 190 185 177 170 164
307 307 307 306 305 304 302 298 292 295 295 294 293 293 293 300 302 303 304 303 301 298 298 299 307 309 311 312 313 313 313 313 312 311 310 310 309 308 307 303 283 294 303 308 308 303 300 294 291 293 277 255 242 232 284 294 278 289 298 299 299 294 279 283 286 270 252 247 242 218 214 229 213 205 207 203 206 209 208 210 216 221 210 209 208 204 203 200 193 186 173 164 166
309 308 308 308 307 307 306 305 298 297 301 301 301 302 304 303 304 305 306 304 300 286 281 297 307 310 312 313 314 314 314 313 313 312 310 310 310 310 310 308 301 297 304 308 308 304 301 302 301 299 287 284 292 281 300 290 259 271 291 295 295 289 282 256 254 263 235 238 245 231 226 240 229 216 208 206 205 203 210 210 206 216 212 210 211 207 207 204 200 192 180 175 181
310 310 310 310 309 309 309 309 309 305 302 305 306 307 308 307 306 307 307 305 302 292 276 296 309 311 313 314 314 314 314 313 314 313 312 307 308 311 311 311 309 306 306 307 309 308 305 305 304 302 297 292 281 288 284 275 262 259 281 277 285 268 274 262 253 234 216 238 250 251 235 250 251 234 220 224 226 218 223 219 215 206 212 212 211 212 209 208 202 193 191 193 187
309 307 309 310 311 311 311 311 311 310 309 309 309 310 310 310 309 309 309 307 305 299 289 302 310 312 313 314 315 315 314 313 314 314 314 312 310 311 313 312 311 310 310 309 303 303 299 293 300 301 297 290 283 271 269 248 243 248 258 268 275 262 271 279 263 242 222 237 249 261 259 261 264 252 244 244 242 236 228 227 219 208 204 208 205 205 204 204 203 197 198 197 194
308 303 301 308 310 312 312 312 313 312 311 310 311 312 312 311 311 311 311 309 308 305 303 309 311 312 314 314 314 315 314 314 313 314 315 315 313 312 312 312 312 311 310 307 301 298 297 298 299 295 295 278 267 270 263 240 226 240 263 278 271 252 265 277 269 247 245 245 255 265 272 272 273 265 254 252 249 246 239 230 225 213 205 195 199 201 205 203 205 203 203 197 186
310 307 305 303 307 312 313 314 314 313 308 307 311 311 314 313 313 313 313 312 311 310 310 312 313 314 314 314 315 314 314 314 314 314 314 316 314 313 313 312 312 311 310 308 306 306 305 304 298 274 280 278 277 269 261 243 236 256 263 273 263 238 256 271 273 256 261 259 258 266 275 278 279 275 264 261 253 249 245 237 238 233 222 209 197 193 202 203 202 204 204 201 194
312 311 310 307 303 310 313 314 315 315 312 313 314 314 316 315 315 314 315 314 313 313 313 314 314 315 315 315 315 315 314 314 314 312 311 313 313 313 312 312 312 311 311 309 309 308 307 306 305 300 287 291 291 286 277 272 250 249 250 263 268 252 270 271 272 267 268 272 273 273 278 281 283 282 273 263 253 249 243 235 232 233 229 230 218 201 190 195 198 204 207 207 204
315 314 313 312 310 309 313 314 315 316 316 316 316 317 317 317 317 316 316 316 316 315 315 315 315 314 311 311 312 314 314 313 312 307 303 304 310 312 312 312 312 311 311 310 309 309 308 308 307 305 304 301 295 295 290 288 279 264 244 246 248 252 238 245 259 264 271 276 278 278 279 282 284 283 270 255 256 253 241 234 229 229 231 231 228 223 195 182 188 199 207 204 204
316 316 315 314 312 311 311 313 314 316 316 317 317 318 318 318 319 319 318 317 316 315 313 314 314 313 312 304 299 312 314 314 310 305 306 309 311 312 313 312 312 311 311 310 310 309 309 308 307 306 305 304 302 301 300 298 293 282 259 256 257 255 230 212 220 243 264 272 269 263 267 277 283 286 279 269 266 262 255 241 241 230 228 228 226 228 227 217 200 190 200 201 206
319 318 316 315 313 310 308 312 315 316 316 316 317 317 318 319 320 320 315 313 315 315 314 314 314 314 312 309 298 287 308 314 313 312 312 312 313 313 312 312 312 312 311 310 310 309 309 308 308 307 306 305 304 302 295 297 293 292 262 267 280 278 255 222 209 234 258 265 249 248 260 275 285 288 284 279 279 275 271 263 257 244 240 228 227 228 228 228 225 218 196 199 204
320 320 319 317 318 315 314 315 314 317 318 317 315 315 316 317 318 320 319 318 317 316 313 313 313 314 314 312 310 301 285 308 314 313 313 313 312 313 313 312 312 312 311 310 310 309 309 308 308 307 307 306 305 302 295 285 283 287 277 279 281 273 264 249 247 243 253 261 252 253 271 280 287 289 289 288 285 284 280 277 272 264 250 244 230 221 227 229 229 226 215 203 206
322 322 322 321 321 320 320 320 320 321 322 321 318 316 313 315 318 319 322 321 318 314 311 311 311 313 313 313 311 309 302 294 313 313 313 313 314 313 313 313 313 312 308 306 307 308 309 308 308 308 307 306 305 303 296 291 277 286 286 288 293 265 280 275 271 247 236 256 263 269 280 288 292 291 288 286 285 286 285 285 283 279 267 258 241 218 220 227 230 231 229 219 215
323 323 323 323 323 323 321 317 322 324 325 323 319 317 315 314 313 316 322 322 320 312 312 310 311 311 312 313 313 311 306 294 309 314 314 314 313 313 313 313 313 313 310 304 304 306 308 309 308 308 308 307 307 305 302 300 294 298 299 291 300 280 273 282 291 287 274 263 279 282 288 281 282 281 279 273 270 268 272 275 281 283 276 269 258 243 222 224 224 224 231 233 231
324 324 324 325 325 325 325 324 325 326 326 325 315 319 322 322 319 321 320 324 321 318 313 305 305 310 311 312 313 312 309 309 312 314 314 314 314 314 313 313 313 313 313 311 309 309 309 309 309 308 308 308 308 309 309 306 307 305 301 304 304 303 288 276 278 294 298 295 282 261 261 275 274 266 264 258 246 237 244 257 273 281 283 279 270 256 241 231 231 225 225 228 236
325 326 326 326 326 326 327 326 320 327 327 326 326 327 326 326 325 323 319 325 324 320 314 307 304 309 311 312 312 312 312 312 313 314 314 314 314 314 313 312 312 312 312 312 312 311 310 309 309 309 309 309 309 307 306 305 303 295 289 295 292 304 304 296 281 272 294 293 284 282 271 260 261 261 250 238 224 208 222 246 264 274 280 282 281 273 267 256 245 239 222 213 218
326 326 327 327 328 328 328 327 327 327 327 325 327 327 328 328 328 326 323 326 324 321 318 315 308 308 310 311 311 311 311 311 313 314 314 314 314 314 312 310 308 310 308 307 311 311 310 310 310 309 309 308 307 305 303 301 298 295 289 285 287 297 303 305 301 294 299 295 288 278 272 268 259 251 250 228 214 227 247 253 263 273 276 278 280 281 276 271 262 253 241 217 214
328 327 327 328 328 329 327 327 326 326 326 324 326 326 327 327 327 328 327 327 324 322 319 316 311 308 308 309 310 310 310 311 312 313 314 315 314 313 313 311 309 310 310 308 311 311 310 310 309 309 308 307 306 303 301 298 295 292 289 285 280 287 282 291 301 304 298 290 280 280 275 264 254 250 251 237 217 211 243 265 268 268 273 276 279 281 280 274 269 263 254 246 230
328 328 328 328 328 327 327 326 325 326 325 324 326 326 326 326 327 327 327 326 324 321 319 317 313 307 300 302 306 309 310 311 312 313 314 315 314 314 313 313 313 313 312 311 311 311 310 310 310 308 307 307 305 303 300 297 292 289 287 283 278 275 271 278 290 300 302 294 271 264 273 269 263 264 257 248 236 234 243 256 253 262 268 273 276 278 280 279 275 271 267 262 251
328 328 328 328 327 326 326 325 325 325 325 325 326 326 326 326 326 326 326 326 324 321 318 316 314 309 300 301 303 308 309 306 310 312 313 314 314 313 313 314 313 313 312 312 311 311 311 310 310 309 307 306 304 303 300 297 293 286 285 282 278 272 267 273 282 292 301 297 287 271 282 268 269 271 268 264 242 231 234 210 234 258 264 269 274 277 278 277 278 276 273 270 268
327 327 327 327 327 326 325 325 325 325 326 326 326 326 326 326 325 325 325 324 323 320 316 314 311 310 308 307 306 308 307 305 306 309 311 313 313 314 313 313 313 313 312 311 311 311 310 310 310 309 307 303 304 302 300 297 294 286 281 280 275 269 269 271 280 288 298 299 295 289 270 253 255 265 261 269 260 238 218 222 240 253 261 265 271 272 274 274 275 276 276 273 271
326 326 326 326 326 325 325 325 326 326 326 326 326 326 325 324 324 324 323 322 321 318 309 306 306 305 305 304 305 307 306 303 302 304 308 310 312 313 313 313 313 312 311 310 311 310 310 310 310 309 307 303 303 301 300 297 294 289 285 281 273 263 268 275 283 288 288 299 295 285 269 246 241 247 256 263 266 255 239 236 243 249 246 252 261 263 266 269 271 273 274 274 274
324 325 325 326 326 325 325 325 325 325 325 325 325 325 324 323 323 322 321 320 319 316 313 308 305 297 290 299 301 303 305 300 289 293 305 309 311 312 313 313 312 312 311 311 310 310 309 309 309 309 302 303 303 301 299 296 293 290 286 280 263 254 266 275 283 278 280 293 296 287 274 261 246 239 248 249 257 259 256 244 241 228 216 208 231 232 230 243 256 266 271 272 272
325 325 325 325 325 325 325 325 325 325 325 324 324 324 324 323 322 317 319 319 317 315 310 306 302 296 288 294 300 302 304 300 293 295 303 307 308 312 312 313 311 311 311 310 310 309 310 309 308 307 288 303 304 302 300 297 293 290 286 281 272 262 269 276 280 271 274 287 295 291 279 271 253 232 232 241 249 249 256 253 244 231 197 186 178 171 165 186 221 259 268 271 271
325 324 323 323 323 324 324 324 324 324 324 324 323 323 323 322 319 315 314 315 316 314 311 308 304 298 287 293 299 302 303 302 300 301 304 307 309 311 309 310 310 311 311 310 309 309 309 308 308 307 299 304 304 302 299 296 293 289 286 282 278 273 273 275 273 270 275 283 289 294 286 275 261 231 222 232 230 241 249 255 248 240 229 220 197 172 147 150 213 246 264 267 268
324 323 322 319 322 323 323 322 322 320 322 321 321 322 322 321 319 315 310 309 312 310 311 307 305 300 290 292 297 300 302 303 302 303 306 308 310 311 308 310 310 309 308 309 309 309 308 308 307 306 304 305 304 302 299 296 293 289 285 281 279 277 275 271 267 264 267 276 283 290 291 282 271 249 217 225 207 225 239 249 251 246 241 238 233 223 189 159 194 227 261 262 263
323 323 322 321 319 322 322 321 321 321 319 317 315 320 321 321 319 317 313 307 307 306 307 305 302 298 289 290 296 299 302 302 299 301 306 308 309 310 309 310 310 307 306 309 309 308 308 307 307 307 305 305 304 302 299 296 293 288 282 276 275 277 275 270 263 253 258 267 274 283 288 289 278 267 244 222 207 210 238 244 248 247 245 244 243 240 230 207 191 223 255 257 261
322 322 322 321 321 322 321 320 321 321 321 320 319 319 319 320 319 317 314 308 304 302 298 299 299 292 293 295 299 300 302 302 302 298 305 308 309 309 303 307 309 309 308 309 308 308 307 306 306 306 305 305 304 303 300 297 293 286 273 270 277 279 276 274 265 247 247 261 269 277 284 289 283 273 258 224 224 215 238 243 245 247 247 246 245 242 238 220 227 240 245 251 257
320 320 321 321 321 321 320 320 318 318 319 319 319 319 319 319 318 317 313 309 303 300 294 295 294 293 297 297 299 300 300 300 303 305 306 307 308 308 303 303 308 308 307 305 306 306 305 303 303 303 304 305 304 303 301 298 295 282 268 270 279 282 282 275 245 237 226 253 264 273 281 286 286 276 265 239 237 214 236 241 243 246 247 247 247 244 241 232 218 230 234 243 252
