data/bioclim/bclim10.asc
NCOLS 300 
NROWS 196 
XLLCORNER -121.25 
YLLCORNER 31.1666666666667 
CELLSIZE 0.0416666666666667 
NODATA_value -32768 
[rows 123 to 163 of 196, columns 93 to 185 of 300]
251 249 246 240 236 217 199 189 197 186 183 180 167 147 141 142 154 175 196 218 233 237 247 255 262 272 281 285 287 292 298 303 304 307 309 313 315 317 318 316 307 298 308 308 297 301 320 330 335 334 330 312 325 333 335 336 336 333 328 323 313 307 316 321 323 325 327 327 326 326 326 325 326 326 327 326 324 319 315 316 315 310 304 307 311 312 312 311 312 300 290 285 293
252 253 254 253 248 241 232 234 215 184 155 138 144 146 154 151 159 176 200 218 230 239 245 255 264 273 280 284 284 289 293 299 301 303 306 311 315 317 319 320 321 319 310 310 304 303 311 325 331 334 332 323 306 326 334 336 336 334 330 327 322 314 321 324 326 327 327 328 328 328 328 328 328 328 327 325 325 322 317 318 312 305 308 307 304 307 307 304 301 295 285 282 291
251 252 253 253 254 254 249 235 219 202 166 147 117 115 139 161 190 199 215 235 249 247 249 251 248 258 261 260 260 272 265 274 290 287 299 306 313 315 315 316 317 315 313 308 305 303 312 320 327 331 331 320 318 329 333 334 334 333 331 330 327 325 325 326 326 325 326 327 328 329 330 330 329 329 327 325 322 321 320 319 316 314 311 308 306 301 297 295 295 300 298 295 290
251 252 252 252 252 252 249 242 236 211 175 159 152 153 178 204 219 228 245 259 262 251 240 231 231 234 250 247 245 243 232 249 275 268 273 295 295 306 308 302 297 303 303 306 309 307 306 300 315 327 330 325 322 326 329 330 330 328 326 329 331 330 330 328 324 316 322 324 324 329 330 329 329 328 326 324 321 320 319 318 316 315 312 310 306 300 298 301 303 301 299 295 290
250 248 246 247 249 248 248 246 238 224 212 207 195 186 192 207 240 251 263 269 271 251 257 238 225 221 224 232 242 241 240 244 258 261 270 282 284 294 299 303 300 308 302 304 315 316 303 285 295 318 328 325 315 314 319 325 327 323 321 328 331 331 330 328 325 320 321 323 320 330 330 330 328 327 325 324 321 321 320 319 317 316 314 312 309 306 306 306 304 302 298 293 280
247 244 240 241 242 246 246 246 242 238 233 232 236 233 226 224 236 261 276 288 293 283 275 263 253 238 229 228 235 235 240 244 256 266 277 285 286 283 295 305 312 315 317 320 321 322 320 313 296 317 327 330 325 316 298 304 324 324 325 328 329 330 330 328 326 324 325 327 329 330 330 329 327 322 321 323 323 322 321 320 319 317 315 312 310 310 309 306 304 300 296 285 264
245 244 243 244 245 247 247 247 244 243 244 246 253 257 260 269 273 275 286 296 301 303 297 290 274 272 243 244 227 229 250 253 258 272 289 298 303 295 301 311 313 314 316 319 322 322 323 323 306 319 329 333 331 326 319 313 322 321 319 324 328 328 328 326 325 322 321 328 330 329 329 328 326 322 321 321 321 320 318 317 319 317 315 312 311 310 308 305 301 289 277 285 287
242 241 243 245 246 246 252 252 248 244 246 244 237 250 256 254 272 281 293 302 306 308 303 301 305 297 289 281 264 245 242 256 260 264 277 295 300 302 303 305 306 305 303 303 295 309 323 327 317 320 331 334 333 331 327 320 321 324 315 314 324 325 321 320 317 312 321 326 329 329 329 327 324 322 321 320 320 319 315 316 318 317 317 315 313 311 305 300 295 282 284 293 294
241 241 242 245 246 247 252 254 254 248 244 232 222 217 210 179 216 215 257 298 309 312 308 312 310 312 308 300 282 264 251 242 253 255 270 269 269 284 294 297 298 299 296 290 300 318 327 329 326 312 329 334 333 331 328 318 316 328 327 324 317 323 325 321 314 314 321 327 329 329 328 326 322 321 321 321 320 318 315 315 317 318 317 315 314 311 305 286 287 294 296 297 297
237 237 241 245 246 248 248 245 255 255 243 240 230 218 186 170 132 155 216 280 310 313 315 317 318 318 315 307 310 297 274 256 254 261 259 255 265 276 284 287 290 288 286 284 296 318 326 330 331 331 332 333 333 328 318 311 317 328 324 324 325 325 327 325 322 310 317 325 329 328 328 324 322 323 322 321 320 318 313 313 315 317 318 317 315 313 307 295 294 298 299 300 298
233 235 242 245 247 245 240 245 253 255 256 256 251 223 204 178 159 161 208 279 297 303 313 316 318 319 321 319 319 317 303 283 272 269 265 263 270 275 270 273 282 279 287 291 297 316 326 329 331 332 333 333 333 324 303 308 322 329 326 316 325 328 328 327 326 324 318 322 327 328 327 325 324 323 323 321 320 318 316 312 309 315 317 317 316 314 311 306 299 301 302 301 296
237 238 242 243 246 247 246 250 252 254 252 253 252 245 218 201 190 183 214 258 287 275 293 313 317 318 320 321 322 320 315 302 287 281 267 257 269 276 264 259 280 281 294 295 302 318 324 326 328 330 331 332 332 329 323 326 328 331 329 318 319 328 328 329 327 326 324 324 326 327 325 324 323 321 322 322 320 318 314 308 310 314 316 317 317 316 314 312 306 299 300 302 302
242 241 242 243 245 246 248 249 249 252 246 241 240 232 220 207 209 204 192 214 262 248 277 306 306 315 319 320 320 321 318 312 303 296 295 291 294 296 292 293 301 308 309 311 312 310 312 318 318 324 327 329 331 331 331 331 332 331 331 328 316 324 328 328 328 327 327 327 326 327 324 322 317 315 319 321 320 317 314 310 309 313 314 315 317 316 316 313 311 307 301 301 304
237 242 239 238 242 245 247 245 240 241 243 235 223 231 222 209 202 212 201 194 235 231 243 279 291 312 316 318 319 320 320 317 309 303 304 309 306 301 300 300 297 300 301 304 307 300 290 297 301 311 322 326 328 330 331 332 332 332 331 329 325 324 328 329 328 327 326 326 326 325 323 320 315 316 318 320 319 317 310 306 308 311 312 314 316 316 316 315 314 310 309 308 307
217 232 240 239 240 244 246 245 244 241 236 232 223 218 216 217 204 203 210 200 225 229 230 242 244 288 314 317 318 319 320 320 317 314 311 309 294 284 287 293 296 299 302 304 306 300 289 285 288 303 312 321 325 328 329 330 331 331 331 330 329 329 329 329 328 327 326 325 326 324 323 319 308 315 318 319 318 316 309 300 293 303 307 310 315 316 316 315 315 313 311 311 310
224 226 233 240 242 243 245 245 245 242 238 237 227 221 215 221 219 219 212 209 213 205 209 221 212 238 293 306 317 318 320 320 321 321 319 316 311 296 283 293 300 305 306 305 303 301 292 281 278 290 303 316 321 325 326 328 329 329 329 329 328 327 329 329 328 327 326 326 326 324 322 319 308 313 318 319 317 314 312 303 299 301 304 306 309 315 314 314 315 315 313 312 311
222 225 230 234 239 242 243 244 245 237 242 239 234 223 222 220 220 221 217 220 213 191 177 184 220 246 278 301 314 317 319 320 321 322 322 321 321 320 316 315 313 307 301 299 299 298 297 295 291 292 300 310 317 320 323 325 326 326 326 327 325 323 328 329 328 328 327 326 325 323 322 316 314 314 315 318 317 315 312 310 307 306 306 308 310 311 314 314 314 315 314 313 311
222 228 232 234 234 238 242 243 241 244 246 244 236 225 218 214 211 218 224 232 234 218 217 225 221 223 251 271 302 315 318 320 321 322 322 323 322 324 324 322 314 296 290 291 293 295 296 295 293 294 297 304 305 313 319 319 320 322 325 326 324 326 328 329 328 328 327 325 324 323 320 317 314 317 318 318 317 313 310 310 308 306 306 307 308 312 313 314 315 315 314 312 312
222 226 229 231 234 233 236 238 225 223 230 235 237 226 216 212 210 210 217 228 251 245 246 250 249 238 227 227 279 309 315 318 320 321 321 323 324 323 323 324 321 306 304 296 302 302 302 302 297 296 300 303 305 308 314 317 320 322 324 324 325 327 328 329 328 328 326 325 323 322 320 316 316 317 318 318 316 314 311 306 303 298 299 303 306 310 312 313 313 314 314 314 312
221 223 226 229 232 234 235 238 225 211 211 216 217 224 226 219 214 209 205 216 229 265 266 270 287 298 289 239 249 291 308 312 319 320 321 322 323 324 323 324 326 323 319 316 315 314 310 310 303 302 302 305 309 313 315 316 319 321 322 322 323 325 327 328 328 327 326 324 321 320 319 319 317 316 317 317 315 313 305 290 288 287 293 298 300 306 306 306 311 312 311 312 312
218 221 223 226 230 234 237 240 240 224 206 204 204 206 216 220 218 215 209 209 220 254 266 294 288 295 308 289 245 269 302 313 317 319 320 321 322 323 324 324 325 325 325 323 321 320 318 315 306 307 304 307 310 314 317 318 320 321 322 322 320 321 325 327 328 326 324 322 319 319 317 318 317 315 316 316 315 312 301 283 282 289 295 299 304 307 309 310 311 303 306 313 315
216 218 221 224 228 231 233 235 239 242 227 211 205 208 216 221 226 223 214 197 208 223 252 299 305 299 307 306 296 284 302 312 315 317 319 321 321 322 323 324 325 325 325 325 324 323 322 321 315 306 308 310 313 315 316 318 319 321 322 323 323 323 323 327 328 326 323 317 317 316 317 317 316 314 314 315 314 311 310 307 298 296 299 303 305 310 312 313 315 314 314 317 317
213 216 219 222 225 228 231 233 232 236 240 227 220 216 216 226 227 226 218 208 206 215 253 302 305 306 305 302 305 307 309 312 314 316 318 319 320 322 321 323 323 324 325 325 324 324 323 322 320 313 312 311 312 313 315 317 318 319 320 322 323 324 325 327 328 326 321 315 314 311 316 315 312 309 312 314 311 313 314 315 314 314 309 301 309 312 314 315 316 317 318 319 319
211 214 217 219 222 225 227 230 232 234 229 218 212 214 215 225 224 222 222 217 211 219 252 296 303 305 306 307 307 309 310 312 314 315 317 318 320 320 321 322 323 323 324 324 325 324 324 323 322 319 313 309 308 309 311 314 316 317 318 320 321 321 323 325 327 326 321 319 317 316 316 317 313 313 314 310 312 314 316 317 318 318 317 314 313 313 315 316 317 318 319 320 321
210 212 215 218 220 224 226 227 230 229 228 226 228 218 213 214 215 210 215 219 221 222 227 262 294 300 303 304 305 309 310 311 313 314 315 317 319 320 321 321 322 323 323 324 324 324 324 324 323 322 320 313 309 308 306 308 311 313 315 317 318 318 322 323 326 324 322 319 320 320 318 320 319 318 318 307 307 313 316 318 320 321 321 320 319 315 316 316 317 319 320 321 322
210 211 214 217 220 223 226 230 232 228 230 232 243 223 221 216 217 209 203 224 231 238 252 261 275 289 295 301 305 308 309 311 312 313 314 316 318 319 320 321 321 322 322 323 323 323 324 324 323 323 322 320 319 318 314 307 306 307 312 315 317 318 319 320 326 323 320 320 321 321 321 322 321 320 319 315 306 310 315 317 320 321 322 322 322 320 320 319 316 319 321 322 323
-32768 211 214 216 218 221 226 229 234 235 235 237 240 229 228 223 220 213 208 219 242 240 249 247 266 273 262 271 288 305 308 310 312 313 314 316 317 318 319 320 321 321 321 321 322 323 324 324 324 323 323 323 322 321 320 319 315 312 313 316 314 314 317 322 325 323 322 322 324 322 324 323 322 320 320 317 312 303 311 315 318 321 323 324 324 323 322 322 320 322 323 324 324
-32768 211 213 216 218 220 225 229 231 231 231 234 237 231 226 223 224 212 207 215 227 224 244 242 234 239 252 251 258 294 306 309 310 312 314 315 315 316 317 319 320 320 320 321 321 321 322 323 323 323 324 323 323 323 322 321 319 318 317 317 312 312 317 322 326 326 323 322 325 325 326 325 323 321 321 318 316 308 304 311 317 321 323 325 325 325 324 323 322 324 325 325 325
-32768 -32768 213 215 218 221 223 227 229 224 230 234 236 237 230 233 222 212 203 201 214 231 237 242 233 224 239 264 269 291 301 302 305 311 312 314 314 314 316 318 319 320 320 320 320 321 322 323 323 323 324 323 322 323 323 322 321 320 319 318 317 315 316 319 323 325 326 324 326 327 327 326 323 322 321 319 317 313 306 308 309 318 323 325 326 326 325 325 322 321 323 322 326
-32768 -32768 213 215 217 219 221 225 227 225 226 233 236 232 239 243 223 214 198 200 204 227 251 257 267 270 272 279 290 296 296 293 287 292 311 312 312 313 315 316 318 319 319 318 319 320 321 322 323 323 323 324 324 322 322 322 321 320 319 319 318 318 318 318 319 321 322 322 325 328 327 326 324 322 322 321 319 316 315 314 313 320 323 325 326 326 326 326 326 323 324 326 328
-32768 -32768 212 214 216 219 221 224 226 227 230 233 232 225 241 232 226 214 196 203 200 205 232 255 257 260 277 285 288 294 297 297 296 302 309 311 312 312 314 316 317 318 319 318 319 320 321 322 322 323 323 323 323 323 322 321 321 321 320 319 318 318 317 318 318 318 319 322 325 327 326 326 325 324 323 322 321 319 318 318 318 321 323 325 326 326 327 327 326 326 326 327 328
-32768 -32768 211 212 215 217 220 221 225 228 233 231 234 231 237 234 228 216 208 203 202 197 200 229 232 253 266 283 290 293 296 299 301 305 307 310 312 314 315 316 318 319 319 319 320 320 321 322 322 323 324 324 324 324 323 322 321 321 320 319 318 314 314 317 319 320 319 319 325 328 326 325 325 325 324 323 322 321 321 321 321 321 323 325 327 327 327 327 327 327 327 328 328
-32768 -32768 210 211 214 216 219 221 226 229 232 234 233 236 231 217 221 211 211 207 210 199 191 196 225 236 258 280 288 290 294 297 297 303 306 309 311 313 316 318 319 320 320 319 320 320 321 322 322 323 323 323 323 324 323 323 321 321 320 320 319 317 314 317 319 321 322 324 324 327 328 326 326 326 325 324 323 323 323 322 323 324 325 326 327 327 327 327 327 327 327 327 327
-32768 -32768 209 211 213 215 219 221 223 228 230 230 231 234 232 231 221 215 212 210 208 201 197 199 207 221 249 274 276 280 286 286 285 297 304 307 310 312 315 317 319 320 319 319 320 320 321 322 322 323 323 323 323 323 323 322 322 321 320 319 319 319 317 318 320 322 324 326 326 327 326 326 326 324 320 319 321 321 323 324 325 325 326 327 327 327 327 327 327 326 326 326 326
-32768 -32768 -32768 211 213 215 218 220 223 225 229 231 232 231 230 224 222 222 211 207 208 212 209 213 211 220 230 262 264 272 284 290 294 299 303 305 308 311 314 316 318 318 319 318 319 320 321 322 323 323 324 323 324 323 323 322 321 321 320 319 318 318 318 318 320 323 325 326 326 325 325 326 327 325 321 319 320 323 324 325 326 326 326 326 327 326 324 326 326 326 326 326 325
-32768 -32768 208 209 213 214 216 219 222 224 227 228 228 225 220 215 226 223 213 210 215 220 219 218 214 223 226 240 252 261 277 284 291 298 300 302 306 309 311 314 316 317 317 317 319 320 321 322 322 323 324 323 323 322 322 321 321 320 319 319 318 317 317 317 320 323 325 326 327 326 327 321 324 326 325 323 324 324 326 326 326 325 325 325 325 325 323 324 325 325 326 325 325
-32768 -32768 208 208 211 214 215 217 221 222 221 224 229 230 220 217 227 227 221 218 218 219 220 222 220 223 230 232 243 242 260 270 281 289 297 300 303 306 309 311 314 315 316 317 318 319 321 321 322 323 323 324 323 323 322 321 321 320 319 318 318 318 317 318 320 322 324 326 326 326 325 323 318 324 325 325 325 325 325 324 324 324 324 324 324 324 322 318 321 324 325 325 325
-32768 -32768 -32768 -32768 -32768 211 214 216 218 219 222 223 226 229 228 217 231 221 220 219 217 223 225 225 224 223 230 235 243 241 244 255 273 282 289 297 301 303 306 305 309 313 315 316 317 318 320 321 322 322 322 323 322 322 321 321 320 319 319 319 318 318 318 318 319 321 324 325 325 324 323 323 319 317 323 323 323 323 323 322 321 321 322 322 322 322 322 322 316 321 322 324 324
-32768 -32768 -32768 -32768 -32768 209 211 215 217 218 221 220 211 215 227 231 231 225 223 219 221 224 222 221 223 225 229 236 242 243 235 240 265 282 289 293 299 301 303 300 307 311 313 314 316 317 318 320 321 321 322 322 322 321 320 319 319 319 319 319 318 319 318 319 319 320 322 323 323 322 322 320 316 308 319 320 320 321 321 320 319 319 319 320 320 321 321 321 318 313 319 321 323
-32768 -32768 -32768 -32768 -32768 208 210 213 214 215 218 220 219 224 232 230 222 230 229 227 227 224 222 222 224 227 228 233 239 239 232 234 249 275 284 289 295 300 304 305 306 307 312 313 314 316 317 318 319 320 320 321 321 319 319 318 318 318 318 318 319 319 319 319 319 320 321 322 322 321 320 319 316 305 310 315 317 318 318 318 317 316 316 317 318 319 320 319 319 317 317 319 321
-32768 -32768 -32768 -32768 -32768 -32768 208 210 215 216 219 222 223 221 230 230 228 228 222 219 218 218 220 224 226 227 227 228 230 232 228 232 244 257 261 274 292 298 302 304 306 304 304 311 312 314 315 317 318 318 319 319 319 318 318 317 317 317 317 318 318 319 319 319 318 319 320 320 320 320 319 319 317 313 302 300 312 315 316 315 310 309 314 315 316 317 317 318 318 318 317 318 317
