data/bioclim/bclim1.asc
NCOLS 300 
NROWS 196 
XLLCORNER -121.25 
YLLCORNER 31.1666666666667 
CELLSIZE 0.0416666666666667 
NODATA_value -32768 
[rows 42 to 83 of 196, columns 188 to 281 of 300]
80 72 65 70 95 104 89 56 36 31 40 34 38 27 21 25 29 34 42 48 54 60 64 59 47 33 39 43 45 61 72 82 91 94 88 81 72 65 66 72 70 72 83 82 87 91 101 111 117 119 121 120 123 125 126 125 124 120 115 109 120 140 143 146 142 143 143 143 137 132 127 123 119 117 128 121 122 120 112 103 97 106 102 97 95 91 89 98 106 112 112 113 113 110
66 82 88 88 100 100 70 49 33 38 41 49 53 44 31 30 33 38 43 50 55 58 60 52 39 35 41 41 56 67 75 86 95 98 94 92 86 79 77 86 79 74 83 87 91 93 93 100 102 114 118 118 118 121 123 126 129 127 121 119 116 135 145 146 145 144 144 140 135 133 128 124 124 121 117 115 120 116 116 109 109 108 102 100 99 99 102 104 108 114 117 112 114 112
54 78 105 110 112 90 62 69 49 39 51 54 61 50 53 54 40 40 47 52 56 60 56 51 44 35 40 40 48 66 81 89 93 100 99 94 88 86 88 94 86 83 88 89 87 94 97 93 91 93 111 123 126 128 128 128 128 133 129 127 123 122 136 145 147 146 144 141 138 135 131 128 120 116 111 108 112 121 120 118 115 110 105 102 100 103 106 108 111 116 119 114 115 116
47 56 90 114 111 95 79 77 53 59 58 81 71 58 69 69 52 45 51 60 64 67 68 60 41 37 38 46 62 71 78 83 93 95 89 92 88 92 97 100 100 94 97 97 95 95 96 97 101 98 93 105 124 131 133 133 133 133 137 131 130 128 130 142 144 146 144 141 137 133 128 124 118 117 114 118 123 126 122 120 115 111 105 101 101 106 109 115 117 121 121 116 116 120
40 79 98 113 110 109 95 67 53 68 82 90 77 83 80 70 64 60 62 74 72 67 75 68 50 53 56 65 72 80 76 75 89 103 88 97 91 96 105 104 102 102 101 103 108 106 104 100 102 108 101 91 101 125 131 134 134 134 139 140 136 135 128 139 145 141 142 141 136 132 127 124 120 116 122 133 132 128 123 118 113 109 104 100 102 107 111 116 120 123 122 120 121 121
58 97 117 129 111 113 97 84 70 74 85 92 92 90 75 67 74 75 75 84 77 72 77 75 73 76 75 75 82 84 85 84 92 104 101 102 98 101 104 106 101 99 98 99 109 118 113 110 101 101 112 95 84 93 116 132 138 139 141 143 140 142 134 140 144 139 137 137 134 130 127 123 124 127 135 136 133 129 124 121 117 110 105 103 106 110 113 118 121 123 122 121 122 121
98 115 134 132 123 107 118 102 93 92 82 102 92 80 65 72 81 91 86 94 85 84 85 78 83 87 86 86 89 81 89 89 103 103 107 106 108 99 99 111 100 99 99 103 111 118 123 119 111 111 118 106 100 90 84 113 134 141 142 144 146 144 143 143 140 137 135 129 131 130 129 135 139 142 140 137 134 130 129 123 117 110 110 106 112 121 120 120 121 123 123 121 122 122
126 139 145 142 132 111 133 128 115 100 94 93 86 83 80 90 96 103 103 84 85 88 86 86 92 93 90 83 83 95 98 96 95 101 113 111 113 107 106 118 112 102 109 119 120 114 118 129 118 123 134 122 134 123 95 85 105 131 141 141 142 144 138 137 137 143 140 130 124 136 144 145 146 141 139 137 133 129 125 127 122 118 111 114 123 126 126 122 120 124 124 124 123 123
148 150 150 152 136 137 140 132 129 123 128 104 96 96 99 102 103 108 101 80 94 92 86 86 92 93 88 79 81 94 98 97 92 111 119 122 112 116 112 117 122 116 117 126 127 121 117 125 133 127 143 140 128 142 117 90 91 98 129 144 145 142 138 138 140 143 145 144 141 147 133 143 145 140 137 136 132 129 124 121 126 127 117 122 126 129 127 123 123 126 126 123 120 121
157 158 155 151 149 150 148 144 144 136 136 120 111 116 114 112 109 106 95 92 101 104 99 96 102 97 88 83 91 90 97 106 107 111 116 122 114 123 126 121 129 126 126 126 128 129 127 120 135 143 145 142 133 146 137 121 107 95 135 144 147 146 144 147 144 147 145 134 146 140 142 142 142 139 137 135 132 129 126 121 118 124 127 126 128 131 126 125 126 125 124 124 122 121
162 157 153 144 138 129 131 140 146 142 141 118 108 107 113 108 100 103 97 100 106 107 102 103 106 102 101 100 91 98 107 111 111 107 116 128 125 128 133 136 136 136 126 123 125 141 145 135 130 135 143 143 136 147 146 137 131 126 144 148 143 144 141 142 140 143 130 123 141 129 141 140 139 136 136 135 133 130 127 123 119 123 124 128 130 132 124 124 127 124 123 124 123 121
157 157 149 138 134 127 127 127 125 115 119 95 103 103 101 95 91 94 97 100 107 107 102 99 108 108 103 98 98 104 108 109 107 104 117 132 134 130 132 134 137 141 138 127 128 139 149 144 140 144 146 147 141 148 150 146 150 148 147 145 138 135 132 135 135 136 129 120 138 120 136 142 137 133 136 135 134 131 128 124 124 127 126 128 131 131 128 126 127 123 122 122 123 122
147 152 149 125 110 116 123 128 117 97 87 101 99 98 100 95 91 90 96 102 107 113 103 99 106 114 107 103 108 108 105 100 99 115 120 122 130 130 126 124 125 134 146 147 148 148 149 153 145 151 154 153 153 146 138 140 144 133 141 137 110 89 113 123 127 131 119 116 134 130 133 137 131 133 135 134 135 132 128 123 126 128 129 130 131 131 126 126 125 122 121 120 122 121
159 157 155 135 127 130 129 132 130 124 109 107 102 108 107 105 104 86 105 112 117 124 120 117 118 118 115 114 114 111 99 93 97 119 120 125 128 130 120 123 121 118 140 147 152 154 154 155 154 151 154 153 152 150 138 126 135 123 137 123 76 63 106 116 123 127 117 113 126 127 127 131 116 132 134 129 130 132 129 125 127 130 131 131 131 130 126 121 123 124 122 121 120 120
159 161 149 139 139 137 129 127 130 130 127 112 112 114 102 101 109 107 120 124 126 126 122 118 121 121 118 117 113 104 95 91 100 113 113 116 116 120 125 131 115 111 127 138 143 147 155 154 154 149 148 148 149 146 145 139 121 118 138 123 113 109 113 117 115 123 114 110 119 128 122 126 110 128 133 132 131 130 127 126 130 130 131 131 130 129 123 122 123 125 124 122 118 118
152 152 135 136 140 136 126 124 125 129 129 126 123 117 99 105 112 121 123 126 129 130 126 126 125 121 118 114 106 94 90 92 106 106 103 105 105 107 110 112 118 128 133 137 146 149 151 150 149 143 146 141 140 143 142 139 135 123 132 127 116 112 113 114 112 118 115 109 125 127 119 114 119 131 134 132 130 130 125 127 129 130 129 129 126 127 119 122 125 125 124 123 120 117
140 137 130 133 136 135 133 129 128 126 126 125 121 116 105 115 124 125 127 132 133 130 128 125 120 115 111 108 99 88 88 86 100 102 101 97 99 100 102 100 98 100 131 147 141 149 144 143 143 138 136 144 143 138 137 137 132 131 129 127 125 116 110 109 109 114 112 104 110 122 115 100 121 127 130 131 128 127 119 122 120 124 126 126 124 123 123 125 125 124 121 120 120 119
142 146 126 130 135 135 133 131 130 128 126 125 126 128 127 129 129 132 133 135 132 127 123 119 114 109 105 99 90 82 84 81 97 99 96 93 93 93 96 93 93 100 143 159 147 139 135 134 136 133 126 130 143 145 140 141 138 135 136 133 129 124 122 115 106 110 105 99 101 118 99 110 120 121 123 127 123 121 117 120 122 124 126 126 126 126 126 125 125 123 120 119 118 120
142 146 135 126 129 133 134 131 129 127 124 123 124 127 131 133 134 135 135 133 128 122 118 113 109 104 99 86 78 76 76 82 101 91 91 88 90 91 90 86 101 136 156 148 133 131 128 123 125 129 123 124 135 135 128 125 127 128 127 130 130 129 123 117 106 105 98 96 92 99 89 100 112 115 112 114 124 123 124 126 126 126 127 127 127 126 124 124 125 125 121 118 116 116
142 145 143 125 127 130 134 133 130 127 122 119 120 123 131 134 134 134 133 131 122 117 113 109 105 99 91 74 71 72 75 87 109 95 89 85 88 88 84 104 133 151 151 134 118 117 116 116 120 122 121 119 125 131 129 122 119 119 119 119 121 123 126 118 108 97 96 97 95 97 94 96 111 117 116 119 124 125 125 126 127 126 127 124 125 124 124 125 123 123 123 120 115 112
140 143 145 132 123 127 131 133 131 129 125 121 124 129 131 133 131 129 130 129 118 117 111 105 101 95 80 69 67 68 72 86 105 118 119 119 106 86 95 136 144 144 143 113 111 114 112 112 113 116 118 117 119 123 125 123 120 118 118 114 117 125 120 117 109 101 101 101 100 102 100 93 112 119 121 122 124 124 126 124 124 123 122 120 123 125 125 123 121 121 124 122 117 113
135 141 142 141 123 122 129 131 131 130 128 128 130 131 130 129 128 125 132 123 120 110 104 101 95 89 69 66 62 60 64 86 92 116 123 125 125 125 133 138 138 134 125 103 106 109 110 110 107 109 115 115 114 121 123 120 118 117 115 114 117 121 122 111 103 104 104 103 100 104 106 99 115 111 115 118 121 123 124 122 121 121 120 122 125 125 123 121 119 118 122 123 121 114
132 136 139 141 123 122 125 130 130 130 128 127 128 128 126 127 129 126 129 134 116 108 101 96 89 79 65 61 58 54 62 82 87 107 120 126 129 132 133 134 129 126 119 100 101 105 108 109 107 106 111 116 114 118 120 117 117 113 113 110 113 112 114 104 105 107 106 105 100 98 103 109 95 85 90 91 114 121 121 119 120 122 122 123 123 123 122 120 119 119 121 122 121 119
130 133 137 134 115 118 117 119 127 127 127 125 125 125 126 122 125 132 129 133 111 105 98 91 82 73 63 59 55 52 61 73 82 92 119 125 128 127 127 130 123 120 113 99 98 100 103 108 106 106 108 113 113 117 117 114 114 110 106 104 106 103 107 108 109 109 107 106 105 104 107 97 96 94 92 87 97 116 116 116 120 122 120 120 121 121 121 119 120 120 117 123 120 119
128 130 124 108 112 117 117 118 122 123 125 122 121 123 124 134 136 140 152 127 116 108 97 88 78 72 64 58 54 50 54 63 78 97 116 121 122 121 125 122 117 112 115 102 93 95 101 109 109 107 106 106 107 109 111 109 110 101 101 99 104 105 109 111 111 109 109 107 108 105 100 101 103 100 97 92 89 101 114 118 119 119 117 117 118 119 117 118 118 117 114 121 120 119
127 131 113 107 110 113 116 116 117 117 118 118 120 121 120 121 117 125 152 132 140 110 94 88 76 68 64 56 52 49 50 55 72 90 114 117 120 132 123 116 112 107 105 111 92 94 100 107 110 110 108 106 103 106 108 107 106 102 101 106 108 111 113 113 113 113 111 109 102 96 101 106 105 100 101 100 92 95 108 111 115 115 114 116 118 116 115 116 117 115 113 122 117 118
128 130 115 107 108 106 103 108 114 113 113 115 117 119 119 116 114 121 151 149 137 99 91 84 76 68 63 58 51 48 48 51 65 89 110 112 121 126 115 114 109 104 103 105 105 95 102 109 112 112 111 109 108 110 109 107 104 101 104 110 112 115 115 115 114 113 108 100 93 98 104 108 106 105 103 100 94 92 93 90 103 99 109 114 115 114 113 114 115 115 118 121 118 117
127 128 121 106 108 105 102 112 121 111 111 113 113 115 117 116 113 123 155 144 126 129 119 93 82 68 62 56 51 46 46 49 69 94 105 108 111 132 117 109 104 105 103 102 107 98 107 114 116 116 114 113 111 110 111 110 108 107 112 113 115 117 117 114 110 106 105 103 103 106 107 110 108 103 99 97 95 91 90 93 90 89 87 102 110 110 110 112 113 113 119 121 119 117
125 126 122 102 101 98 88 105 128 114 110 113 120 113 114 118 116 118 148 150 156 157 148 134 111 75 64 58 53 47 45 46 57 87 98 102 129 117 107 107 106 105 103 100 102 105 110 117 117 118 117 115 110 108 112 111 109 111 116 117 118 117 110 105 102 102 110 108 108 113 111 107 107 103 98 98 92 88 91 96 96 93 90 88 96 99 109 114 115 117 118 121 119 116
123 126 127 110 94 86 98 110 133 115 109 116 145 119 113 126 146 154 156 141 116 111 128 136 105 83 65 60 55 49 46 45 45 69 83 96 123 116 103 105 105 104 102 100 102 106 113 118 117 119 120 115 108 108 114 113 112 112 117 119 120 113 109 105 104 110 111 112 113 109 105 98 102 101 100 95 91 90 90 95 100 96 93 90 84 80 102 114 115 116 118 120 119 115
129 127 129 135 131 105 103 131 135 108 108 127 152 144 130 150 155 148 152 115 113 123 138 123 92 93 82 74 64 54 50 47 45 49 69 89 115 124 101 102 104 105 104 105 110 110 115 118 119 121 121 119 112 114 115 115 116 116 118 121 120 115 112 109 108 114 115 112 110 106 99 99 102 102 100 97 94 94 99 98 92 90 88 88 87 87 96 111 112 116 119 119 118 113
123 131 138 136 144 104 99 140 130 129 126 151 154 154 151 141 158 140 114 109 110 143 136 106 105 132 143 108 68 59 56 56 51 50 70 123 140 134 112 101 104 107 109 114 115 110 115 120 119 120 121 119 113 118 118 118 118 118 120 122 118 113 111 111 113 117 112 107 106 104 99 102 104 102 98 98 99 100 100 95 88 87 84 90 92 91 92 112 114 115 115 119 116 112
131 124 148 134 151 118 121 143 143 147 149 149 151 141 117 132 133 152 117 106 104 129 135 141 130 159 146 110 71 102 83 58 57 66 59 95 120 129 128 101 105 111 114 119 118 115 117 120 122 121 121 122 122 123 121 120 121 119 124 122 117 115 115 113 117 115 112 110 108 102 100 105 105 101 103 104 103 101 93 90 93 92 90 95 97 90 96 111 113 110 113 117 116 111
157 152 158 148 160 145 152 163 146 128 146 125 150 120 110 120 127 141 148 123 105 99 113 143 110 119 162 133 128 136 90 65 73 89 58 62 111 133 144 111 110 125 123 122 119 120 121 124 128 121 122 122 124 124 123 125 125 125 126 123 122 123 116 115 119 115 113 111 107 103 104 107 104 105 107 106 101 96 95 96 99 95 95 101 99 95 95 110 111 112 114 116 116 110
148 163 158 151 166 165 144 142 129 106 137 129 121 109 110 112 124 115 147 133 115 102 101 105 91 95 160 163 156 134 106 81 75 70 65 69 108 149 150 102 112 119 126 126 125 126 124 127 132 130 126 125 128 127 127 129 129 128 125 123 124 123 123 121 117 114 110 107 105 107 108 106 108 108 105 102 101 100 99 100 102 97 101 99 103 102 98 108 109 112 113 116 116 113
130 156 162 170 176 151 119 120 110 112 116 120 107 107 108 109 114 112 124 135 112 107 102 99 95 93 99 131 148 117 86 77 75 70 79 104 140 159 146 99 115 125 125 126 127 128 128 130 135 136 136 134 132 131 130 123 121 125 123 122 120 118 115 115 114 111 108 106 109 109 108 110 109 105 102 102 104 103 104 103 94 99 100 99 105 108 109 111 112 114 114 114 115 110
125 158 156 147 158 110 106 115 95 106 105 109 106 106 108 108 111 110 111 117 117 109 106 103 98 95 91 88 100 86 78 76 75 75 110 130 157 140 106 92 112 119 126 125 125 127 130 133 138 138 135 128 126 125 121 116 116 124 123 121 119 116 113 111 111 109 108 110 110 109 111 111 108 103 101 105 104 102 104 101 100 104 101 101 106 107 108 110 111 112 113 111 114 109
153 176 157 118 139 96 104 104 97 100 103 106 105 106 108 108 110 110 110 112 111 112 109 107 101 96 95 92 89 83 79 76 74 77 107 125 108 79 76 88 108 114 118 120 123 128 132 137 140 136 137 132 124 119 119 116 113 117 119 120 116 115 113 109 109 111 112 110 110 111 113 110 106 106 104 106 103 101 104 102 105 97 95 89 96 102 104 107 109 111 112 110 113 109
152 170 182 136 127 103 105 94 97 98 102 105 106 106 107 108 109 109 109 111 110 111 109 109 106 98 97 96 89 85 83 80 76 71 70 76 79 81 84 88 101 116 119 120 125 130 133 138 141 137 139 136 123 120 116 114 112 110 110 111 115 111 113 115 115 114 111 108 111 112 110 108 107 109 107 104 103 104 107 103 100 101 93 88 90 101 105 107 109 110 111 110 112 110
131 156 173 156 130 107 104 91 94 98 101 105 106 106 107 109 108 108 109 110 110 112 110 108 108 105 99 98 90 86 84 82 79 75 71 70 80 88 90 95 95 98 110 124 128 136 138 139 142 140 138 138 127 122 119 114 111 110 111 110 109 107 116 118 114 108 106 111 114 111 108 108 109 110 106 103 107 108 101 104 101 101 98 92 87 95 104 106 108 108 109 107 110 108
128 159 178 151 103 95 94 92 95 98 101 105 105 106 108 109 109 109 108 109 111 112 111 111 108 107 103 101 95 89 86 85 82 76 74 73 74 79 81 80 79 83 86 91 113 135 139 142 144 143 139 140 134 122 121 117 114 114 114 112 109 114 119 117 112 106 109 115 113 108 107 108 110 108 109 109 106 103 98 95 94 93 90 87 87 89 101 104 107 108 106 106 109 106
143 161 179 144 97 99 85 93 95 97 99 105 105 108 108 110 110 110 109 110 111 112 110 111 110 106 105 103 100 94 91 90 88 84 81 79 80 79 79 80 83 89 93 92 111 134 137 140 143 145 139 139 138 129 121 120 119 118 115 115 118 120 117 113 112 114 116 117 111 106 111 113 112 112 112 105 103 101 98 96 94 94 91 88 94 90 98 104 106 106 105 101 102 105
