data/bioclim/bclim5.asc
NCOLS 300 
NROWS 196 
XLLCORNER -121.25 
YLLCORNER 31.1666666666667 
CELLSIZE 0.0416666666666667 
NODATA_value -32768 
[rows 123 to 163 of 196, columns 186 to 278 of 300]
402 402 399 397 394 390 387 384 380 376 373 370 367 364 360 363 364 350 340 327 330 342 351 356 341 324 310 298 300 298 341 376 375 366 356 355 348 332 333 365 374 378 384 387 357 336 328 318 342 355 351 338 332 332 345 342 334 323 317 316 310 302 293 288 284 288 295 289 275 284 286 300 302 297 299 294 290 286 292 297 294 292 292 292 288 282 279 275 270 265 263 264 260
397 396 395 392 391 389 387 383 381 378 376 375 373 372 371 370 371 369 361 350 339 348 344 353 340 331 318 323 301 302 334 380 374 376 361 354 354 342 335 357 371 379 389 382 358 332 324 305 298 353 364 359 349 356 357 344 334 325 312 311 306 307 302 293 288 292 300 302 283 286 300 305 295 304 301 301 297 295 301 299 301 300 296 291 288 280 275 273 267 258 251 243 242
389 387 381 374 371 377 385 385 383 381 379 377 375 376 375 374 375 374 372 371 365 368 366 354 345 350 333 349 341 335 336 376 389 386 373 357 344 341 339 355 347 362 390 390 380 355 332 327 296 335 362 370 364 372 337 332 319 327 326 314 311 313 303 299 295 299 306 302 296 294 302 313 310 301 307 308 307 303 303 302 302 301 298 295 288 281 275 272 266 260 254 244 238
385 369 351 346 365 377 383 383 381 381 382 380 376 377 378 378 380 379 380 382 375 365 349 350 366 369 359 370 369 362 367 383 394 385 369 346 330 342 332 349 364 356 394 393 383 365 353 330 299 317 363 372 374 365 340 332 312 313 325 310 301 307 317 302 304 306 314 310 300 303 304 313 321 310 299 301 318 307 308 305 297 287 288 288 287 280 276 277 276 265 258 250 242
360 353 375 382 385 386 387 388 383 382 383 383 382 381 381 382 383 385 385 378 370 359 346 354 366 375 375 381 384 377 381 391 395 386 369 343 353 356 341 345 364 372 396 393 386 373 361 326 296 320 341 366 377 368 333 310 311 313 319 315 301 301 321 311 306 306 318 320 305 304 314 319 324 319 308 299 320 319 314 306 299 288 293 290 283 287 292 287 271 258 250 250 242
373 385 389 389 389 390 390 389 387 386 384 384 383 381 380 381 384 387 389 384 377 370 362 356 356 371 382 386 393 395 392 395 391 385 377 364 357 357 358 358 345 369 395 396 387 371 347 317 318 322 350 368 380 363 333 307 306 309 311 305 299 308 323 312 310 319 329 331 308 308 306 317 327 318 310 306 319 324 315 306 308 301 297 297 287 297 298 276 248 249 245 237 226
390 391 392 392 391 390 389 388 388 387 385 383 381 379 377 378 380 383 386 390 386 381 374 370 369 371 377 390 397 399 394 387 390 389 384 366 350 369 351 351 351 359 378 393 393 379 355 331 342 338 330 370 384 376 350 319 300 299 305 304 294 311 325 302 310 315 321 334 309 311 307 310 325 320 311 306 320 327 321 312 316 314 306 294 296 307 301 283 265 258 245 233 215
394 394 393 391 389 385 382 384 387 387 384 381 378 375 375 375 376 379 382 390 391 387 384 380 379 377 384 391 397 399 391 395 394 388 391 385 376 381 362 348 362 358 365 379 395 391 367 351 352 337 319 371 385 381 365 345 332 318 309 310 299 288 330 312 305 310 318 333 319 312 313 323 325 310 308 308 322 330 324 323 318 308 298 295 304 312 301 282 264 256 245 231 215
395 393 390 382 366 366 369 382 386 387 385 379 383 383 382 382 384 386 388 391 394 391 390 390 389 389 388 392 397 400 397 398 398 396 394 390 389 388 377 371 371 374 374 377 390 397 378 352 356 357 329 352 385 386 372 349 340 334 336 304 304 284 304 338 316 309 316 335 341 332 338 330 316 317 319 315 323 327 326 326 316 311 305 305 311 308 300 297 282 274 255 241 229
393 389 371 340 347 370 387 387 386 386 388 388 389 389 389 390 391 392 393 394 395 395 395 395 395 395 394 396 399 403 401 400 399 397 398 396 394 388 383 378 375 383 387 394 397 386 361 370 374 340 321 335 380 389 385 373 334 343 336 310 298 277 284 343 354 345 345 354 362 347 336 346 333 334 335 333 333 331 323 319 320 313 317 320 322 316 307 297 289 268 253 253 248
387 380 376 374 378 389 391 386 384 383 386 388 391 393 394 395 396 396 396 398 397 397 398 398 399 399 400 401 401 404 403 402 401 401 399 399 396 391 386 380 377 385 392 400 399 382 364 379 379 347 315 325 358 381 390 384 363 360 354 356 330 300 320 334 370 357 351 369 352 336 319 330 325 324 322 320 335 334 325 319 326 318 324 322 310 310 288 279 270 263 265 263 259
398 397 395 391 396 395 391 386 383 380 382 384 390 394 396 398 399 399 399 400 398 399 399 400 401 402 403 404 405 405 404 402 403 403 400 400 397 394 390 382 380 386 393 400 402 389 380 388 380 352 331 318 342 371 383 392 388 384 379 376 364 342 345 355 372 363 368 359 340 319 313 312 314 315 311 315 315 327 333 331 323 319 307 303 300 299 293 289 279 276 275 265 251
402 402 401 401 400 399 396 393 388 383 381 381 388 393 397 399 401 401 401 402 400 399 400 401 402 403 404 405 406 406 406 405 405 404 403 402 400 398 396 388 372 386 395 401 402 395 393 387 380 367 351 322 310 345 369 381 392 392 389 386 383 370 360 374 375 372 364 349 337 307 301 307 306 304 311 306 312 312 322 327 322 309 310 305 303 301 299 297 291 286 277 269 261
403 403 404 403 402 402 400 395 390 393 394 392 392 392 392 399 402 403 404 402 399 395 394 395 402 404 405 406 407 407 406 406 405 405 404 404 403 403 401 397 376 387 397 402 402 397 393 386 384 386 369 346 334 322 375 385 368 379 389 390 390 385 370 374 377 362 344 340 336 313 309 324 309 300 303 300 304 307 306 309 316 321 311 310 309 305 305 301 294 286 271 261 264
404 404 405 404 404 404 403 403 395 394 399 400 400 401 403 402 404 404 405 402 397 381 375 392 402 405 406 407 407 407 407 406 406 405 403 404 405 405 404 402 394 390 397 402 401 396 392 394 392 390 378 375 383 372 390 380 349 360 380 385 386 379 372 346 344 354 328 331 338 324 320 335 325 312 303 303 302 300 308 308 305 316 312 310 312 308 308 305 301 292 279 273 281
405 405 405 405 405 406 406 406 406 402 400 404 404 406 407 406 405 406 406 403 399 387 369 390 404 406 407 407 407 407 407 406 407 407 406 401 402 406 406 405 403 400 399 399 402 401 397 396 395 391 387 382 371 377 373 364 350 347 369 365 373 356 362 351 342 324 308 330 341 343 328 343 345 328 315 320 323 315 321 317 314 304 312 312 311 312 310 309 302 293 291 294 287
403 401 403 405 406 407 407 408 408 407 406 406 407 408 408 408 407 408 407 405 402 395 382 397 405 407 408 407 408 407 407 406 407 407 409 407 405 406 408 407 405 403 403 401 395 393 389 383 390 390 386 378 371 360 357 336 331 336 346 355 362 350 358 367 351 331 312 328 340 351 351 353 356 345 339 340 338 333 326 325 317 306 302 306 304 305 303 304 304 297 299 298 295
400 395 394 402 405 407 408 409 409 409 408 407 409 410 410 410 409 409 409 407 406 401 399 404 406 407 407 407 407 407 407 406 407 408 409 410 409 408 408 407 406 405 403 399 391 388 387 387 388 384 383 366 354 357 349 327 314 327 349 364 357 339 351 364 356 336 335 335 344 355 362 363 365 358 348 346 344 342 336 328 323 311 303 292 297 300 304 302 305 303 303 297 286
402 399 397 395 400 405 408 409 409 409 403 402 408 407 411 411 411 411 410 410 409 408 408 408 408 408 406 406 407 407 407 406 407 408 409 411 411 410 410 407 406 404 402 399 397 395 395 393 387 361 367 365 363 355 348 329 323 342 349 358 349 326 342 357 359 344 349 347 347 355 365 369 371 367 357 355 348 344 342 334 336 331 320 307 294 290 300 301 301 303 304 301 294
403 403 402 398 394 403 407 409 410 409 407 408 409 411 412 412 412 412 412 412 412 412 411 411 410 409 407 406 406 407 407 407 407 406 406 408 409 410 409 407 406 404 402 400 399 398 397 396 394 388 375 379 377 371 362 357 336 334 336 348 352 338 354 355 357 353 355 359 361 362 367 372 374 374 366 356 347 344 339 331 329 331 327 329 316 297 286 292 296 304 307 307 305
406 405 405 403 402 401 405 407 408 410 411 411 411 412 413 413 413 413 414 414 414 414 413 412 411 408 403 403 404 407 407 406 405 400 396 398 405 409 408 408 406 404 403 401 399 399 398 397 396 394 393 389 382 381 375 373 363 348 329 331 334 337 324 331 344 349 356 363 365 367 368 372 374 375 362 348 349 347 337 329 325 325 328 329 327 322 292 277 284 298 306 304 304
407 407 406 405 403 402 403 405 407 409 410 411 412 413 414 414 414 415 415 414 414 413 409 409 409 407 404 396 390 405 407 407 403 398 400 404 407 409 409 408 406 404 403 400 399 400 399 399 398 396 395 393 390 388 387 384 378 365 343 339 341 339 316 298 306 329 350 358 356 350 355 366 373 377 370 361 359 356 350 336 336 326 325 325 324 327 326 315 297 287 298 300 306
409 408 406 405 404 401 399 403 407 409 409 410 410 411 412 414 415 415 411 408 411 411 409 409 409 408 405 401 389 377 401 408 408 407 408 408 409 409 409 408 407 405 403 402 401 401 400 400 399 398 397 396 393 390 380 383 377 375 345 351 363 361 339 307 294 320 344 351 336 336 348 363 375 378 375 371 372 369 365 358 352 340 337 325 324 326 327 327 324 316 293 297 303
410 410 410 407 408 405 405 405 405 409 411 409 408 408 409 411 412 415 414 413 413 410 408 407 407 407 407 405 402 392 375 401 409 409 409 410 410 410 410 409 408 407 405 403 403 402 402 401 400 399 399 397 395 391 381 368 366 370 360 363 364 356 348 334 332 329 338 347 339 340 358 368 377 379 380 379 378 377 374 371 367 360 346 340 327 317 324 328 328 325 314 301 305
411 411 411 411 411 410 410 410 411 412 414 413 411 408 405 407 411 413 416 415 412 408 404 404 404 406 407 406 404 402 394 385 409 410 411 411 411 411 410 410 410 408 402 399 400 402 403 403 402 401 400 399 396 392 382 376 360 368 369 372 378 348 363 358 355 332 322 341 349 356 367 377 381 381 379 377 377 379 379 379 378 374 363 354 338 315 317 325 329 330 328 319 314
412 412 412 413 413 413 411 406 413 415 416 414 409 408 406 406 405 408 416 416 413 405 404 402 403 403 405 406 406 405 399 385 404 411 412 412 412 412 412 412 411 410 406 398 399 401 404 404 404 403 402 400 399 397 391 388 379 385 386 375 387 364 356 366 376 372 359 349 365 368 376 369 370 370 369 364 361 360 364 369 375 378 372 365 354 340 318 321 322 323 331 333 332
412 413 413 414 414 414 415 414 415 416 417 416 404 409 413 413 411 413 412 417 414 411 405 396 396 402 403 405 406 406 403 404 408 411 413 413 413 413 412 412 412 412 411 409 406 406 406 405 405 405 403 402 402 403 401 397 397 395 389 393 392 391 372 360 362 380 385 382 368 347 348 363 362 355 353 348 337 328 337 350 366 376 379 375 366 353 338 328 329 322 324 327 336
413 414 414 415 415 416 416 415 408 417 417 416 416 417 417 417 416 414 410 417 416 412 405 398 395 401 403 404 405 406 407 407 410 412 413 413 413 413 411 410 410 411 411 411 411 410 410 408 407 407 406 406 404 400 398 396 392 382 373 381 377 393 393 382 365 356 381 380 371 368 358 347 349 350 339 327 313 297 313 338 358 369 375 378 377 370 364 353 343 338 320 310 317
414 414 415 415 416 416 417 416 417 416 417 414 416 417 417 418 418 417 413 418 415 413 409 406 398 399 402 403 404 405 406 406 409 411 412 413 413 413 411 408 406 408 406 404 411 411 411 410 410 408 407 405 402 398 394 390 386 381 374 369 371 384 391 393 389 381 386 382 374 364 359 355 347 339 339 317 303 317 339 345 356 367 371 374 376 378 373 368 361 352 340 314 312
415 415 415 416 417 417 415 415 415 414 414 413 415 415 416 416 417 418 417 417 415 413 410 407 401 398 399 400 402 403 404 406 408 410 412 413 413 412 412 409 407 409 408 407 410 411 411 411 409 408 406 403 400 396 391 387 382 378 374 369 363 372 366 377 389 393 386 376 366 366 362 351 342 338 341 326 306 300 334 358 361 362 367 371 374 377 377 371 367 361 353 345 329
415 415 416 416 415 414 414 414 413 414 412 412 414 415 415 415 416 416 416 416 414 412 409 407 403 397 389 392 398 402 404 405 407 409 411 412 412 412 413 412 412 412 411 411 411 411 410 410 409 407 405 402 399 395 391 385 379 375 371 367 362 358 354 362 376 388 391 381 356 350 360 356 350 352 346 338 325 324 334 348 346 356 363 368 372 374 376 376 373 369 365 361 351
414 414 415 415 413 413 412 412 411 412 412 412 413 414 414 414 414 414 414 414 413 411 408 406 404 399 389 390 394 401 402 399 405 408 410 411 412 412 413 413 412 412 411 411 411 411 410 410 409 407 404 402 399 395 390 386 380 371 369 365 361 355 350 356 367 379 390 386 374 357 369 355 357 360 358 354 332 321 324 299 325 352 358 364 369 373 374 374 375 374 370 368 367
413 413 413 413 413 412 412 412 411 412 412 413 413 413 413 413 412 412 412 412 411 409 405 404 401 400 398 397 397 400 400 398 399 404 407 410 411 412 412 412 412 411 411 410 410 410 409 408 408 407 404 397 397 394 390 386 381 371 364 364 358 352 351 354 365 373 387 387 383 377 357 339 342 353 350 359 350 327 307 312 332 346 355 360 366 368 370 371 372 373 373 371 370
411 412 412 412 412 411 410 411 412 412 412 412 412 412 412 410 411 410 410 409 409 406 396 394 395 394 395 394 396 398 397 395 394 397 402 407 409 411 411 411 411 411 409 409 409 409 408 408 407 406 403 396 396 394 390 386 381 376 370 365 355 345 350 359 368 374 375 388 383 372 355 332 328 334 345 352 356 346 329 327 336 342 339 346 356 359 362 365 368 370 371 371 372
410 410 410 411 411 411 410 411 410 411 411 411 411 411 410 409 409 408 408 407 406 404 400 396 393 384 377 387 391 394 396 390 377 383 399 404 407 409 411 410 410 409 410 409 408 408 407 406 406 405 396 396 396 393 390 386 381 377 372 364 344 335 349 359 368 363 365 381 384 375 361 347 332 326 335 338 347 350 347 336 333 320 307 298 324 326 324 340 353 363 368 370 371
410 410 410 410 410 410 410 410 410 410 410 410 409 409 409 409 407 402 405 405 404 402 397 393 389 382 373 381 389 393 395 391 383 386 396 401 403 408 409 410 408 409 408 408 407 407 406 406 405 403 377 396 397 394 390 386 381 377 372 365 355 344 352 360 364 355 359 374 384 379 366 357 340 317 319 329 338 339 348 345 335 322 285 273 265 258 251 275 315 356 365 369 369
409 409 408 407 408 408 408 408 409 409 408 408 408 408 407 407 404 399 398 400 402 400 398 395 391 384 372 379 387 391 394 393 391 393 397 401 404 408 405 407 407 408 408 407 407 406 406 405 404 402 391 397 397 394 390 386 381 376 371 366 361 356 356 359 357 354 359 369 377 382 374 362 348 316 308 319 318 330 340 346 340 332 320 311 286 258 231 235 305 342 362 365 366
409 408 406 402 406 407 407 406 406 403 406 405 404 406 406 405 403 399 393 393 398 396 397 394 392 387 375 378 385 390 392 394 393 396 399 402 405 407 403 406 406 405 404 406 406 405 404 404 403 401 398 399 397 394 390 385 380 376 371 366 362 360 358 354 350 347 351 362 370 378 380 370 359 336 302 311 292 312 329 340 344 338 334 331 327 315 278 244 284 322 359 360 361
407 407 406 405 403 406 406 405 405 404 402 399 397 403 405 404 402 400 396 390 391 391 393 391 388 384 375 376 384 388 392 393 390 393 399 402 404 406 405 406 406 403 401 405 405 404 404 403 402 401 400 399 397 394 390 386 380 374 366 359 358 361 358 353 345 334 341 351 360 369 377 378 366 355 331 307 291 296 327 335 340 340 338 338 338 335 323 299 281 318 353 355 359
406 406 406 405 405 405 404 404 404 404 403 403 402 402 401 403 402 400 397 391 388 386 382 384 384 377 379 382 387 389 392 393 393 389 398 402 404 405 397 403 405 405 404 405 404 404 403 402 401 400 400 399 397 395 391 386 381 371 355 352 360 363 359 358 347 328 328 345 354 364 372 378 372 362 347 309 311 301 327 334 337 340 341 340 340 338 333 313 321 336 342 349 355
404 404 404 404 405 404 403 403 400 400 402 402 402 401 401 401 401 399 396 392 386 384 378 379 378 378 383 384 387 389 390 390 394 397 399 401 403 403 397 397 403 404 403 399 401 401 399 398 397 396 398 398 397 395 392 387 383 366 350 351 363 366 366 359 325 317 306 336 348 359 368 374 375 366 354 326 324 300 325 332 334 339 341 342 342 340 336 327 310 324 330 341 350
