data/bioclim/bclim19.asc
NCOLS 300 
NROWS 196 
XLLCORNER -121.25 
YLLCORNER 31.1666666666667 
CELLSIZE 0.0416666666666667 
NODATA_value -32768 
[rows 144 to 191 of 196, columns 96 to 191 of 300]
152 148 163 173 190 179 178 252 322 346 317 273 247 225 220 258 313 273 208 145 82 70 75 61 59 70 78 59 42 36 33 30 29 28 27 26 26 26 24 24 24 26 26 26 27 31 36 35 34 32 30 30 29 28 27 27 27 27 27 27 24 24 27 30 35 36 37 37 38 40 42 42 42 45 47 48 52 61 62 61 58 57 54 53 51 50 51 52 49 49 51 51 52 54 56 58
150 159 167 180 192 215 204 194 256 277 288 274 253 235 216 240 282 284 243 152 77 70 64 64 67 61 56 50 44 39 36 33 30 29 28 27 26 26 25 24 24 24 25 25 25 28 31 32 32 32 32 30 29 29 28 28 27 27 26 25 24 24 27 31 37 37 40 37 39 42 45 43 42 46 45 45 45 47 47 53 60 54 51 50 50 49 48 48 48 47 48 49 51 53 55 58
165 186 189 204 207 208 213 241 287 301 290 287 263 244 233 223 246 264 229 150 88 73 67 64 61 57 53 49 45 41 37 34 33 30 29 28 27 26 26 24 24 24 25 25 25 25 27 31 34 34 33 33 30 30 29 28 28 28 28 27 25 25 27 31 32 34 37 37 37 42 42 42 46 45 44 42 42 42 44 44 50 50 50 50 48 47 47 47 45 45 45 48 48 51 51 53
166 183 191 196 217 214 229 241 254 251 278 287 278 271 290 262 242 225 219 205 137 90 78 70 66 61 53 50 47 43 40 39 36 32 29 29 27 27 26 25 24 24 24 23 24 24 24 26 30 33 34 35 35 33 32 30 29 29 29 28 27 25 27 30 32 34 34 34 35 36 37 39 48 49 45 42 42 41 41 41 42 44 47 47 47 47 46 45 45 45 45 45 45 45 48 48
167 176 181 183 182 190 230 229 232 194 266 272 275 264 299 325 235 201 182 157 139 115 95 83 73 64 56 53 47 45 42 39 37 34 31 29 28 27 26 25 24 24 23 22 23 23 23 24 24 26 27 30 34 36 36 33 30 30 29 28 28 25 28 31 31 31 33 33 33 34 36 37 42 49 46 43 42 41 40 39 40 40 44 44 44 47 45 45 43 42 42 42 43 44 44 45
168 189 192 184 180 170 183 197 201 200 246 250 260 259 277 302 253 187 182 163 160 129 117 123 108 86 61 54 50 46 43 40 38 35 33 30 29 27 27 25 24 24 24 23 23 23 23 23 22 24 24 24 26 29 30 30 30 31 33 30 27 25 28 29 30 30 31 31 32 33 36 37 39 44 52 46 43 42 39 39 38 38 39 41 42 42 42 42 41 42 42 42 41 41 41 41
156 169 185 171 165 175 198 212 210 209 234 254 259 253 287 312 275 222 231 173 167 178 163 137 130 117 78 59 53 49 45 43 40 38 35 33 30 28 27 25 25 25 24 23 23 22 22 21 22 21 21 23 24 25 26 27 27 33 33 29 26 25 25 28 30 28 29 30 31 33 34 36 39 40 47 51 46 42 39 38 37 37 38 39 39 41 39 39 39 39 39 39 40 40 40 40
151 153 163 176 173 184 227 214 208 209 212 237 230 255 289 329 341 269 209 184 169 180 197 159 119 109 84 69 66 59 49 46 43 41 39 35 31 28 27 26 26 25 24 23 22 21 21 21 21 21 21 21 23 23 24 26 26 27 30 30 28 26 26 26 28 27 27 28 30 33 34 36 36 39 43 49 49 48 42 37 36 36 36 37 38 40 42 39 42 38 38 38 38 38 38 38
148 151 165 181 178 182 219 226 204 203 224 205 196 251 281 346 348 311 226 164 151 133 123 117 106 90 79 78 78 81 73 49 46 46 41 36 33 29 28 26 26 25 24 23 22 21 21 21 20 20 21 21 22 23 23 24 26 26 27 29 29 29 29 29 29 29 27 28 30 33 33 34 36 38 39 42 43 43 39 36 36 35 35 35 36 36 39 39 37 37 37 37 37 37 36 36
151 153 157 168 172 180 193 195 197 212 245 194 226 240 278 346 328 323 283 202 155 146 137 112 101 95 86 79 77 76 65 54 49 46 45 39 33 30 26 26 25 24 24 22 21 21 20 20 20 20 20 20 22 23 23 23 24 26 26 28 29 29 29 31 29 29 27 29 30 31 33 33 35 36 38 39 39 39 39 36 35 35 35 35 35 35 35 35 35 35 35 35 35 36 36 38
152 153 155 164 177 177 178 170 196 192 216 202 215 232 267 296 316 312 307 282 199 180 146 127 103 93 88 81 75 72 64 60 54 49 44 39 34 29 26 25 24 24 23 21 21 21 20 20 20 20 20 20 20 22 23 23 23 25 30 31 28 28 28 31 31 29 27 29 30 31 32 32 34 34 36 36 36 36 37 35 34 34 34 34 34 34 34 34 34 34 35 35 35 36 37 38
151 151 152 155 168 156 158 161 166 190 193 216 260 244 282 279 290 274 296 298 278 194 165 135 108 95 93 86 81 80 71 65 59 54 47 41 34 29 26 26 25 24 22 21 21 20 20 20 20 20 20 20 20 21 22 23 23 23 26 30 28 28 27 28 28 28 26 29 29 30 31 32 32 34 34 34 34 34 34 34 33 32 32 32 32 32 32 34 34 34 35 35 35 36 36 37
146 149 151 148 155 167 155 159 177 188 190 207 213 239 258 269 273 271 285 283 266 235 182 143 117 112 106 99 95 93 82 72 66 59 52 44 38 31 27 26 26 24 23 22 21 20 20 20 20 20 20 20 20 20 21 23 23 23 25 25 27 27 27 26 25 27 27 29 29 29 32 35 35 34 35 34 32 32 32 32 31 31 32 32 32 32 34 34 34 34 35 35 35 35 37 37
138 144 145 145 150 155 160 154 156 169 188 205 225 231 227 265 277 265 244 245 223 217 179 153 128 124 115 103 96 90 84 78 75 69 61 52 44 38 34 32 29 26 24 23 22 20 20 20 20 20 20 20 20 20 20 23 23 23 23 25 25 25 25 26 26 26 28 29 28 29 30 33 35 35 32 31 31 31 31 31 31 31 31 34 32 32 33 34 34 34 35 36 35 35 36 37
139 138 142 140 143 142 148 148 157 179 204 224 246 216 222 251 256 234 214 208 202 201 169 153 137 126 120 111 104 98 91 88 85 79 71 66 56 49 43 37 32 29 26 24 23 22 20 20 20 20 20 20 20 20 21 23 23 23 24 25 25 25 26 26 26 26 27 28 32 31 28 30 32 31 31 30 30 30 31 31 31 31 31 34 34 33 32 32 34 34 34 34 35 36 37 37
134 133 132 129 133 132 140 167 162 153 166 216 229 207 208 218 226 218 211 203 191 182 166 148 135 128 113 116 112 105 102 98 95 91 86 81 73 62 54 47 40 34 30 26 24 23 23 20 20 20 19 19 21 21 21 22 23 23 25 25 25 26 27 28 28 28 28 29 30 33 29 29 30 30 29 29 31 31 31 31 31 31 31 34 37 34 34 33 33 34 34 34 35 37 37 37
-32768 -32768 121 122 122 130 136 137 149 152 152 172 223 186 212 212 213 215 195 189 186 176 161 148 137 133 112 102 104 109 106 105 104 103 101 98 90 79 67 58 49 41 35 30 27 26 23 22 21 19 20 20 20 21 22 21 23 23 24 24 24 27 27 28 29 28 29 30 30 33 34 30 30 30 30 30 31 32 33 32 31 31 31 33 33 38 34 34 33 34 34 34 35 40 37 37
-32768 -32768 114 112 116 121 126 126 152 217 206 161 161 174 200 200 207 201 189 192 189 176 160 148 142 135 121 88 84 109 111 112 111 112 114 113 100 97 79 68 58 50 43 37 31 27 25 23 22 20 20 20 20 21 22 23 23 25 25 25 26 26 28 29 29 30 30 31 32 34 40 32 32 32 31 31 33 33 33 33 33 33 33 33 33 36 41 35 34 33 34 34 34 37 38 37
-32768 -32768 107 107 111 122 124 124 132 161 148 125 148 198 185 190 190 188 187 191 188 178 165 145 134 133 111 86 80 87 112 113 114 118 123 121 117 109 95 78 67 59 54 45 36 30 27 24 22 21 20 20 20 22 23 24 25 26 26 27 27 28 28 30 30 31 31 31 32 33 40 37 34 32 32 32 33 33 34 33 33 33 33 33 33 33 35 36 34 33 33 34 35 35 36 37
-32768 -32768 -32768 120 123 114 115 113 114 123 148 123 137 163 178 194 198 201 200 193 186 181 169 147 126 114 96 97 82 88 93 92 104 122 128 125 118 108 97 85 75 66 59 48 40 33 28 25 22 22 21 20 22 22 25 27 27 28 28 28 29 29 29 31 31 30 31 31 32 33 34 42 44 35 34 32 33 38 38 35 34 33 33 33 33 33 33 35 35 36 34 34 35 35 35 36
-32768 -32768 -32768 125 132 133 125 112 118 114 114 121 122 132 174 197 197 184 189 191 185 179 168 145 129 126 114 111 88 80 88 88 89 114 128 125 117 108 99 85 73 67 60 50 41 34 30 27 24 22 22 22 22 25 28 29 30 30 29 30 30 30 31 30 31 31 31 32 32 32 33 36 39 40 34 34 34 35 42 35 35 34 34 34 34 34 34 34 35 37 35 35 35 36 39 37
-32768 -32768 -32768 121 128 133 139 119 112 117 138 154 161 141 153 171 177 179 181 186 185 178 166 145 132 127 121 124 118 106 111 109 95 101 125 120 113 105 96 87 71 63 61 53 44 35 31 27 24 23 22 23 25 27 30 34 36 35 34 33 32 32 31 30 31 31 32 30 31 31 33 34 36 37 36 34 34 35 35 35 36 36 35 34 34 34 34 34 35 35 39 35 35 37 42 37
122 -32768 -32768 115 119 126 133 133 139 145 138 130 122 119 119 144 166 169 176 184 178 174 164 151 145 145 149 142 134 128 118 119 102 95 122 115 110 102 94 85 76 66 59 55 46 37 31 27 24 22 22 23 26 29 34 39 43 42 39 37 35 33 32 31 31 31 31 31 31 31 32 34 34 35 39 38 36 35 35 39 41 37 39 36 36 34 37 36 36 36 41 39 36 36 41 39
-32768 -32768 -32768 -32768 115 120 124 139 152 160 139 153 155 151 139 138 171 176 172 171 172 169 159 149 141 148 153 148 142 136 129 124 112 92 118 111 105 99 91 82 73 68 62 57 51 40 30 27 24 22 22 25 26 30 36 43 48 47 43 39 37 34 33 32 31 31 31 31 31 31 31 32 33 33 35 39 37 36 36 37 39 42 43 38 37 37 37 41 37 36 37 36 36 36 41 41
-32768 -32768 -32768 -32768 118 122 127 134 150 158 158 185 196 227 197 161 165 169 176 175 169 165 158 151 142 143 148 154 150 144 136 127 113 96 116 110 103 96 89 79 72 66 60 54 53 44 30 26 24 23 23 24 26 29 35 42 48 47 44 40 36 34 33 32 31 31 30 31 31 30 31 31 32 33 33 35 39 37 36 37 39 41 43 39 38 37 37 38 41 38 38 36 38 37 38 40
-32768 -32768 -32768 -32768 -32768 120 121 135 134 143 156 166 176 195 186 186 173 171 171 170 169 165 166 175 161 155 160 157 158 150 142 130 96 101 114 108 101 93 86 77 70 62 58 53 50 39 29 26 23 23 23 24 26 29 33 38 42 42 41 38 36 34 33 32 30 30 29 29 31 30 31 31 31 32 33 33 38 38 36 37 38 40 40 40 40 38 37 38 42 42 38 38 38 38 37 38
-32768 -32768 -32768 -32768 -32768 -32768 -32768 118 122 134 144 162 162 166 184 182 174 171 172 171 168 165 167 186 172 161 162 159 160 159 148 140 123 93 103 108 99 91 84 76 67 60 55 56 49 36 28 25 22 22 23 23 26 28 29 34 36 38 37 36 35 32 31 30 30 30 29 29 29 30 30 31 31 31 32 33 34 35 37 37 36 39 39 39 38 38 37 35 36 39 39 38 38 38 37 39
-32768 -32768 -32768 -32768 -32768 -32768 -32768 -32768 129 141 147 159 152 162 176 170 175 175 172 170 166 160 164 183 172 171 156 165 161 160 156 151 145 114 92 104 100 90 82 74 66 59 52 52 49 35 27 23 23 21 21 22 23 26 27 29 32 33 33 33 32 31 30 30 30 29 29 29 29 29 30 31 31 31 30 31 32 33 36 38 36 36 37 39 41 38 37 35 35 35 39 39 38 37 38 39
-32768 -32768 -32768 -32768 -32768 -32768 -32768 -32768 138 150 144 142 155 164 160 164 173 170 169 166 162 157 153 151 160 166 161 165 161 162 161 154 147 125 90 98 97 89 81 72 65 57 49 44 37 33 30 23 22 22 21 22 23 24 25 26 27 28 29 30 30 30 29 29 28 29 29 29 28 29 29 30 31 30 30 30 31 31 32 38 38 35 36 37 44 39 37 35 35 35 36 36 37 36 38 40
-32768 -32768 -32768 -32768 -32768 -32768 -32768 -32768 131 138 137 139 152 170 167 164 164 165 164 164 159 160 152 146 147 152 159 156 149 151 158 147 140 125 104 89 94 88 81 73 65 57 49 43 37 33 44 25 22 22 22 22 22 22 23 23 24 26 27 27 28 28 27 27 27 28 27 28 28 29 28 28 28 29 29 29 30 30 31 31 35 33 34 37 37 39 37 35 35 36 36 36 36 36 38 40
-32768 -32768 -32768 -32768 -32768 -32768 -32768 -32768 129 142 147 150 160 170 164 166 170 178 172 163 158 153 152 143 139 141 143 150 140 145 152 152 135 128 112 85 87 87 81 73 65 56 49 43 36 34 45 31 23 22 22 22 21 22 22 22 23 23 24 26 26 26 26 26 26 26 27 27 27 27 28 28 28 28 28 28 28 29 29 30 32 32 32 33 34 34 35 34 35 36 36 36 36 36 38 40
-32768 -32768 -32768 -32768 -32768 -32768 -32768 -32768 134 143 155 158 162 164 168 170 169 168 172 166 157 151 145 141 138 133 129 130 129 140 145 144 138 125 108 86 85 85 80 72 65 57 49 43 37 34 37 32 24 23 22 21 20 20 21 22 22 23 23 24 24 25 26 26 26 26 26 26 26 26 27 27 27 27 27 27 28 28 29 30 30 30 31 31 32 34 34 33 34 36 36 36 36 37 37 39
-32768 -32768 -32768 -32768 -32768 -32768 -32768 -32768 -32768 142 154 158 163 163 168 170 168 168 166 164 160 148 142 139 135 130 124 126 133 144 145 149 145 123 108 85 84 84 79 71 66 58 49 44 38 33 29 27 24 23 22 21 21 20 20 20 21 21 21 23 23 24 24 25 25 25 26 26 26 26 26 26 26 26 27 27 27 28 28 29 29 30 30 31 31 33 33 33 36 37 37 37 37 37 37 38
-32768 -32768 -32768 -32768 -32768 -32768 -32768 -32768 -32768 -32768 -32768 144 156 156 168 169 170 167 162 156 151 147 139 136 136 130 125 129 140 147 148 150 147 126 109 87 84 83 78 72 65 59 51 44 38 34 30 27 26 23 22 21 21 20 20 20 20 21 21 21 23 23 23 24 24 25 26 26 26 26 25 26 26 26 26 27 27 27 28 28 29 29 30 30 31 31 33 33 37 38 40 37 37 36 36 37
-32768 -32768 -32768 -32768 -32768 -32768 -32768 -32768 -32768 -32768 -32768 -32768 147 149 163 151 159 167 161 155 148 146 137 133 133 130 124 126 136 142 145 143 146 127 114 94 82 80 76 71 65 60 51 44 39 34 31 29 26 23 23 22 21 20 20 20 20 20 20 21 21 22 23 23 23 23 24 25 25 25 25 25 25 26 26 26 26 26 26 27 28 28 28 28 28 30 32 33 37 39 41 40 38 37 36 38
-32768 -32768 -32768 -32768 -32768 -32768 -32768 -32768 -32768 -32768 -32768 -32768 -32768 151 145 147 160 164 161 156 151 143 138 130 129 127 124 121 123 135 147 152 143 127 116 105 86 78 73 70 65 62 56 47 40 35 32 29 26 23 23 22 21 19 19 19 20 20 20 20 20 21 22 23 23 23 24 24 24 25 25 25 25 25 25 25 25 25 26 26 27 28 28 28 28 30 31 34 40 44 41 40 38 36 35 37
-32768 -32768 -32768 -32768 -32768 -32768 -32768 -32768 -32768 -32768 150 152 -32768 -32768 -32768 151 165 163 160 156 151 150 138 133 131 129 125 124 120 128 147 151 145 133 123 116 108 85 73 70 65 61 57 51 40 35 32 29 26 27 24 22 20 19 19 19 19 19 20 19 19 19 21 21 23 25 25 24 24 24 24 25 24 24 25 25 25 25 25 25 26 27 27 28 28 28 30 35 43 55 50 39 38 35 35 36
-32768 -32768 -32768 -32768 -32768 -32768 -32768 -32768 -32768 -32768 -32768 -32768 -32768 -32768 155 155 161 163 160 156 152 153 162 135 131 128 126 122 124 125 128 133 142 133 126 124 114 107 77 69 66 62 60 55 42 35 32 29 26 27 27 24 20 19 19 19 19 19 18 19 19 19 19 20 22 24 25 25 24 23 23 23 24 24 24 25 25 25 24 24 24 25 25 26 27 28 30 34 41 58 62 42 35 35 35 36
-32768 -32768 -32768 -32768 -32768 -32768 -32768 -32768 -32768 -32768 -32768 -32768 163 163 157 159 163 163 161 157 152 148 152 139 134 131 126 123 120 120 118 115 125 123 118 125 117 84 90 71 66 62 60 57 45 38 32 30 28 26 25 23 20 19 19 19 19 18 18 18 18 19 19 20 21 22 23 25 24 23 23 23 24 24 24 24 23 24 24 24 24 25 25 25 26 27 27 31 34 43 48 39 35 33 35 36
-32768 -32768 -32768 -32768 -32768 -32768 -32768 -32768 -32768 -32768 -32768 -32768 -32768 165 166 163 163 161 159 156 152 147 142 142 136 132 128 127 126 124 116 112 109 110 109 112 125 96 76 71 69 64 61 59 50 43 35 32 29 27 25 23 20 19 19 18 19 18 18 18 18 18 19 -32768 -32768 21 21 23 25 23 23 23 23 24 24 23 23 23 23 24 24 25 25 25 25 27 27 28 31 35 38 35 32 32 33 36
-32768 -32768 -32768 -32768 -32768 -32768 -32768 -32768 -32768 -32768 -32768 -32768 -32768 -32768 165 170 168 161 156 153 150 148 145 141 141 139 140 134 135 126 118 114 107 101 97 105 113 106 87 79 71 65 61 59 52 46 38 34 31 30 30 25 20 18 17 17 17 16 18 18 -32768 -32768 18 -32768 -32768 -32768 -32768 21 23 23 23 23 22 22 23 23 23 23 23 23 24 24 25 25 25 26 27 28 31 32 32 32 32 32 33 33
-32768 -32768 -32768 -32768 -32768 -32768 -32768 -32768 -32768 -32768 -32768 -32768 -32768 -32768 164 170 165 168 160 152 152 151 147 152 155 142 146 141 130 125 120 118 112 104 98 95 104 115 106 108 84 69 62 58 52 46 40 36 32 33 36 27 19 17 17 17 16 16 16 18 -32768 -32768 -32768 -32768 -32768 -32768 -32768 -32768 -32768 22 22 22 22 22 23 23 23 23 23 23 24 24 24 24 24 26 26 28 31 31 30 30 31 32 33 33
-32768 -32768 -32768 -32768 -32768 -32768 -32768 -32768 -32768 -32768 -32768 -32768 -32768 159 163 161 158 158 154 144 140 147 150 148 144 140 153 146 156 132 123 120 114 107 103 98 96 100 105 135 126 86 67 59 55 48 43 40 36 35 28 20 19 17 17 17 16 16 16 -32768 -32768 -32768 -32768 -32768 -32768 -32768 -32768 -32768 -32768 -32768 21 22 22 22 22 22 23 23 23 -32768 -32768 -32768 24 24 24 24 25 26 28 29 29 32 30 31 33 33
-32768 -32768 -32768 -32768 -32768 -32768 -32768 -32768 -32768 -32768 -32768 -32768 -32768 -32768 160 160 159 160 158 153 147 146 147 148 154 155 159 165 153 139 129 124 113 113 108 103 98 102 103 130 183 113 73 64 60 55 48 44 39 31 24 20 17 17 17 17 16 16 -32768 -32768 -32768 -32768 -32768 -32768 -32768 -32768 -32768 -32768 -32768 -32768 -32768 -32768 22 22 22 22 22 23 23 -32768 -32768 -32768 -32768 -32768 24 24 25 25 27 29 29 29 29 30 30 33
-32768 -32768 -32768 -32768 -32768 -32768 -32768 -32768 -32768 -32768 -32768 -32768 -32768 -32768 -32768 154 151 149 153 155 151 152 148 147 146 142 139 149 136 127 136 127 120 122 120 112 105 111 99 124 149 113 87 70 65 58 50 45 43 31 24 20 17 16 16 16 16 16 -32768 -32768 -32768 -32768 -32768 -32768 -32768 -32768 -32768 -32768 -32768 -32768 -32768 -32768 -32768 -32768 22 22 22 23 -32768 -32768 -32768 -32768 -32768 -32768 -32768 -32768 25 25 25 27 28 29 29 30 30 32
-32768 -32768 -32768 -32768 -32768 -32768 -32768 -32768 -32768 -32768 -32768 -32768 -32768 -32768 -32768 -32768 147 143 145 152 152 151 149 147 147 145 142 139 132 128 127 122 131 126 126 120 110 98 112 122 117 108 84 79 65 58 50 44 39 31 26 21 17 16 16 16 16 16 -32768 -32768 -32768 -32768 -32768 -32768 -32768 -32768 -32768 -32768 -32768 -32768 -32768 -32768 -32768 -32768 -32768 -32768 -32768 -32768 -32768 -32768 -32768 -32768 -32768 -32768 -32768 -32768 25 25 25 26 27 28 29 30 30 31
-32768 -32768 -32768 -32768 -32768 -32768 -32768 -32768 -32768 -32768 -32768 -32768 -32768 -32768 -32768 -32768 -32768 139 144 156 149 149 146 147 150 149 147 143 134 129 127 131 127 121 112 100 95 99 107 106 125 111 95 95 72 58 59 52 40 32 26 23 18 16 16 16 17 16 -32768 -32768 -32768 -32768 -32768 -32768 -32768 -32768 -32768 -32768 -32768 -32768 -32768 -32768 -32768 -32768 -32768 -32768 -32768 -32768 -32768 -32768 -32768 -32768 -32768 -32768 -32768 -32768 -32768 25 25 26 27 28 28 30 30 31
-32768 -32768 -32768 -32768 -32768 -32768 -32768 -32768 -32768 -32768 -32768 -32768 -32768 -32768 -32768 -32768 -32768 -32768 141 140 153 156 140 130 139 144 149 146 142 136 128 125 124 122 113 102 97 96 100 98 115 128 114 81 67 57 61 63 41 33 29 26 22 17 17 17 17 -32768 -32768 -32768 -32768 -32768 -32768 -32768 -32768 -32768 -32768 -32768 -32768 -32768 -32768 -32768 -32768 -32768 -32768 -32768 -32768 -32768 -32768 -32768 -32768 -32768 -32768 -32768 -32768 -32768 25 25 25 26 26 27 28 28 30 30
