data/bioclim/bclim10.asc
NCOLS 300 
NROWS 196 
XLLCORNER -121.25 
YLLCORNER 31.1666666666667 
CELLSIZE 0.0416666666666667 
NODATA_value -32768 
[rows 82 to 122 of 196, columns 93 to 185 of 300]
285 292 287 314 314 260 242 259 256 277 276 293 309 324 334 337 342 342 332 320 307 295 276 279 304 311 315 316 312 304 295 277 285 281 275 278 281 280 282 280 279 269 257 248 225 239 252 242 258 265 274 281 281 280 281 264 287 308 313 313 310 307 302 311 325 321 296 300 311 309 299 293 286 282 280 284 295 280 260 262 256 235 236 225 230 233 239 255 246 249 253 244 250
295 300 287 278 313 296 273 261 265 277 275 297 315 319 312 302 322 336 342 340 315 294 282 273 300 312 314 315 313 305 283 282 289 282 271 267 269 268 278 285 286 283 275 262 241 250 261 249 257 272 280 278 277 278 272 276 302 312 313 310 306 302 294 319 327 325 312 305 308 305 296 286 274 263 266 273 288 283 266 250 232 239 228 224 228 232 253 240 245 251 251 256 251
302 304 291 262 291 310 280 270 282 293 299 309 309 301 279 283 298 317 336 343 337 316 307 285 301 303 303 314 311 302 293 292 289 275 246 252 257 263 271 285 288 289 287 275 259 247 264 273 276 283 287 287 284 276 275 297 311 313 310 300 297 296 294 316 320 313 310 300 304 303 293 283 271 257 249 260 278 285 275 243 221 215 220 226 229 230 232 236 257 276 244 260 249
304 305 302 284 263 300 295 295 298 303 306 301 290 291 279 288 304 306 323 339 342 333 326 319 313 311 310 314 313 298 288 292 283 252 229 236 254 267 276 282 289 290 291 286 274 252 261 281 286 283 287 287 277 279 294 307 310 310 301 288 284 289 307 321 322 309 303 293 297 301 295 284 272 258 247 257 273 282 283 272 254 239 219 223 228 229 234 251 252 275 238 241 271
304 305 305 292 253 285 305 298 297 298 294 274 285 295 294 301 310 303 312 333 339 338 336 330 317 324 324 324 319 308 300 297 287 260 228 219 248 267 268 267 276 289 292 292 280 252 264 284 290 286 281 282 275 275 294 300 304 305 296 274 271 284 310 326 330 314 299 286 292 299 296 288 274 265 253 260 271 279 284 284 278 270 250 237 229 229 239 231 233 249 256 245 243
303 304 305 299 275 276 301 288 263 279 283 277 288 291 297 303 296 290 308 331 337 338 339 336 333 334 331 328 324 319 313 305 295 286 262 263 268 272 267 261 260 272 290 292 289 269 259 287 293 287 274 270 257 258 280 287 295 298 287 262 262 287 309 325 333 319 307 295 289 296 294 287 272 264 255 263 274 277 285 286 284 282 276 261 231 222 226 229 236 254 241 237 238
303 303 303 285 255 258 287 299 283 265 263 255 270 281 285 288 293 299 314 324 328 328 333 336 335 335 331 332 329 324 315 313 305 298 291 287 284 277 276 272 265 254 275 280 277 267 271 289 293 285 259 254 233 246 266 269 281 289 287 276 263 281 303 324 333 326 314 297 282 289 294 289 275 263 265 268 263 271 284 285 284 283 279 260 231 216 221 229 239 232 230 233 233
299 300 295 259 253 270 290 297 290 280 269 261 265 266 283 293 304 302 299 304 309 311 313 319 319 323 326 331 329 325 320 315 307 300 289 280 281 278 278 278 272 265 256 248 258 277 290 294 289 278 250 245 218 229 254 257 266 279 284 281 269 273 308 320 331 331 317 297 268 272 287 289 284 277 270 253 246 267 281 284 283 282 280 274 258 229 223 227 224 223 228 231 232
293 291 293 286 284 290 297 299 297 293 286 275 273 277 287 297 300 300 294 285 282 285 283 268 277 292 312 325 330 327 321 312 304 295 285 273 276 272 275 279 274 258 239 232 264 282 292 294 290 280 262 251 220 231 249 252 259 269 278 279 273 282 306 321 331 330 316 293 257 263 282 287 285 280 271 252 235 262 279 283 282 280 279 276 271 254 241 222 212 215 224 229 235
288 288 291 292 293 291 292 288 287 289 274 254 260 264 268 271 284 282 272 263 265 262 255 242 238 239 283 316 328 329 316 302 291 288 279 272 270 273 276 277 272 250 212 221 259 278 290 295 295 289 274 262 235 238 249 258 263 266 271 272 274 296 308 324 333 331 320 303 273 268 279 284 283 278 271 249 217 252 272 278 280 279 278 276 273 269 260 228 211 220 233 237 235
284 287 286 283 277 287 284 273 277 281 278 269 265 272 278 270 263 264 266 266 266 274 267 264 254 244 268 307 324 327 321 312 294 280 269 264 260 266 272 274 271 261 249 242 246 265 282 292 295 292 285 274 257 246 243 259 268 272 272 271 280 299 313 324 333 333 325 311 280 270 277 282 282 276 263 245 224 243 260 271 277 278 277 275 272 269 263 233 228 235 239 240 237
282 276 275 272 263 262 265 260 272 274 277 273 274 276 279 278 278 272 252 260 269 275 277 280 278 278 289 309 326 327 320 309 298 284 266 267 263 259 266 269 270 267 259 235 236 244 267 291 295 293 287 276 261 246 245 261 270 276 279 278 278 299 313 324 333 335 331 318 293 272 274 279 279 275 264 252 238 224 233 256 270 274 272 274 270 264 263 248 233 241 240 237 233
276 270 264 251 260 266 259 249 261 266 274 278 271 272 274 276 280 279 275 278 279 285 283 285 292 294 305 317 325 325 322 311 295 282 279 282 272 262 263 266 266 265 260 249 237 245 274 289 292 290 283 269 255 244 251 263 272 279 285 286 287 295 304 318 328 334 333 322 309 291 274 272 271 272 270 264 255 225 234 250 263 269 265 272 266 250 253 255 237 241 232 230 227
268 258 264 253 257 270 273 271 270 266 270 279 275 259 259 273 280 286 291 294 296 298 297 299 301 300 306 322 326 324 326 322 311 301 297 290 279 269 257 262 261 259 256 248 236 259 278 287 286 280 271 252 242 244 254 259 276 284 289 292 294 291 293 306 318 328 334 326 316 300 277 264 260 265 269 270 264 247 232 254 262 267 271 269 261 245 235 249 252 242 228 221 219
266 258 261 259 255 271 275 276 275 273 274 276 266 272 273 280 282 290 293 286 285 295 299 299 304 305 309 308 317 319 325 325 319 313 307 300 287 271 257 260 258 252 242 240 244 266 276 279 276 268 257 248 249 251 249 256 272 288 294 296 296 289 280 286 303 312 333 328 316 302 280 258 267 275 276 275 270 254 238 257 264 268 269 266 259 246 224 239 248 245 230 213 208
270 262 263 264 258 272 276 276 277 277 275 270 267 265 279 282 289 293 289 275 298 308 310 306 306 304 303 291 291 306 322 326 322 318 313 307 294 281 267 264 260 249 236 239 253 265 266 258 242 223 236 248 254 258 259 263 268 291 299 300 295 285 271 264 286 307 330 330 318 303 279 254 273 280 281 279 275 263 242 255 267 268 266 263 257 247 229 238 245 248 241 233 211
269 265 267 270 271 274 276 276 276 273 272 269 259 261 270 279 289 295 295 297 307 312 313 312 301 299 294 290 305 309 323 326 324 320 316 309 299 285 275 268 256 253 251 253 261 262 251 236 229 225 240 253 259 263 266 269 263 292 302 302 296 286 271 273 293 311 329 332 322 305 285 265 277 283 285 284 281 272 254 261 267 265 261 257 254 249 238 243 244 250 247 237 217
274 270 271 273 270 270 273 269 273 267 263 272 271 269 279 279 285 296 297 300 304 308 310 316 316 305 291 295 313 317 324 326 324 322 318 306 299 289 281 271 259 262 268 272 273 265 245 231 237 242 248 255 262 267 269 272 268 292 304 305 300 291 285 291 302 319 330 334 324 310 295 275 274 284 287 287 286 279 263 267 264 257 249 244 245 245 246 250 251 252 251 234 226
281 278 277 264 269 274 273 268 268 267 265 277 282 285 293 290 288 290 288 290 296 302 310 317 319 319 313 309 316 314 321 326 326 323 319 303 290 286 279 274 274 280 286 286 279 264 241 239 243 249 254 259 265 270 273 275 275 290 304 307 304 298 291 296 308 325 334 335 325 313 300 281 269 282 289 291 288 285 278 271 259 249 232 223 215 233 242 249 256 259 252 250 238
284 284 284 280 277 280 276 267 262 262 263 283 293 299 302 301 298 286 282 285 289 300 305 306 313 314 320 317 315 323 325 326 326 324 321 313 287 289 272 269 284 293 296 291 279 256 237 242 243 255 261 265 270 272 273 278 280 293 304 308 310 304 299 310 323 336 338 331 323 313 303 289 260 279 291 293 290 287 281 267 257 248 224 196 205 229 240 249 258 263 256 243 239
284 285 286 287 285 283 276 265 254 255 263 283 293 299 303 304 303 298 293 295 296 299 306 307 305 307 319 321 322 324 325 325 325 324 320 317 307 291 287 281 292 301 300 289 273 252 249 255 256 267 268 261 272 276 276 283 281 292 300 307 312 310 302 315 331 338 339 332 324 311 298 290 270 275 293 295 293 290 284 276 256 243 224 192 209 233 245 252 261 265 252 238 230
282 284 285 286 286 283 280 274 270 272 275 273 275 285 299 302 303 303 301 300 302 307 308 305 308 310 316 320 321 322 324 322 319 318 321 320 315 304 300 301 305 307 299 285 263 257 251 267 274 276 274 276 278 284 288 288 288 293 291 302 312 315 303 307 334 339 338 334 327 317 303 292 272 282 293 296 296 292 287 280 264 242 235 208 219 238 247 257 266 265 245 234 235
279 281 282 282 284 284 283 277 275 280 283 276 268 278 294 299 301 302 303 305 305 305 295 291 300 307 310 316 319 318 315 309 311 305 313 319 318 315 312 311 310 306 295 266 248 277 270 281 283 286 287 287 287 290 293 294 297 300 302 307 313 319 313 323 336 340 339 336 330 322 312 296 271 274 292 298 298 294 290 282 263 232 209 215 226 240 252 258 267 267 258 257 247
277 278 280 281 282 282 283 281 281 281 288 291 289 281 293 298 300 302 303 301 301 298 289 284 288 295 302 310 316 305 301 289 304 303 300 308 317 316 312 305 304 300 288 258 253 284 288 290 291 293 294 296 296 296 298 299 302 305 308 312 317 321 323 332 337 340 339 339 333 326 319 308 287 277 282 292 300 297 292 284 269 245 226 218 226 244 257 265 272 275 271 252 234
275 276 276 276 279 281 282 283 284 287 287 290 294 296 297 298 300 301 301 300 297 294 286 278 276 281 297 305 312 297 293 293 299 295 307 315 315 312 306 299 298 293 281 254 268 289 295 297 298 300 302 304 304 303 303 298 299 307 309 308 310 320 325 330 335 339 340 339 335 330 324 315 301 297 288 278 300 301 295 286 272 255 248 218 219 223 243 257 270 280 276 258 235
269 272 272 273 277 278 278 274 274 280 283 286 289 293 296 297 298 299 300 301 296 298 293 282 270 281 301 310 316 311 306 296 293 294 301 311 312 306 296 285 279 282 270 249 278 294 301 303 305 307 309 309 309 308 305 298 298 309 308 300 303 316 322 321 332 338 340 339 338 332 327 321 313 308 295 285 295 303 296 290 283 274 252 235 209 230 244 259 268 281 277 261 243
266 270 272 273 274 273 272 272 271 267 268 269 271 276 281 280 284 297 300 301 300 301 300 297 292 289 296 307 315 315 311 304 294 297 303 305 305 300 266 246 238 262 270 276 290 300 305 308 309 312 314 314 313 308 303 297 304 311 311 308 308 310 310 303 326 335 338 339 339 335 330 325 321 316 309 306 308 307 299 292 284 276 264 240 220 233 244 262 273 282 283 270 254
266 269 270 270 268 267 266 264 267 266 260 256 254 252 247 248 271 285 292 293 295 298 298 297 296 290 287 298 311 315 310 299 296 290 290 297 294 288 282 260 256 268 276 288 296 301 300 291 298 314 317 317 313 304 294 290 302 312 316 315 312 309 310 314 325 332 336 339 339 336 333 329 326 322 318 315 313 307 301 294 287 280 269 243 214 228 248 262 274 282 286 276 263
266 264 261 264 260 256 254 259 262 262 258 252 248 242 246 252 256 259 260 268 279 288 294 296 297 297 298 302 307 309 309 302 302 301 297 296 293 292 286 287 287 285 289 297 303 296 288 292 306 318 320 317 312 295 283 289 304 313 317 315 312 308 310 310 318 326 332 335 337 337 334 331 328 325 321 317 314 309 304 297 290 283 273 263 240 233 257 267 276 283 288 282 272
263 259 251 254 252 250 245 240 248 252 242 242 240 218 237 244 236 237 239 252 257 266 278 287 300 300 295 293 297 299 301 306 310 309 306 304 305 295 297 301 302 297 294 304 309 307 307 311 317 322 319 314 306 295 289 297 307 314 318 313 307 309 312 312 311 318 323 320 318 332 330 319 320 320 318 314 310 303 305 300 294 287 280 271 263 251 253 255 263 278 288 287 275
260 254 243 250 251 249 244 239 252 251 238 227 238 237 223 245 242 230 232 249 253 257 264 275 298 300 295 286 286 302 310 313 316 315 313 311 313 313 306 304 312 313 305 307 315 317 320 322 324 322 315 307 298 291 293 297 309 317 318 311 308 312 316 316 314 314 308 306 321 330 334 322 318 315 311 308 304 302 303 302 298 292 285 278 273 268 262 253 250 264 283 292 282
258 250 249 253 253 248 247 231 239 255 250 248 247 242 250 250 244 251 257 256 264 271 262 276 286 287 287 285 287 302 315 319 321 322 322 324 325 325 325 317 314 322 324 321 319 323 326 328 326 320 307 294 287 286 295 303 311 319 319 313 310 317 320 320 318 314 304 309 321 328 335 332 326 313 295 289 291 295 299 301 299 294 289 283 278 272 269 266 261 263 285 291 285
254 254 252 251 253 246 249 244 234 250 259 257 255 252 256 249 250 257 262 269 275 278 274 269 264 261 265 279 290 299 309 315 321 325 328 330 331 330 332 332 331 329 331 334 332 327 329 328 325 318 300 272 267 282 294 305 314 319 321 318 316 321 323 323 321 317 311 298 306 321 333 335 330 320 305 278 266 276 290 298 300 297 292 287 282 274 273 274 278 283 291 294 288
249 250 252 251 252 252 242 237 237 254 260 260 259 258 254 252 255 264 266 263 272 273 272 274 269 270 262 265 275 285 299 308 314 321 327 331 331 331 333 334 334 334 334 335 334 332 331 321 322 319 310 292 279 274 291 308 317 322 322 321 321 323 325 326 324 321 317 314 319 327 332 334 332 324 313 298 279 283 289 295 301 300 296 292 288 281 275 282 286 292 299 294 278
244 246 249 249 249 249 246 237 250 255 258 259 259 252 255 260 257 262 270 269 266 274 280 284 281 279 278 274 271 274 283 297 303 307 310 327 330 332 333 333 334 334 335 335 334 334 330 311 326 323 315 297 278 294 291 314 322 326 324 322 320 322 324 326 326 324 323 323 326 329 332 334 333 329 322 313 305 303 300 298 298 303 299 297 293 288 279 288 293 298 299 287 272
239 242 245 248 246 242 243 246 251 251 253 254 255 256 256 260 264 266 269 270 272 267 270 286 287 265 279 283 285 278 282 290 301 309 311 319 326 328 328 332 334 334 334 334 335 335 335 332 331 327 321 305 295 300 312 322 327 327 323 318 315 316 321 325 326 327 327 327 329 330 330 332 332 332 328 323 318 310 302 304 308 303 298 301 297 291 282 287 289 290 299 286 276
234 238 242 245 224 225 220 213 229 236 239 243 244 245 246 252 258 263 268 268 272 270 274 282 286 282 277 283 293 295 283 292 286 301 305 306 317 307 309 327 333 334 329 330 335 336 336 336 335 331 326 316 299 311 321 325 329 326 320 314 306 298 312 322 324 326 326 326 325 325 325 326 326 329 330 329 325 318 304 303 311 308 305 305 298 291 289 284 281 278 291 301 289
230 235 239 237 220 210 196 185 175 191 202 204 213 207 228 240 246 254 259 260 259 265 273 279 282 285 286 291 297 301 287 284 279 281 289 279 294 295 302 321 329 332 330 329 334 336 337 337 336 331 331 325 303 319 327 330 331 326 317 306 296 299 307 319 322 324 323 321 320 317 316 311 310 315 325 327 330 327 320 310 313 317 313 310 306 301 296 289 290 285 294 300 303
231 236 232 209 213 213 191 180 167 159 155 153 160 178 197 192 214 216 228 234 240 254 266 271 274 281 284 290 298 302 297 284 291 290 299 300 288 288 290 312 323 328 329 326 329 334 336 337 336 330 334 333 326 330 334 335 333 327 314 296 285 298 303 315 319 323 320 316 313 310 298 285 298 307 313 320 324 330 327 324 317 320 318 315 311 308 302 292 292 299 301 303 305
214 216 212 196 196 199 192 178 165 155 160 160 161 167 171 174 186 201 203 215 226 242 259 266 270 276 280 285 291 296 300 296 298 303 308 309 302 282 293 305 314 321 323 320 322 329 334 337 338 333 333 336 336 336 336 336 334 330 319 309 295 293 307 308 321 323 322 319 316 317 312 308 304 310 317 323 325 329 321 322 325 323 323 321 314 312 306 301 297 300 306 309 306
229 218 212 199 200 189 176 161 170 158 157 157 154 156 155 157 170 191 198 215 229 240 254 259 264 271 278 282 287 293 300 303 301 304 309 313 314 304 302 301 285 307 315 312 303 318 328 335 337 335 330 328 336 337 337 336 335 330 324 317 304 295 311 317 320 324 325 324 323 322 322 320 320 322 325 327 327 324 316 312 316 319 317 317 314 317 317 315 308 304 305 304 303
