data/bioclim/bclim19.asc
NCOLS 300 
NROWS 196 
XLLCORNER -121.25 
YLLCORNER 31.1666666666667 
CELLSIZE 0.0416666666666667 
NODATA_value -32768 
[rows 48 to 95 of 196, columns 192 to 287 of 300]
112 120 115 117 118 118 122 114 117 122 129 125 120 117 117 115 114 113 110 111 106 101 97 95 92 92 86 83 75 72 67 67 63 65 65 56 60 60 60 54 48 42 39 40 45 44 38 48 54 63 69 45 29 26 26 25 25 25 26 27 28 30 32 36 36 37 38 34 33 30 33 35 38 42 43 50 56 64 64 69 64 55 57 57 56 53 53 56 56 56 56 57 57 61 60 59
107 119 109 110 114 118 119 119 121 122 124 120 118 119 119 120 117 113 113 110 105 102 100 98 96 88 84 82 81 75 65 64 61 62 62 50 53 57 52 44 42 45 42 34 40 37 29 36 29 36 60 70 51 31 25 26 26 25 28 30 30 27 30 36 41 33 30 27 27 31 33 36 39 43 47 46 51 56 64 61 52 49 49 54 57 52 52 51 53 54 55 56 55 56 55 57
106 105 104 109 109 109 108 116 119 119 118 118 119 119 119 123 117 115 114 112 106 103 103 104 99 90 85 84 84 69 62 58 61 57 57 52 47 49 46 39 38 40 42 36 32 34 27 27 32 25 41 64 64 58 32 25 25 27 28 29 29 27 27 27 30 27 36 30 30 33 35 37 40 43 49 52 47 47 57 53 48 45 47 52 53 49 49 53 59 57 57 57 56 57 57 55
96 96 99 104 104 107 104 109 112 110 111 113 116 118 120 121 117 114 112 110 104 103 104 104 96 94 87 79 76 71 65 58 61 53 50 50 44 42 42 39 36 36 36 37 29 27 26 26 29 25 28 38 49 61 29 25 24 25 27 25 27 27 27 34 27 31 30 30 30 33 35 37 40 44 47 53 56 51 47 48 45 42 49 50 49 49 51 52 55 57 60 60 57 57 59 58
104 109 108 104 101 103 103 109 113 113 111 116 119 118 120 119 115 112 112 108 104 102 99 95 98 90 82 76 74 74 65 55 55 50 46 43 41 38 42 41 38 31 29 29 31 28 26 25 27 25 25 28 32 35 25 24 25 25 27 27 29 27 35 42 30 40 31 31 33 36 36 38 40 43 47 52 56 51 51 46 44 42 50 50 47 51 52 52 52 57 60 62 57 58 61 62
106 109 108 106 106 111 108 121 116 116 118 121 123 121 118 117 113 111 111 110 101 99 99 98 94 87 82 79 76 77 65 53 49 49 47 43 40 37 36 38 36 32 29 26 26 26 25 24 25 24 23 25 23 23 24 25 28 29 32 31 31 31 37 44 31 47 34 31 34 39 36 38 39 42 45 50 50 47 49 46 42 42 47 48 47 52 54 54 53 54 57 59 58 61 69 66
118 113 107 103 107 120 128 117 118 119 118 121 122 123 118 115 110 107 109 109 103 95 96 95 89 86 85 85 83 68 63 59 52 50 49 47 45 39 34 33 30 30 27 28 26 26 24 24 23 25 27 26 25 30 26 29 51 73 48 39 37 34 44 47 34 38 36 34 39 39 38 39 39 42 46 50 48 46 45 43 42 42 47 49 49 53 54 55 54 54 57 57 59 61 63 63
107 104 103 100 98 99 108 111 115 110 110 112 113 125 112 108 104 98 98 99 95 91 90 88 85 84 88 90 84 65 62 57 53 50 52 49 46 47 33 31 31 31 30 28 26 24 24 23 23 22 27 33 27 37 29 38 87 105 54 45 40 37 47 51 41 41 41 39 53 39 39 44 43 42 45 49 47 44 43 43 43 43 48 54 51 50 53 55 55 56 59 58 60 60 60 58
99 99 102 100 96 93 93 105 105 102 114 115 107 108 98 96 94 94 95 96 91 88 87 85 85 88 93 92 83 71 67 63 60 55 49 44 52 53 39 31 28 26 30 28 26 23 22 22 22 22 23 26 37 40 26 36 45 50 47 45 47 41 50 54 47 41 46 43 59 43 39 40 43 43 46 47 44 44 43 43 43 44 51 53 50 50 50 52 56 56 58 58 60 60 60 59
97 97 101 100 97 93 91 92 93 98 115 109 103 94 94 92 89 88 89 88 86 86 86 86 90 96 96 93 78 76 75 71 68 64 58 56 51 44 39 31 28 26 27 24 22 21 21 21 24 23 23 24 28 37 29 33 42 48 47 47 50 44 48 56 41 41 48 54 49 40 39 40 43 43 49 46 45 44 44 44 47 46 54 51 48 49 50 50 55 58 60 63 62 61 60 60
97 97 97 97 94 94 92 92 95 98 108 98 87 87 88 84 84 85 86 87 88 89 89 90 95 102 99 98 83 79 77 78 74 71 67 67 66 65 43 31 28 26 22 20 20 23 24 23 23 24 25 26 29 29 32 33 36 44 50 52 53 50 51 60 55 45 52 69 48 43 43 40 43 46 54 51 52 49 47 47 49 51 51 48 48 50 52 53 52 55 57 63 68 65 64 63
97 95 95 94 93 93 91 91 89 86 86 83 83 82 83 80 82 85 87 90 92 94 94 96 103 108 104 103 87 82 82 83 80 78 73 74 73 65 37 31 28 25 26 26 23 26 30 28 24 22 24 24 26 27 27 30 33 36 40 47 57 53 60 66 66 49 69 58 49 49 48 43 49 51 55 52 50 48 47 47 46 46 48 48 48 50 52 53 54 52 53 57 59 62 64 77
98 95 94 93 92 93 93 93 90 87 83 81 79 79 80 80 83 88 90 92 94 96 99 109 114 115 112 103 82 90 88 89 85 81 80 83 68 40 32 31 30 30 31 34 32 29 33 32 26 25 31 34 33 31 33 33 33 34 39 45 57 60 68 71 76 68 80 69 56 53 56 56 47 49 48 46 46 46 45 45 46 47 48 48 47 48 51 53 56 54 54 56 58 61 66 75
99 97 93 91 91 92 94 96 93 89 82 80 79 79 79 81 86 89 93 94 96 99 106 123 125 122 116 99 75 87 91 92 87 85 88 67 42 33 32 37 42 42 41 41 36 35 35 37 31 28 28 35 38 39 39 39 39 38 36 44 54 68 71 70 73 71 74 74 57 52 53 51 46 46 46 46 44 45 44 47 47 47 48 46 48 49 48 52 56 58 58 56 56 59 65 73
102 98 94 91 91 91 91 94 91 85 82 80 80 80 81 81 89 89 94 97 100 103 118 129 132 128 121 100 79 66 63 60 70 88 78 41 36 34 31 51 48 45 46 46 44 41 38 39 37 34 32 35 38 39 40 44 43 36 41 44 54 63 63 65 68 65 68 76 56 49 49 47 46 46 46 47 47 48 49 51 47 47 46 48 50 50 46 49 54 57 59 63 60 58 62 70
101 101 95 92 91 89 89 88 85 84 83 83 82 83 79 85 86 94 99 100 105 109 132 135 140 140 133 100 91 66 59 55 52 51 44 40 37 37 42 60 54 50 47 47 50 47 41 42 42 37 35 37 39 41 43 45 43 40 40 51 60 60 60 62 68 62 62 69 53 56 53 51 49 47 46 48 49 50 50 49 47 47 48 49 50 51 47 46 49 55 62 63 65 62 65 67
101 101 97 92 91 89 89 89 87 85 87 84 81 83 81 77 89 96 100 105 111 121 138 144 147 149 137 107 97 75 61 55 51 47 44 42 42 42 45 63 60 56 50 49 50 51 45 41 42 38 37 41 41 44 46 49 46 48 47 57 58 56 59 60 66 69 65 59 75 86 81 80 55 49 48 51 50 48 47 47 47 47 48 50 51 50 49 46 49 49 53 54 62 62 64 72
106 102 102 100 94 91 91 91 88 88 86 87 84 80 80 78 93 98 103 110 120 130 142 148 151 154 139 120 105 90 61 55 51 50 47 44 46 46 51 65 63 60 56 50 51 51 48 44 44 40 41 44 43 48 52 56 54 57 54 54 54 54 56 59 62 62 59 72 74 75 78 85 73 53 53 53 49 48 50 50 47 48 48 49 49 50 51 46 47 48 51 53 55 58 64 73
108 104 102 101 96 95 92 93 92 90 88 80 78 75 66 82 88 95 104 113 124 132 143 151 154 160 151 137 109 85 64 57 55 54 49 49 52 54 50 61 71 68 59 50 49 51 51 51 50 47 46 48 48 58 58 62 57 57 51 51 51 53 54 58 56 61 68 66 65 69 72 78 83 69 54 51 49 50 51 51 51 49 52 50 50 50 53 47 47 48 52 54 54 59 72 85
110 107 104 102 101 98 98 95 93 90 90 90 90 84 65 77 70 92 107 113 127 137 143 153 159 162 159 151 121 93 65 60 57 48 52 55 55 58 59 53 72 68 60 52 48 48 50 52 53 50 49 50 52 58 58 52 52 49 48 48 48 50 53 56 63 71 66 62 62 68 67 69 77 74 61 57 54 54 54 52 50 52 52 52 50 53 53 46 49 47 48 49 51 53 61 95
110 113 114 109 102 102 101 99 96 93 91 93 93 87 65 65 71 102 110 118 129 137 146 153 162 166 164 158 134 93 69 64 57 52 57 56 59 63 62 59 58 68 59 50 46 46 47 49 50 47 49 52 55 58 55 49 48 45 45 46 48 50 56 65 74 69 62 59 60 62 65 69 75 77 77 81 65 70 59 54 52 54 54 53 51 51 49 45 48 48 48 50 52 53 55 62
110 113 116 105 97 103 103 100 99 96 93 92 93 86 62 68 80 76 83 107 119 138 148 156 164 171 169 164 127 87 73 69 65 49 56 61 64 61 61 62 56 65 54 46 43 43 44 44 47 47 47 49 49 52 47 46 44 43 45 48 51 57 59 62 62 59 59 56 58 63 69 72 73 77 80 76 80 81 83 65 57 56 55 54 53 53 47 45 46 48 49 53 55 56 57 59
116 119 130 112 91 101 103 100 94 97 95 91 92 89 67 63 59 58 62 70 86 129 145 155 161 170 173 169 150 96 80 75 53 58 64 62 61 61 62 64 62 57 51 43 43 41 41 43 47 50 46 46 49 46 43 43 42 44 51 57 61 61 53 56 56 52 53 59 59 63 69 70 77 83 77 71 72 75 78 82 72 67 57 52 50 48 47 45 46 48 52 54 57 60 60 62
124 132 118 105 87 101 103 97 74 92 96 84 69 63 61 69 88 92 76 67 92 116 145 152 161 168 173 173 172 128 102 82 57 61 67 64 62 62 64 65 62 56 49 43 43 40 39 44 50 50 44 46 46 46 42 41 40 48 51 56 58 53 51 50 50 56 60 69 65 66 66 72 77 80 80 73 67 71 75 78 86 91 64 51 50 50 47 45 46 48 52 56 59 62 64 65
90 112 113 90 86 105 104 89 69 74 83 68 63 66 63 89 89 78 66 78 108 105 118 129 146 163 168 171 173 166 128 94 64 55 70 67 64 62 62 59 53 52 46 43 42 40 39 41 46 44 43 43 43 43 42 39 41 45 48 52 54 48 47 50 53 59 66 66 63 63 66 69 74 74 67 68 77 79 81 80 80 80 70 52 52 49 45 45 46 49 53 57 61 65 67 70
80 113 116 82 90 88 90 70 67 65 67 73 60 71 90 93 92 63 67 92 92 69 58 82 139 155 159 160 165 166 129 57 46 49 64 70 64 60 57 52 49 52 47 42 42 40 39 40 46 42 41 42 40 41 40 39 42 48 50 50 48 45 50 56 57 60 66 63 60 63 69 69 69 66 66 71 80 81 85 78 75 75 75 52 51 49 48 45 46 49 55 59 63 65 71 74
73 100 96 79 79 74 72 70 69 74 92 79 77 62 87 95 95 75 67 63 69 51 56 82 132 88 111 157 159 137 149 86 59 50 52 70 64 57 52 47 46 49 46 42 40 40 39 39 37 37 39 40 38 41 37 39 42 45 45 48 45 47 50 53 56 63 64 59 59 63 63 60 62 64 74 77 74 75 78 72 68 77 70 52 51 53 51 45 46 51 57 62 66 67 74 77
65 77 72 62 75 88 73 88 67 89 96 87 80 70 64 81 95 100 87 61 87 80 47 64 66 58 104 139 121 100 152 141 67 49 43 61 60 48 48 46 46 44 43 40 36 39 39 39 37 36 37 35 36 36 35 38 39 39 45 47 43 47 50 53 56 60 60 57 61 60 57 59 64 71 72 70 67 71 70 64 65 71 70 54 52 51 48 45 45 50 55 60 62 69 77 74
61 62 75 77 87 106 79 84 89 98 96 93 82 88 64 72 84 96 96 91 104 100 49 46 49 58 79 107 114 127 136 130 72 41 41 69 60 51 45 43 43 40 40 37 33 35 36 36 34 34 35 34 34 35 37 38 38 39 39 41 45 47 52 56 57 56 56 58 56 56 60 63 63 66 67 66 64 68 64 67 62 62 65 55 54 51 48 47 44 49 53 60 64 69 72 76
55 70 94 93 102 98 95 90 101 99 97 95 88 90 80 70 87 90 93 96 100 101 93 67 54 73 101 111 114 126 109 78 47 38 46 74 57 48 45 43 41 40 39 36 32 32 30 32 33 33 33 38 40 36 38 39 42 42 46 46 47 50 53 56 53 53 56 53 55 59 63 63 61 62 60 62 73 66 64 67 58 56 53 52 50 48 48 47 47 49 55 60 64 67 75 73
65 103 104 96 115 104 104 98 101 99 96 95 92 90 90 82 82 87 90 91 95 98 101 104 90 104 112 114 117 116 71 53 40 48 74 83 60 52 46 46 44 41 38 35 32 32 33 36 36 37 40 45 45 38 39 41 42 45 48 50 50 53 54 52 52 54 52 52 56 62 63 60 61 63 60 63 64 61 63 63 57 56 54 53 51 50 49 51 47 51 56 61 64 64 71 74
77 117 107 107 112 109 104 101 101 99 96 95 92 91 90 87 87 85 87 87 93 98 96 98 101 107 110 115 119 113 75 59 79 109 110 89 65 57 53 49 46 42 38 35 32 33 32 33 38 43 43 45 48 45 42 42 45 45 48 52 53 50 50 53 53 52 50 53 57 58 60 58 61 65 60 63 59 68 70 78 69 62 59 55 53 51 49 51 47 51 55 60 64 67 73 74
86 108 104 118 112 110 105 101 99 98 96 94 93 91 90 87 87 85 87 85 87 95 95 95 101 104 107 110 116 125 126 113 108 103 97 92 74 56 53 50 46 40 38 35 33 33 33 33 40 42 45 48 48 51 51 50 47 50 48 47 47 47 51 54 52 50 53 55 57 55 57 60 62 61 57 62 65 63 72 78 75 63 58 55 53 51 50 51 48 51 53 60 69 77 81 83
80 103 104 121 115 110 105 101 99 98 95 93 93 91 90 88 87 84 84 87 86 87 93 93 101 107 107 110 113 118 126 126 108 94 90 83 81 78 65 49 44 38 36 35 33 33 33 33 38 41 43 48 51 51 51 51 53 54 46 45 47 53 56 52 49 52 55 55 55 53 58 61 57 56 63 60 63 64 67 74 78 68 58 56 53 53 51 53 49 51 54 60 70 70 79 86
108 115 117 118 115 109 105 99 98 96 93 92 90 90 90 90 87 84 84 84 86 87 90 90 97 103 106 107 110 118 121 122 119 110 106 106 106 98 93 86 60 40 37 35 33 33 33 33 35 43 43 45 48 48 48 50 53 48 44 46 50 56 53 47 50 55 55 55 55 56 55 55 58 61 66 70 72 73 75 79 79 75 62 57 55 53 54 54 51 52 55 60 69 78 84 89
115 111 129 118 115 109 106 98 96 94 92 90 89 90 89 87 85 84 84 84 84 87 87 89 93 99 100 101 103 108 112 113 111 111 109 106 101 92 84 84 62 41 39 36 34 33 33 33 33 38 44 45 45 45 48 48 45 43 45 50 50 47 47 47 52 57 52 50 52 52 52 59 61 63 66 69 71 71 74 78 70 75 65 58 56 55 56 58 58 54 61 69 71 78 84 87
105 102 118 107 106 112 108 98 96 93 90 88 87 88 87 87 84 84 84 82 83 90 90 89 90 94 96 99 98 101 104 105 105 106 106 103 96 89 82 67 47 42 39 38 36 33 33 36 35 35 38 45 45 45 47 45 42 44 48 53 47 46 44 47 52 55 52 48 48 50 55 58 62 65 66 66 67 69 70 73 67 65 63 61 58 58 58 59 65 62 64 68 70 73 77 84
82 99 112 101 97 109 107 100 96 94 90 87 86 85 87 87 85 84 84 82 84 92 91 89 90 93 95 95 95 98 101 104 105 104 100 98 94 89 80 60 49 45 42 39 36 36 34 34 35 35 36 40 45 45 45 42 43 46 50 50 47 44 44 47 49 47 47 47 50 55 60 65 66 66 63 63 66 68 67 67 62 62 68 65 64 62 61 61 67 64 64 65 67 70 76 81
73 97 110 98 92 103 106 100 96 96 102 93 87 84 85 84 84 84 84 83 84 90 90 89 89 91 93 95 98 101 103 101 104 104 100 96 92 83 73 57 51 48 45 45 39 36 36 36 36 36 36 39 42 46 45 42 45 47 50 46 44 43 45 47 46 45 45 47 52 55 58 61 59 58 63 67 68 67 64 65 60 62 65 64 64 64 61 62 63 61 64 65 68 71 75 80
84 98 108 101 89 97 111 103 99 98 101 103 98 87 87 90 84 82 83 84 84 87 89 90 90 92 93 95 98 101 104 104 104 104 101 97 88 77 68 60 54 51 49 48 45 42 36 36 38 38 38 38 41 43 43 41 44 46 47 45 43 46 47 44 43 43 45 48 50 52 52 53 57 60 66 68 67 62 64 64 58 61 63 61 63 60 57 59 64 64 65 66 69 71 76 78
82 89 98 97 86 101 112 106 100 98 98 104 107 95 94 87 84 84 84 87 87 87 89 92 92 93 95 98 98 102 107 107 107 105 102 100 86 77 73 67 60 57 52 49 46 42 38 38 39 41 40 41 42 42 42 42 43 44 43 43 43 46 44 43 43 45 47 47 48 49 50 52 53 57 59 64 61 58 60 60 57 59 61 60 59 55 59 61 64 67 69 69 71 73 74 77
88 86 85 83 84 109 108 101 98 99 101 107 107 98 95 93 86 84 85 87 89 91 93 93 96 98 98 101 101 104 109 110 108 108 105 97 89 86 83 78 68 61 55 52 49 44 39 39 39 44 44 41 41 41 41 41 42 43 43 41 43 43 41 43 45 47 46 46 47 48 51 51 53 56 56 56 56 55 54 54 54 57 58 57 56 58 59 62 64 66 68 69 71 72 76 79
84 84 81 80 86 114 103 98 93 98 104 112 104 95 93 93 87 84 90 90 92 95 96 95 98 101 103 104 107 109 118 118 118 115 110 102 98 96 98 93 75 67 61 57 52 44 42 41 41 42 44 44 42 41 41 41 43 42 41 42 43 40 43 45 46 45 45 47 53 57 60 55 59 56 59 56 56 54 53 52 52 52 52 55 58 61 64 65 66 64 66 71 74 76 78 77
84 84 80 80 79 91 98 97 91 92 101 107 98 94 93 90 87 87 90 93 94 99 99 97 101 105 108 109 114 123 127 125 132 128 127 130 120 115 114 103 87 76 67 62 55 49 47 44 44 44 44 43 44 44 43 42 42 41 41 41 40 40 44 44 43 43 46 48 51 57 64 61 63 63 59 58 56 54 51 52 52 51 53 57 58 61 61 63 62 59 63 67 72 75 76 75
87 87 80 78 77 77 99 98 90 89 95 110 103 101 95 91 90 91 93 93 96 102 103 103 104 106 121 119 121 133 134 134 143 143 143 144 142 131 129 110 98 89 78 71 63 57 54 47 46 44 44 44 44 44 46 44 43 43 41 41 40 40 43 43 43 46 47 50 53 56 63 63 61 64 59 54 51 54 52 50 50 49 52 55 56 57 59 61 60 58 61 64 68 71 73 74
87 88 83 79 77 76 86 101 92 86 93 101 107 100 93 90 91 90 87 91 93 104 107 109 110 113 122 127 133 139 139 146 163 171 161 156 162 145 132 115 107 105 90 80 71 65 62 53 50 48 48 47 45 45 47 48 45 43 43 43 43 43 42 42 43 49 53 50 56 60 56 59 59 62 61 54 51 54 54 49 48 49 49 52 53 56 59 57 56 56 58 61 64 68 71 69
87 84 88 85 81 77 77 101 92 83 86 95 113 101 95 90 84 83 87 96 96 106 113 113 116 122 130 139 143 150 147 150 159 186 171 169 169 170 162 141 130 133 115 95 83 73 67 60 56 51 50 48 47 46 46 46 46 46 43 43 43 42 43 43 43 46 47 49 53 53 53 56 56 56 54 52 47 51 54 50 50 47 48 50 53 53 56 53 54 52 54 58 62 63 67 66
87 84 85 91 88 86 80 89 80 77 82 92 101 98 91 87 81 82 89 102 106 110 119 119 125 133 133 135 144 166 167 158 160 164 167 177 188 237 221 170 135 127 126 119 99 83 73 70 63 60 56 52 49 47 47 46 46 44 43 44 43 43 43 43 43 46 46 46 49 50 56 56 57 56 52 49 46 47 47 47 47 47 48 50 49 51 53 51 50 51 54 56 58 61 64 61
