data/bioclim/bclim19.asc
NCOLS 300 
NROWS 196 
XLLCORNER -121.25 
YLLCORNER 31.1666666666667 
CELLSIZE 0.0416666666666667 
NODATA_value -32768 
[rows 96 to 143 of 196, columns 192 to 287 of 300]
87 85 87 100 93 88 79 77 80 77 80 89 92 91 86 80 80 79 82 103 106 110 123 130 133 135 140 143 149 159 167 159 161 163 164 173 182 215 215 168 133 121 122 117 101 89 82 79 73 67 62 57 54 50 49 47 46 44 43 42 42 43 46 46 46 43 45 47 50 52 56 54 49 46 46 44 44 46 47 47 47 47 47 48 48 49 48 48 52 56 56 53 53 56 57 56
87 86 86 94 97 87 80 81 79 80 83 92 92 88 80 76 78 80 81 91 98 113 128 143 148 143 149 154 152 152 157 159 161 159 164 167 160 163 172 170 136 122 119 112 104 97 89 82 76 70 67 63 57 54 50 49 47 45 44 42 42 42 43 45 46 46 46 46 49 52 58 52 52 44 42 46 49 49 47 47 47 44 45 45 45 45 48 52 55 56 53 51 51 54 51 49
88 89 91 102 98 93 84 80 80 83 83 98 95 82 77 74 75 76 78 84 95 112 130 142 156 162 159 157 155 155 153 155 162 158 158 164 165 159 152 158 136 129 120 114 111 101 95 91 80 74 70 67 62 57 53 50 48 46 45 43 42 42 41 42 42 43 49 49 49 53 53 46 46 42 42 44 47 47 44 44 43 44 44 44 45 48 48 50 53 52 50 48 48 49 48 48
95 89 94 100 99 102 92 83 80 80 77 81 81 78 78 76 76 76 78 82 91 113 135 142 166 171 163 159 155 154 152 154 162 162 163 165 162 158 149 145 140 132 125 120 114 107 101 94 86 81 76 71 66 61 57 53 50 48 46 44 42 42 41 41 41 42 43 49 49 48 51 42 42 42 42 44 45 43 42 44 44 44 47 45 46 45 47 49 48 50 48 45 45 48 48 50
94 91 91 94 99 102 100 89 86 89 85 76 75 78 80 80 82 81 80 82 89 108 129 143 149 161 166 162 154 154 155 158 164 167 168 170 165 158 156 151 148 141 133 126 120 114 107 100 92 88 82 76 72 66 60 56 52 50 47 45 44 42 42 41 41 42 46 46 45 45 42 42 42 42 44 43 42 42 44 44 47 46 44 44 46 45 46 46 45 45 45 48 48 50 50 52
91 92 93 96 105 105 105 96 98 101 92 80 76 78 86 92 94 90 83 83 86 99 125 143 144 154 167 166 161 158 150 156 168 172 170 173 163 159 160 154 152 152 145 138 127 120 114 107 99 94 86 82 76 71 65 60 56 53 50 47 44 42 42 42 43 45 44 45 42 42 42 42 45 45 42 42 42 42 44 44 44 44 43 44 45 44 45 44 45 45 45 45 47 49 51 52
96 97 96 97 105 105 113 107 108 99 93 83 79 76 77 86 106 100 92 84 84 88 103 118 125 143 155 158 155 156 151 156 171 171 173 173 163 162 164 162 157 153 151 145 138 127 120 114 107 98 91 85 79 76 70 63 59 56 52 47 45 43 42 44 45 44 42 42 42 42 45 47 48 45 42 42 42 45 47 47 44 41 44 45 44 44 42 44 45 45 48 48 48 48 50 53
100 104 103 101 105 112 124 120 120 107 93 88 82 79 77 78 90 102 97 87 80 82 86 93 111 128 143 154 154 146 139 157 173 169 170 168 164 166 171 172 165 159 153 151 149 141 129 120 114 107 97 91 85 80 75 69 63 58 53 50 47 44 43 44 43 42 42 42 43 44 45 45 45 43 42 42 44 45 44 42 42 44 44 42 42 42 42 43 46 50 50 53 51 50 53 56
107 108 114 106 108 115 129 141 126 112 98 93 87 82 79 78 78 81 90 83 80 81 82 86 95 100 115 136 132 118 136 156 168 172 171 171 167 170 169 171 171 176 164 157 154 149 143 128 121 112 104 96 90 85 79 72 66 63 58 55 50 47 45 45 45 45 45 44 43 44 44 44 44 42 42 43 42 42 42 41 41 41 41 41 41 42 44 45 48 52 56 59 59 57 59 59
119 113 116 116 111 123 131 126 123 108 98 94 90 86 81 79 77 77 79 81 81 81 81 83 87 92 102 107 109 115 145 135 160 162 161 174 170 170 169 171 172 178 165 161 160 154 148 138 124 118 110 101 96 90 85 77 72 67 63 59 56 53 50 48 47 45 45 45 44 44 44 44 44 44 44 43 42 42 42 42 42 41 41 44 44 44 46 46 50 52 54 57 56 56 56 53
116 121 116 111 111 127 136 126 112 107 105 98 92 87 84 82 79 78 78 80 80 80 83 84 85 88 94 101 107 137 119 123 135 139 152 159 163 174 172 172 174 177 174 169 167 159 152 145 131 121 114 107 100 96 96 86 77 72 69 63 60 57 56 53 51 49 48 48 46 46 45 44 44 44 44 43 43 43 44 44 46 47 44 44 44 46 47 48 49 50 53 56 56 53 51 50
116 113 107 109 115 128 133 137 125 111 104 101 95 90 85 85 88 81 79 80 82 84 87 90 90 93 99 101 93 104 113 111 120 126 134 136 165 177 176 174 175 177 177 176 173 166 157 150 141 130 120 113 107 100 96 89 89 78 73 69 64 62 60 58 56 53 53 52 51 50 48 48 46 46 46 45 43 45 44 44 45 47 45 46 46 46 46 46 47 49 53 53 53 50 48 49
101 101 106 116 122 125 128 133 125 119 107 99 95 91 88 87 91 87 80 80 84 88 97 101 101 106 114 104 92 96 110 105 108 114 121 136 162 171 177 177 177 180 183 179 185 169 159 153 145 138 128 120 113 105 99 93 98 85 79 74 70 66 66 63 60 59 58 57 55 53 52 51 50 50 48 46 45 44 44 46 46 45 47 47 46 46 46 46 47 50 52 50 49 47 47 49
98 102 107 113 124 125 128 128 119 126 124 113 99 94 90 89 92 87 82 82 84 88 95 113 121 149 149 107 93 90 98 99 102 137 148 124 144 167 175 177 178 180 185 182 182 174 164 156 149 143 137 127 119 113 107 100 97 90 85 80 76 73 70 68 67 65 63 62 60 58 56 53 53 52 50 47 47 45 47 46 45 45 45 46 46 46 46 46 47 48 50 50 47 47 49 48
101 108 111 119 123 125 125 115 110 119 121 115 106 98 95 93 96 90 85 85 86 89 96 107 128 177 182 142 102 92 92 95 96 115 115 120 153 162 174 180 182 180 181 182 182 173 167 162 153 148 140 132 125 119 113 108 103 96 90 87 83 79 76 73 70 70 70 67 64 63 60 57 56 53 50 50 47 47 46 47 45 45 46 46 49 48 46 46 49 50 48 47 46 46 46 46
105 107 110 119 123 126 120 113 113 118 116 115 116 104 101 104 103 96 91 88 89 93 98 110 126 167 199 182 119 99 94 94 98 104 102 108 119 150 168 179 182 182 181 181 179 173 170 166 160 152 146 139 133 125 119 115 109 106 97 94 89 86 82 78 74 74 74 74 70 67 65 62 59 56 54 52 50 47 49 47 47 47 47 49 48 46 46 48 48 47 47 46 45 44 44 44
106 105 112 114 115 118 111 104 106 109 112 115 115 113 107 119 147 112 103 94 95 99 102 110 123 158 187 177 145 110 100 96 99 105 100 108 114 150 176 183 188 185 185 186 183 177 174 168 162 157 151 145 139 131 125 120 115 110 104 100 96 91 88 84 80 77 74 74 71 71 70 66 63 60 57 54 52 50 52 50 49 49 48 48 48 48 48 47 49 47 46 46 45 46 46 46
102 109 112 112 112 112 105 102 109 113 113 113 114 110 110 128 150 134 117 108 115 111 109 110 117 144 168 160 157 140 110 105 98 99 109 116 125 155 184 186 188 185 185 189 185 181 179 175 170 164 157 150 144 138 131 125 121 115 110 107 102 98 95 91 87 83 80 77 74 71 70 67 66 62 59 55 54 55 55 53 52 52 52 51 50 52 49 48 48 47 47 46 46 46 45 45
110 111 111 109 99 104 106 106 115 118 125 126 114 111 115 141 157 142 130 126 135 126 118 114 117 130 136 145 150 154 145 134 106 101 111 118 128 161 185 179 186 186 189 190 187 187 183 181 177 171 163 158 152 143 136 129 124 120 115 113 108 106 102 98 94 88 85 81 77 76 76 72 69 66 62 59 56 58 58 56 55 56 55 55 53 53 53 51 53 53 50 48 47 46 47 46
106 107 105 102 96 98 101 109 114 117 120 136 129 112 118 151 173 166 146 165 155 168 146 122 118 134 128 125 130 135 143 151 134 109 109 115 127 156 169 190 195 195 199 196 194 193 190 185 179 176 171 164 160 153 144 137 129 126 122 121 115 113 109 105 98 96 91 88 84 81 79 78 72 69 62 58 58 60 62 60 64 62 60 58 57 56 56 55 56 56 53 50 48 47 47 49
96 101 107 99 90 98 113 117 113 114 117 119 125 116 120 134 162 176 165 185 195 187 159 130 124 132 127 124 125 137 148 168 185 140 116 119 135 163 192 196 192 193 202 204 203 200 196 192 187 183 178 171 168 161 154 148 140 135 129 127 124 120 115 111 107 102 98 95 91 87 82 79 75 71 66 62 61 63 68 67 67 70 66 63 63 60 61 60 61 59 53 53 51 49 49 49
92 101 93 90 104 110 119 121 119 120 120 116 119 118 121 128 153 147 180 201 213 201 165 135 128 121 121 122 123 132 142 164 187 166 133 127 154 161 182 187 176 193 206 204 205 202 199 190 194 192 186 178 176 169 165 158 151 142 139 135 132 126 121 115 113 109 105 102 98 94 89 85 80 78 73 69 66 68 70 73 76 81 78 71 72 71 68 67 64 58 56 54 51 51 50 51
88 84 89 92 110 113 121 121 121 124 127 124 121 121 124 127 130 138 175 208 208 203 185 145 129 128 119 120 123 131 140 155 170 181 163 132 153 161 158 178 192 198 197 194 202 177 178 172 182 190 191 185 184 180 175 169 160 152 150 146 140 134 129 122 119 116 114 110 107 103 97 94 90 87 80 76 76 73 79 80 81 83 88 88 84 77 74 71 67 64 60 57 54 55 52 52
85 82 84 96 103 112 117 117 121 132 143 141 130 126 127 128 126 135 145 176 192 177 160 141 134 126 123 120 125 135 143 151 169 193 209 162 140 147 162 183 197 200 194 182 182 172 175 166 167 174 180 168 178 179 178 175 166 165 160 155 149 141 134 130 127 124 124 120 117 110 106 104 100 96 89 83 86 86 84 87 89 88 91 95 84 81 78 77 73 67 63 60 56 53 54 54
97 103 90 95 105 116 121 116 118 130 152 142 135 135 137 131 126 131 130 153 189 171 149 133 120 124 125 123 126 139 147 160 177 195 211 188 148 142 157 180 188 182 180 178 174 162 159 163 171 179 175 163 161 165 167 171 172 170 164 163 159 153 150 144 138 138 135 133 130 121 118 117 107 107 100 94 98 100 97 97 94 98 103 103 94 89 85 85 82 74 66 60 57 54 53 52
88 97 100 98 105 111 113 114 116 131 150 145 139 145 148 136 126 126 128 147 181 197 178 138 120 119 122 126 126 134 148 158 179 196 192 180 168 142 152 156 168 171 165 165 166 167 165 158 156 161 167 160 157 170 168 163 162 172 156 154 155 157 155 147 141 138 132 131 132 131 134 129 121 122 111 104 106 107 106 108 112 112 110 109 107 99 95 99 93 80 71 63 59 56 55 52
87 95 96 99 103 108 117 123 124 119 136 152 152 171 158 136 126 127 135 161 215 230 197 154 131 121 119 127 133 141 148 167 180 165 153 160 158 139 167 183 173 161 159 161 167 168 164 158 153 160 153 146 142 152 154 161 162 165 162 150 147 157 157 146 134 131 129 125 129 132 136 136 129 125 125 124 119 116 122 126 129 131 133 131 124 113 111 113 105 92 82 70 61 57 55 53
84 88 92 97 100 105 108 114 117 116 116 128 138 152 149 138 132 128 142 166 198 219 217 225 152 122 125 131 141 146 157 182 184 151 147 146 143 141 169 186 191 198 176 165 165 166 164 163 151 151 150 153 155 149 152 157 161 162 162 154 146 147 159 149 145 127 123 127 124 128 132 139 128 120 125 126 126 126 132 142 146 151 149 147 142 132 131 129 125 110 97 78 63 58 55 55
84 87 92 95 98 100 102 105 108 109 110 113 121 132 144 135 141 133 145 158 185 179 216 221 166 122 128 128 141 149 154 171 183 162 152 147 137 148 170 192 196 210 213 170 159 159 161 153 149 151 153 155 162 157 159 153 156 161 163 154 144 138 155 149 132 126 134 123 125 123 127 129 120 122 117 118 124 131 137 152 160 159 158 156 154 155 152 152 150 130 103 88 73 60 54 53
85 85 89 92 94 97 101 102 103 105 105 108 112 114 121 118 123 133 143 140 164 142 155 166 165 128 120 123 136 152 170 175 181 164 176 165 137 139 152 175 192 195 217 183 163 155 156 147 162 160 168 157 153 158 155 148 157 158 158 151 141 141 145 145 134 120 123 131 122 120 118 122 120 122 120 120 124 128 142 157 168 169 163 159 155 158 158 165 166 150 123 100 80 68 58 63
85 86 89 89 91 94 99 99 99 101 101 103 103 103 112 123 139 139 126 126 134 127 130 137 134 125 116 126 141 167 189 176 191 173 161 172 133 136 149 169 178 194 217 199 165 155 151 153 164 164 178 170 156 166 170 159 145 158 152 146 135 137 145 138 136 125 116 123 134 130 110 121 119 120 131 148 145 145 146 162 169 162 155 159 154 154 156 165 165 155 134 116 108 111 92 85
79 79 85 88 89 89 92 95 96 97 98 96 98 107 117 129 143 137 129 123 124 121 121 127 125 118 116 126 142 173 164 163 182 179 163 157 130 135 146 161 173 198 221 199 181 162 151 155 172 186 180 174 163 163 173 169 147 151 153 150 136 132 143 141 130 123 117 119 128 137 112 111 115 122 130 149 140 143 157 146 135 140 162 164 162 156 159 162 162 159 146 134 141 142 129 103
76 79 80 83 86 88 92 94 97 97 95 94 94 101 110 119 129 136 139 127 121 119 115 113 116 113 119 126 137 150 161 163 166 168 183 161 131 131 145 164 186 208 203 199 178 163 150 160 174 191 188 181 175 176 178 165 150 154 153 143 133 128 144 141 141 127 117 123 129 132 116 110 117 125 121 129 134 133 149 130 126 162 176 171 168 169 176 185 175 168 157 151 151 150 145 125
77 77 79 82 85 89 92 97 100 101 99 98 96 95 102 108 118 123 126 127 124 115 106 106 113 122 120 123 129 149 170 151 174 176 178 173 153 134 135 155 182 199 190 189 194 163 148 153 167 184 196 194 184 181 188 168 152 168 157 148 140 130 147 142 143 139 123 125 130 134 118 110 113 121 116 116 124 141 136 116 124 150 167 167 170 175 190 205 199 178 167 154 147 146 142 131
84 82 80 82 85 90 96 99 101 103 104 103 100 94 96 103 108 113 117 121 118 112 106 103 115 112 115 123 120 130 143 137 162 180 168 173 168 153 132 139 171 185 185 193 203 163 148 151 161 169 174 181 184 178 186 192 153 163 165 157 147 134 143 144 142 129 125 137 137 136 119 111 113 113 116 125 138 141 125 113 125 151 170 169 172 179 191 195 204 181 164 153 148 139 133 129
98 83 80 81 85 92 90 91 93 95 95 95 95 92 91 97 100 102 106 107 110 107 103 100 105 105 107 112 115 121 125 127 145 156 157 154 156 153 139 129 155 185 182 181 197 178 150 148 157 171 173 172 167 187 183 198 178 147 159 162 152 135 129 132 125 128 136 133 129 132 122 117 116 113 122 124 130 127 119 122 129 129 146 152 164 171 178 182 177 169 159 151 149 141 127 127
78 79 80 82 83 83 83 85 86 86 86 88 89 89 89 91 93 94 95 97 101 101 96 93 97 99 102 106 107 111 115 126 134 144 150 141 137 128 125 144 176 168 162 193 205 193 155 143 147 156 179 170 170 186 193 206 197 148 136 138 134 125 118 125 129 119 125 122 119 119 116 116 121 122 119 126 120 115 112 115 121 130 137 158 167 162 159 159 160 158 153 141 132 129 125 127
76 79 83 85 83 83 82 80 82 82 82 82 84 83 86 87 87 87 88 89 89 89 90 87 90 95 96 98 103 105 111 120 128 139 144 136 127 117 119 147 173 155 155 188 210 201 175 152 141 146 161 161 162 156 170 189 171 156 129 132 134 119 126 134 144 133 134 132 131 131 116 116 121 124 116 122 115 115 125 122 147 156 161 164 157 152 150 154 151 146 137 128 121 115 117 129
73 79 84 88 87 87 83 80 79 79 79 79 80 79 82 83 82 82 81 81 81 80 81 82 87 89 91 94 98 100 105 112 120 135 139 132 121 111 111 136 151 138 152 185 201 208 189 163 150 137 140 144 145 143 149 160 154 142 128 130 124 126 136 150 152 151 147 143 145 138 136 122 116 116 121 123 133 135 136 136 140 143 151 151 145 152 160 153 147 138 130 122 118 116 114 118
70 73 79 85 89 90 84 80 77 77 77 77 77 76 79 80 79 78 77 75 74 74 75 77 79 82 85 88 91 93 97 102 107 121 149 128 115 106 106 119 126 139 152 168 186 206 212 186 164 150 135 135 136 136 136 143 145 133 128 127 127 133 140 163 166 157 156 155 147 149 141 138 127 121 124 134 131 134 135 134 133 133 138 139 145 149 151 147 143 131 122 125 135 148 143 131
67 72 77 76 76 78 80 81 82 76 74 74 74 75 79 84 86 86 74 70 69 69 71 73 74 77 81 83 86 88 89 91 94 102 141 123 107 99 102 113 122 138 143 141 167 188 197 203 157 145 161 149 136 133 130 131 139 133 127 134 142 142 142 159 160 143 155 161 155 158 152 145 144 139 130 124 131 130 128 129 128 129 134 139 152 157 150 147 137 125 129 144 146 151 154 142
64 66 73 74 71 71 73 73 72 73 72 71 71 74 80 101 110 87 70 66 62 62 65 68 70 73 76 79 85 84 84 84 86 90 104 115 102 94 97 110 120 119 125 132 154 158 146 161 137 150 179 166 145 138 134 137 139 154 151 140 158 152 142 152 152 135 142 151 158 155 154 153 143 140 143 130 131 131 127 127 126 126 128 133 144 146 134 128 131 129 142 148 155 160 148 127
61 61 63 67 71 68 68 68 68 68 70 69 69 72 77 90 115 87 65 60 56 54 58 61 66 69 72 73 76 86 86 80 80 82 85 91 93 94 92 97 107 112 117 127 137 147 162 152 160 169 179 180 156 156 145 155 146 151 155 167 177 155 140 137 146 130 127 138 148 140 135 139 132 133 134 141 132 129 128 125 125 123 127 133 132 127 130 131 128 124 129 139 144 146 138 121
59 60 60 62 65 65 65 65 65 67 67 67 66 69 72 79 97 75 62 56 49 49 52 58 62 66 69 71 71 75 78 78 76 76 78 80 80 85 100 107 118 135 125 127 135 151 162 174 177 195 197 189 179 167 156 163 149 139 146 163 175 158 143 129 128 124 120 124 127 124 123 125 128 127 131 141 142 135 137 132 131 127 127 130 125 125 124 126 123 117 113 115 118 119 120 111
57 59 59 60 62 65 65 64 64 64 64 64 64 65 66 70 73 64 57 50 46 45 49 54 60 63 66 67 68 70 73 73 73 72 73 74 77 85 104 116 122 126 126 138 141 167 183 178 185 201 208 198 177 158 160 175 155 141 141 160 157 153 139 128 121 117 115 117 121 120 119 119 121 125 128 135 142 150 143 138 130 130 125 125 122 126 132 134 121 114 113 119 122 125 116 113
57 57 57 60 65 68 64 65 61 61 61 61 61 61 61 61 60 56 52 48 45 44 47 53 57 60 63 64 67 70 70 70 69 70 70 70 73 78 85 93 101 109 125 171 164 168 171 180 186 202 204 187 178 165 172 189 168 144 137 151 140 140 137 128 120 117 113 113 117 115 118 116 116 121 117 119 127 136 147 148 136 131 129 124 122 123 127 129 124 115 110 119 130 131 118 118
57 57 57 57 62 62 60 60 58 59 59 59 58 58 58 57 55 52 49 47 44 44 47 50 54 58 60 64 66 68 70 70 69 68 67 66 68 71 77 84 93 100 109 127 150 147 153 162 172 176 194 194 192 178 167 181 154 147 138 139 135 130 126 125 121 116 113 111 113 116 117 117 119 123 122 119 120 117 125 140 149 141 134 126 120 120 120 121 124 115 108 115 121 122 120 115
57 57 56 56 56 57 57 56 56 56 56 55 55 55 54 54 52 50 48 48 52 53 51 50 54 57 61 70 79 79 70 67 66 65 65 64 64 65 70 78 87 96 104 115 122 131 146 148 156 160 169 181 197 196 188 181 185 174 156 145 134 129 126 124 121 117 114 112 115 120 117 117 120 124 126 123 118 116 117 119 144 156 146 131 123 123 121 118 117 110 105 113 119 120 119 116
