data/bioclim/bclim7.asc
NCOLS 300 
NROWS 196 
XLLCORNER -121.25 
YLLCORNER 31.1666666666667 
CELLSIZE 0.0416666666666667 
NODATA_value -32768 
[rows 82 to 122 of 196, columns 0 to 92 of 300]
252 261 268 270 274 282 295 301 303 308 319 330 338 344 350 354 354 351 358 363 363 359 352 351 363 366 367 366 364 361 363 360 357 357 356 355 355 356 354 355 354 353 353 352 351 350 350 349 349 349 349 349 350 350 351 352 353 353 351 349 346 336 326 301 284 310 334 315 285 282 279 293 296 315 311 300 300 312 322 350 380 383 385 392 398 397 393 386 362 350 346 363 381
256 254 262 275 276 278 284 298 303 301 308 318 333 340 348 352 354 355 352 360 364 365 365 362 360 366 366 365 364 361 360 360 358 357 356 356 356 355 355 355 354 353 354 353 351 351 350 350 350 350 349 349 349 351 351 352 352 353 352 344 344 337 320 299 282 291 321 339 297 278 284 292 307 316 317 304 308 316 331 353 380 390 392 394 395 397 398 393 375 368 361 361 384
256 261 263 261 274 280 283 288 299 300 308 316 326 338 345 350 354 355 354 354 361 364 365 364 359 361 364 364 362 362 360 361 358 357 357 355 356 355 355 355 355 354 353 353 352 352 351 350 350 350 350 350 350 351 351 352 353 354 352 349 340 328 312 293 287 303 332 332 306 285 288 295 303 326 315 324 325 316 331 343 380 394 396 398 398 399 400 398 387 380 368 371 393
240 254 263 263 264 270 280 287 294 299 301 313 322 332 343 348 352 354 354 355 355 361 364 364 362 359 364 364 362 361 360 360 358 357 356 355 356 356 354 355 355 354 354 353 353 352 351 350 350 350 350 350 350 350 352 352 353 352 344 328 335 329 311 290 293 305 318 348 329 305 303 296 311 340 332 343 334 317 336 352 380 395 397 399 400 399 400 399 396 384 378 386 401
234 234 253 259 259 265 267 275 286 300 307 315 324 328 338 345 349 353 354 355 356 356 361 363 359 360 357 362 364 361 359 358 358 358 356 355 355 356 355 355 354 354 353 353 353 352 351 351 350 350 349 350 350 350 351 352 352 352 348 332 335 331 321 315 295 305 327 349 346 326 336 321 330 355 359 357 344 321 321 352 377 396 398 399 398 399 399 399 398 391 392 391 404
205 217 236 260 266 266 269 272 286 298 305 312 320 327 337 342 346 350 352 354 357 358 358 357 356 354 362 362 361 359 358 358 359 357 357 356 355 354 355 355 354 355 354 354 353 353 352 351 350 350 350 350 350 350 351 352 353 351 343 332 338 331 319 296 297 314 341 357 353 353 356 360 359 358 337 317 332 326 323 344 368 394 398 397 398 398 398 395 398 397 398 400 403
196 201 211 227 249 262 270 270 279 291 299 307 315 326 333 338 343 345 349 351 353 355 355 352 349 349 356 360 361 359 358 359 359 357 356 356 356 355 355 355 354 355 355 354 353 353 352 351 351 350 349 350 350 350 351 352 352 350 343 334 338 321 309 294 302 323 352 347 358 359 353 361 347 336 316 308 315 323 338 338 366 391 395 396 395 396 396 394 396 398 398 397 400
-32768 -32768 200 205 215 239 262 272 277 283 292 299 308 317 324 330 336 339 343 346 350 352 354 347 346 346 350 353 358 359 359 357 357 356 355 355 356 354 354 355 355 355 354 355 353 352 352 351 350 349 349 349 350 350 351 352 352 350 343 336 343 327 307 303 323 349 353 332 331 329 320 343 353 329 310 310 320 331 340 357 373 385 391 391 392 393 393 390 385 389 390 395 399
-32768 -32768 -32768 198 201 210 227 251 271 276 282 288 296 304 315 322 328 334 336 340 343 347 350 351 350 346 346 349 353 355 357 357 356 355 356 355 354 353 354 354 354 355 355 354 353 353 352 351 349 348 348 347 348 348 349 350 352 351 343 335 336 315 324 342 335 339 323 316 320 305 307 336 346 336 322 320 334 350 360 367 375 380 383 385 384 381 379 376 376 378 391 397 398
-32768 -32768 -32768 -32768 198 198 206 219 246 264 273 281 287 293 304 313 320 326 332 335 338 340 344 345 349 347 344 341 345 343 344 353 354 354 354 353 354 353 352 353 354 354 355 354 354 353 351 350 349 347 347 347 347 348 348 349 351 353 350 339 324 335 328 328 302 331 315 296 297 296 294 314 333 333 319 332 343 358 365 371 375 364 367 371 377 370 371 375 384 389 394 394 393
-32768 -32768 -32768 -32768 -32768 193 189 200 207 222 258 273 281 284 291 304 311 318 324 326 331 334 339 339 342 344 340 337 335 334 331 336 349 352 352 352 352 352 352 352 353 355 354 355 353 353 351 349 348 346 345 344 345 346 348 349 350 353 351 344 344 331 298 291 298 319 304 290 281 285 300 307 322 326 319 332 347 358 364 368 363 345 359 365 365 357 366 370 370 379 386 388 384
-32768 -32768 -32768 -32768 -32768 -32768 -32768 189 190 201 225 254 273 280 283 291 302 309 315 316 319 326 331 333 336 338 336 335 334 333 328 322 334 346 349 350 350 350 350 350 352 353 355 354 353 351 350 348 347 345 344 343 342 343 344 345 347 349 352 347 336 332 314 292 304 324 319 306 285 287 294 303 323 317 320 330 344 355 361 365 361 352 349 372 371 370 371 369 359 357 371 377 382
-32768 -32768 -32768 -32768 -32768 -32768 -32768 -32768 -32768 185 198 226 261 274 277 280 291 300 304 309 310 306 318 323 329 331 334 332 333 333 330 324 317 325 340 348 348 349 349 350 351 352 353 353 352 350 349 347 345 344 343 341 340 341 342 345 347 349 352 352 349 340 326 318 320 327 322 316 311 305 296 304 330 326 326 335 346 360 370 370 365 372 384 388 384 377 367 365 362 367 372 365 379
-32768 -32768 -32768 -32768 -32768 -32768 -32768 -32768 -32768 170 179 192 219 254 270 277 282 291 298 303 307 308 307 312 316 324 329 325 328 330 331 329 323 312 323 338 344 347 348 349 350 350 351 350 350 349 347 346 345 344 341 340 340 340 341 341 344 347 350 352 350 344 339 331 327 321 312 327 332 330 315 315 332 330 330 347 354 365 376 379 386 388 388 384 375 356 354 355 361 378 380 377 377
-32768 -32768 -32768 -32768 -32768 -32768 -32768 -32768 161 170 172 183 197 215 234 264 276 282 289 295 300 306 307 298 297 314 322 321 320 325 328 329 330 325 309 314 334 341 345 347 348 349 350 350 348 347 346 344 343 342 340 340 340 339 339 340 342 345 347 349 351 352 347 347 346 338 334 340 341 337 324 314 328 336 346 359 360 374 381 385 387 386 380 368 354 353 359 365 372 380 382 382 378
-32768 -32768 -32768 -32768 -32768 -32768 -32768 -32768 164 185 195 198 193 194 212 243 267 273 280 285 291 293 300 304 295 299 311 318 316 319 321 325 327 327 322 309 308 327 338 343 344 345 347 347 349 347 344 342 341 340 339 338 338 337 337 339 340 342 344 346 349 349 350 349 337 315 318 329 331 324 323 318 322 337 338 341 356 378 381 383 381 372 367 359 360 364 367 370 372 377 381 380 377
-32768.000000000000000 -32768 -32768 -32768 -32768 -32768 -32768 -32768 176 181 197 208 198 192 197 213 241 264 264 272 282 289 291 293 299 301 295 306 313 315 315 317 322 325 325 323 314 319 331 338 341 343 345 345 344 342 340 339 339 338 337 337 337 336 336 337 338 340 341 343 347 337 307 324 338 325 316 305 309 314 313 310 313 323 337 349 370 377 379 380 376 372 370 368 370 372 372 372 371 370 377 377 374
-32768 -32768 -32768 -32768 -32768 -32768 -32768 -32768 -32768 175 177 182 182 187 195 203 216 235 248 257 270 277 284 288 291 298 300 295 301 307 308 309 315 320 323 324 322 316 316 328 337 340 342 342 340 338 338 337 336 336 335 335 335 333 334 335 336 337 338 342 337 312 294 296 317 321 312 302 306 313 315 312 309 321 339 359 372 375 378 379 378 376 374 373 374 374 375 374 375 374 369 369 377
-32768 -32768 -32768 -32768 -32768 -32768 -32768 -32768 -32768 -32768 -32768 -32768 -32768 187 190 195 205 216 238 249 259 265 275 283 287 290 295 298 295 299 302 302 302 311 316 319 320 320 317 314 324 334 338 340 341 338 335 335 334 334 332 331 331 331 332 333 334 335 339 340 317 303 303 306 303 305 315 313 313 315 318 306 315 335 355 365 370 373 376 377 377 376 376 377 377 376 375 374 375 377 376 375 378
-32768 -32768 -32768 -32768 -32768 -32768 -32768 -32768 -32768 -32768 -32768 -32768 -32768 -32768 182 186 197 216 231 243 247 253 265 274 278 284 287 292 296 299 301 301 300 292 297 310 315 318 319 316 312 319 329 336 338 335 334 332 332 332 331 330 329 329 331 332 333 334 338 340 333 319 308 311 306 304 305 310 314 316 318 319 335 349 357 364 368 372 375 377 377 377 378 378 379 377 372 373 376 377 378 380 382
-32768 -32768 -32768 -32768 -32768 -32768 -32768 -32768 -32768 -32768 -32768 -32768 -32768 -32768 178 182 193 201 212 231 242 245 252 263 272 277 280 283 286 292 298 301 303 299 293 288 304 310 314 316 314 312 317 330 335 334 334 332 332 331 330 329 328 328 330 331 332 333 335 340 339 336 312 293 287 288 284 294 306 312 318 330 345 355 361 365 369 372 373 376 378 378 379 379 379 378 375 375 376 377 379 380 382
-32768 -32768 -32768 -32768 -32768 -32768 -32768 -32768 -32768 -32768 -32768 -32768 -32768 -32768 175 179 186 196 203 212 228 237 240 252 262 267 275 278 278 275 287 295 298 302 302 292 292 298 302 305 308 308 315 325 328 331 332 331 331 331 330 330 330 329 330 331 331 331 333 336 337 327 312 305 296 291 279 292 301 314 330 339 350 358 363 367 369 370 373 376 378 380 379 379 379 379 378 377 377 378 379 379 380
-32768 -32768 -32768 -32768 -32768 -32768 -32768 -32768 -32768 -32768 -32768 -32768 -32768 -32768 172 176 183 191 199 206 213 226 237 255 261 264 269 274 276 273 265 283 290 295 298 301 302 305 306 298 300 301 304 308 313 320 324 325 325 324 321 321 315 325 329 330 330 331 333 328 312 308 298 288 291 296 298 299 309 322 336 344 351 354 364 369 371 373 375 375 378 379 381 379 379 377 376 376 376 376 377 378 378
-32768 -32768 -32768 -32768 -32768 -32768 -32768 -32768 -32768 -32768 -32768 -32768 -32768 -32768 169 174 180 187 195 202 208 215 227 242 252 260 263 268 272 273 272 263 271 280 287 294 297 301 302 304 305 306 301 296 292 303 309 304 303 308 301 302 298 308 322 325 325 327 322 308 299 288 286 286 295 306 313 317 323 332 343 350 353 360 365 368 370 371 375 378 380 381 380 379 376 370 371 371 371 373 375 376 377
-32768 -32768 -32768 -32768 -32768 -32768 -32768 -32768 -32768 -32768 -32768 -32768 -32768 -32768 167 177 178 183 192 199 202 210 217 231 242 252 256 262 267 269 273 270 261 258 262 277 288 292 295 297 299 300 296 290 280 283 288 275 266 276 283 282 283 293 296 296 296 302 309 304 294 291 293 301 307 311 316 325 332 340 348 353 359 362 367 369 369 373 376 378 380 380 379 378 375 371 368 369 370 368 369 373 375
-32768 -32768 -32768 -32768 -32768 -32768 -32768 -32768 -32768 -32768 -32768 -32768 -32768 -32768 -32768 167 170 174 183 191 197 206 213 222 230 239 249 256 261 266 268 273 273 270 264 263 275 280 283 285 289 292 293 283 282 278 273 272 261 258 265 264 264 266 265 277 293 296 296 289 299 305 308 309 312 316 320 330 337 344 351 357 362 367 371 373 375 377 378 378 379 379 377 377 374 370 367 367 368 369 370 371 372
-32768 -32768 -32768 -32768 -32768 -32768 -32768 -32768 -32768 -32768 -32768 -32768 -32768 -32768 -32768 166 166 168 176 185 194 204 212 220 227 236 244 253 258 261 265 266 269 273 274 265 258 261 268 267 279 279 287 288 283 277 276 269 257 251 249 254 262 268 264 271 288 292 289 296 304 308 310 312 316 319 324 331 337 344 350 357 363 368 372 374 376 377 378 379 378 377 376 373 371 369 367 365 366 368 370 370 370
-32768 -32768 -32768 -32768 -32768 -32768 -32768 -32768 -32768 -32768 -32768 -32768 -32768 -32768 163 164 166 166 175 184 190 197 205 216 223 232 239 247 252 254 259 263 264 261 267 271 264 256 254 263 271 264 268 282 279 277 271 268 266 258 257 261 267 262 256 263 281 291 296 297 300 303 304 306 310 314 317 324 332 341 349 356 363 369 372 374 376 377 377 377 376 372 367 365 366 365 365 365 365 366 367 369 369
-32768 -32768 -32768 -32768 -32768 -32768 -32768 -32768 -32768 -32768 -32768 -32768 -32768 -32768 -32768 164 163 165 173 180 187 195 204 210 217 226 233 240 246 251 251 253 256 249 246 249 251 256 251 254 262 254 257 266 277 277 273 271 267 264 262 264 266 266 265 274 286 294 299 296 293 287 288 295 300 303 309 315 325 338 347 356 363 368 371 373 375 377 375 376 374 371 363 363 364 364 364 360 357 361 364 366 368
-32768 -32768 -32768 -32768 -32768 -32768 -32768 -32768 -32768 -32768 -32768 -32768 -32768 -32768 -32768 166 168 174 181 185 188 192 202 210 218 222 228 234 241 245 251 253 256 248 244 250 254 248 246 250 255 263 260 263 267 273 273 270 268 265 258 260 264 270 264 273 282 291 298 299 296 299 293 290 290 296 301 307 314 328 343 352 360 365 370 374 375 376 374 373 372 370 365 364 363 362 362 362 358 359 362 365 365
-32768 -32768 -32768 -32768 -32768 -32768 -32768 -32768 -32768 -32768 -32768 -32768 -32768 -32768 -32768 161 165 174 182 188 190 191 196 202 209 215 222 227 233 239 244 248 253 256 255 260 256 253 258 262 262 263 263 258 257 255 251 252 252 255 260 264 265 265 258 259 266 275 286 297 297 303 299 298 297 303 302 304 308 313 321 337 352 359 365 372 374 373 372 370 367 367 366 364 362 360 361 361 360 359 361 362 363
-32768 -32768 -32768 -32768 -32768 -32768 -32768 -32768 -32768 -32768 -32768 -32768 -32768 -32768 159 158 161 167 172 178 185 190 194 198 205 209 214 220 227 232 238 242 245 251 254 255 252 260 261 265 261 258 252 251 255 259 260 259 258 255 256 259 265 273 274 279 278 272 290 298 296 298 303 298 306 303 304 312 309 309 314 324 333 349 358 365 369 368 367 365 363 361 362 360 359 358 357 358 358 358 359 360 360
-32768 -32768 -32768 -32768 -32768 -32768 -32768 -32768 -32768 -32768 -32768 -32768 -32768 -32768 158 158 163 168 173 176 181 185 195 198 204 209 212 219 225 231 236 237 237 242 246 252 255 258 260 263 263 260 248 252 255 255 256 264 270 273 274 274 279 278 279 285 281 286 293 296 293 297 304 305 307 308 312 309 307 307 310 309 313 330 344 355 359 360 360 359 357 357 356 355 354 354 354 354 355 355 356 357 358
-32768 -32768 -32768 -32768 -32768 -32768 -32768 -32768 -32768 -32768 -32768 -32768 -32768 -32768 -32768 -32768 -32768 167 169 174 178 182 187 194 197 208 215 219 223 228 233 236 240 240 244 246 248 252 254 258 260 257 250 253 267 268 266 271 266 265 263 259 259 263 274 281 282 277 286 292 296 297 301 304 308 309 305 312 316 320 321 319 319 321 324 336 341 348 349 350 350 349 349 349 349 349 350 349 350 351 352 354 355
-32768 -32768 -32768 -32768 -32768 -32768 -32768 -32768 -32768 -32768 -32768 -32768 -32768 -32768 -32768 -32768 -32768 -32768 169 172 175 180 184 188 192 200 202 202 205 211 215 219 221 223 224 230 239 245 249 253 254 256 257 254 258 265 270 270 271 273 266 260 265 263 272 282 281 280 286 288 290 295 297 296 302 305 309 312 314 318 322 321 323 331 330 324 320 330 330 336 338 340 340 339 341 343 344 344 346 347 348 350 352
-32768 -32768 -32768 -32768 -32768 -32768 -32768 -32768 -32768 -32768 -32768 -32768 -32768 -32768 -32768 -32768 -32768 -32768 170 172 -32768 -32768 -32768 -32768 -32768 -32768 -32768 -32768 -32768 -32768 199 202 200 198 198 202 204 209 213 220 232 243 252 257 259 258 257 264 269 271 272 272 273 268 273 268 278 280 280 278 285 288 286 288 292 297 302 306 309 313 315 321 323 325 323 319 314 322 318 316 325 329 326 325 326 332 334 337 339 341 343 346 347
-32768 -32768 -32768 -32768 -32768 -32768 -32768 -32768 -32768 -32768 -32768 -32768 -32768 -32768 -32768 -32768 -32768 -32768 -32768 -32768 -32768 -32768 -32768 -32768 -32768 -32768 -32768 -32768 -32768 -32768 -32768 -32768 194 194 -32768 199 197 192 -32768 -32768 205 208 218 242 250 243 242 256 262 263 263 260 259 260 253 246 255 261 261 269 274 277 282 288 288 291 296 301 304 302 302 303 307 302 303 306 302 302 309 304 301 308 312 310 307 308 317 327 331 335 337 340 343
-32768 -32768 -32768 -32768 -32768 -32768 -32768 -32768 -32768 -32768 -32768 -32768 -32768 -32768 -32768 -32768 -32768 -32768 -32768 -32768 -32768 -32768 -32768 -32768 -32768 -32768 -32768 -32768 -32768 -32768 -32768 -32768 -32768 -32768 -32768 -32768 -32768 -32768 -32768 -32768 -32768 -32768 -32768 232 236 245 234 238 251 252 243 237 231 239 242 250 261 268 273 277 278 280 283 284 287 289 293 294 298 301 302 300 297 296 304 308 303 302 300 291 299 297 288 287 310 299 301 314 326 334 334 336 340
-32768 -32768 -32768 -32768 -32768 -32768 -32768 -32768 -32768 -32768 -32768 -32768 -32768 -32768 -32768 -32768 -32768 -32768 -32768 -32768 -32768 -32768 -32768 -32768 -32768 -32768 -32768 -32768 -32768 -32768 -32768 -32768 -32768 -32768 -32768 -32768 -32768 -32768 -32768 -32768 -32768 -32768 -32768 -32768 211 226 219 228 240 237 219 219 241 246 242 244 248 250 256 265 268 271 278 279 282 283 279 281 288 294 300 302 303 307 309 310 311 303 307 299 313 312 301 308 318 303 284 305 321 332 337 335 336
-32768 -32768 -32768 -32768 -32768 -32768 -32768 -32768 -32768 -32768 -32768 -32768 -32768 -32768 -32768 -32768 -32768 -32768 -32768 -32768 -32768 -32768 -32768 -32768 -32768 -32768 -32768 -32768 -32768 -32768 -32768 -32768 -32768 -32768 -32768 -32768 -32768 -32768 -32768 -32768 -32768 -32768 -32768 -32768 -32768 -32768 201 204 206 206 203 211 216 221 221 227 230 237 243 248 254 261 269 266 267 267 265 266 269 276 285 297 299 305 302 300 304 308 313 315 321 321 320 322 316 306 289 294 313 328 334 334 329
-32768 -32768 -32768 -32768 -32768 -32768 -32768 -32768 -32768 -32768 -32768 -32768 -32768 -32768 -32768 -32768 -32768 -32768 -32768 -32768 -32768 -32768 -32768 -32768 -32768 -32768 -32768 -32768 -32768 -32768 -32768 -32768 -32768 -32768 -32768 -32768 -32768 -32768 -32768 -32768 -32768 -32768 -32768 -32768 -32768 -32768 -32768 189 189 191 192 195 201 202 208 214 224 237 245 253 258 262 256 254 254 252 252 252 254 261 281 287 288 293 300 299 301 309 310 313 316 310 318 320 321 317 308 297 305 321 329 330 329
