data/bioclim/bclim5.asc
NCOLS 300 
NROWS 196 
XLLCORNER -121.25 
YLLCORNER 31.1666666666667 
CELLSIZE 0.0416666666666667 
NODATA_value -32768 
[rows 82 to 122 of 196, columns 186 to 278 of 300]
336 313 331 368 392 360 301 293 291 288 293 298 301 307 308 310 312 314 315 314 314 315 317 319 318 317 314 313 308 305 297 290 286 284 281 274 270 270 270 277 280 278 278 283 286 293 322 352 357 362 365 364 359 359 352 334 334 329 324 325 325 323 319 326 332 329 324 316 320 328 325 319 319 320 322 320 321 322 319 315 308 303 300 299 295 289 289 293 311 316 320 322 320
339 310 349 372 393 351 293 297 280 290 293 296 300 307 309 311 313 315 316 315 315 316 318 319 317 317 317 312 310 308 303 296 293 291 288 283 279 277 278 277 277 279 283 290 295 294 320 350 354 359 364 366 358 358 357 344 333 332 332 330 327 327 331 334 330 325 323 327 330 331 323 317 323 326 326 326 327 318 315 313 308 304 301 301 296 292 300 294 305 315 318 319 317
346 340 358 380 391 340 302 305 288 299 301 294 298 307 308 312 315 317 318 316 316 317 318 318 318 320 318 309 307 308 306 301 297 294 294 290 287 285 284 283 282 283 288 293 300 316 342 350 354 357 361 365 365 355 357 354 347 335 333 332 329 333 336 334 326 321 327 331 334 331 323 319 325 331 330 328 324 319 314 310 308 306 306 303 301 296 305 307 308 310 314 315 313
380 377 377 398 358 338 328 308 294 305 309 297 298 305 309 310 314 318 318 318 316 317 318 318 318 319 317 307 308 310 307 304 301 299 298 295 291 288 285 285 288 289 291 295 305 326 339 345 349 356 361 362 365 362 358 357 351 343 334 332 333 337 335 331 324 327 330 334 335 331 328 330 332 333 328 323 316 310 309 309 312 313 306 304 307 304 310 309 303 304 307 308 310
345 363 367 372 365 353 340 309 295 307 314 302 298 304 309 308 301 312 317 319 318 318 318 319 318 318 317 311 310 310 308 307 304 301 297 294 291 291 288 287 289 292 295 303 313 331 337 342 343 344 356 361 365 363 358 357 356 348 340 333 333 338 333 330 327 331 334 336 333 331 332 334 335 332 326 322 317 314 317 318 313 306 304 305 308 306 312 310 304 307 305 304 310
343 350 360 342 338 339 323 307 298 304 317 308 294 301 304 305 302 300 305 314 316 311 319 319 319 318 317 314 312 310 309 307 305 303 299 295 291 291 289 289 291 294 301 312 321 329 334 337 339 341 345 350 364 362 356 354 355 351 346 339 338 343 337 332 330 333 337 333 331 334 337 337 335 330 327 325 325 324 320 316 309 305 306 311 308 308 315 311 308 309 306 311 314
336 359 347 333 326 324 323 316 307 308 319 303 293 298 303 305 304 299 296 308 308 314 318 318 317 315 315 314 312 310 308 306 304 303 300 296 290 289 288 290 291 293 305 313 317 322 329 332 337 341 344 354 363 362 357 350 351 349 344 342 344 341 339 337 337 339 338 332 334 338 338 333 331 331 330 329 326 326 323 319 315 309 313 316 315 314 317 313 309 311 312 317 311
346 353 339 324 322 320 317 319 320 323 321 296 296 302 305 303 301 296 297 305 306 308 316 318 317 314 313 311 309 308 305 304 302 301 300 297 291 289 290 289 291 298 305 308 309 314 322 329 336 339 342 354 363 361 359 349 347 348 349 348 347 345 342 339 340 341 337 337 339 337 334 332 333 332 331 329 326 326 325 321 320 320 318 320 320 320 320 315 314 314 316 312 309
343 339 328 324 325 321 321 321 324 325 318 292 301 305 310 305 300 292 298 306 308 309 314 317 313 312 311 308 307 307 304 302 300 299 296 293 285 283 283 285 289 296 298 299 295 299 316 325 331 334 341 355 360 362 360 354 349 349 349 349 349 347 341 343 344 342 337 341 340 334 332 334 335 331 323 318 312 321 316 319 316 318 319 320 322 323 322 321 321 317 312 307 304
336 331 326 326 323 321 320 321 326 327 326 313 306 306 312 311 302 297 305 308 309 311 315 314 312 309 309 305 305 306 304 300 297 296 291 281 278 280 273 275 274 271 279 283 283 291 307 318 325 330 339 350 353 358 357 353 352 353 350 346 347 347 346 345 344 342 343 342 336 335 337 336 333 330 324 316 308 311 308 309 313 315 318 320 323 322 323 323 319 313 311 307 305
334 322 323 322 321 318 318 317 326 328 328 328 305 306 313 314 308 293 300 300 307 310 312 311 309 310 308 303 301 302 302 300 287 290 287 277 274 274 265 264 263 261 261 269 271 288 299 306 318 324 330 339 342 353 356 355 354 353 352 348 342 344 346 345 345 345 344 343 339 339 338 333 331 327 322 318 309 308 311 307 314 321 324 318 321 326 325 325 320 316 313 312 309
334 327 319 317 319 319 318 317 322 327 329 330 320 303 312 318 309 301 297 303 309 313 311 313 315 312 310 302 299 298 298 296 288 285 278 273 272 266 251 243 250 253 247 259 270 284 293 293 307 317 326 332 334 347 351 352 351 351 352 350 343 341 343 345 345 343 342 342 341 341 338 329 324 326 317 312 317 314 314 309 311 320 324 317 318 326 327 325 323 320 317 312 308
329 322 311 311 314 316 319 321 318 321 325 329 329 303 313 321 317 307 292 303 308 312 318 320 316 308 309 302 296 297 295 290 283 275 272 266 267 263 256 234 244 245 244 241 246 263 272 268 283 302 315 325 331 341 346 350 350 351 351 351 349 344 341 341 345 343 343 342 340 340 338 333 330 327 323 322 322 318 316 318 320 322 329 323 318 324 324 328 326 323 316 315 312
316 308 310 315 316 321 319 322 322 314 317 320 326 317 326 327 322 311 302 305 311 316 322 321 315 303 302 298 291 293 289 283 283 281 274 254 252 260 256 252 249 240 231 196 205 241 270 276 275 279 300 316 326 328 337 341 344 347 350 350 350 347 346 347 346 342 341 340 338 338 338 334 333 331 327 325 318 318 315 318 322 328 332 329 327 328 329 328 325 322 322 319 316
314 315 316 318 316 321 320 322 320 307 312 318 328 329 326 328 324 315 312 312 317 324 324 324 322 303 302 299 290 286 284 283 279 276 272 263 256 261 259 255 253 246 237 212 210 245 276 286 282 285 302 314 321 321 324 332 337 342 345 349 349 349 348 348 348 348 346 342 337 334 335 336 334 329 326 323 317 320 325 331 332 333 333 331 331 330 328 328 328 325 324 322 323
318 321 317 315 314 317 321 321 322 313 310 320 328 326 328 328 322 312 312 316 324 329 324 323 323 315 310 298 288 277 274 278 274 271 272 271 267 266 262 262 257 252 258 254 245 245 276 288 290 295 301 308 316 321 325 331 332 337 341 345 348 349 349 348 348 348 347 343 339 336 332 333 332 331 329 322 316 322 322 335 337 332 326 326 328 328 328 331 330 329 327 327 322
327 328 322 320 317 317 321 320 317 307 310 315 324 329 328 325 325 308 310 322 327 331 330 328 327 322 313 301 287 280 269 265 268 270 274 273 276 274 264 268 267 258 255 261 268 261 281 284 294 298 299 308 312 315 324 329 332 333 338 341 345 348 348 348 347 347 347 346 345 342 340 337 329 329 327 321 322 333 332 339 338 335 330 330 333 333 334 333 332 331 329 325 322
330 330 324 326 323 313 315 321 316 309 309 307 317 327 331 330 334 328 326 328 328 331 330 329 327 324 318 302 286 282 263 261 267 271 275 277 280 278 269 268 266 262 265 269 277 279 280 285 290 296 300 306 310 315 321 325 328 330 335 338 342 345 347 346 345 347 347 347 346 345 344 341 336 330 329 330 326 339 338 340 338 335 332 336 337 335 331 331 327 329 327 327 325
329 328 317 324 326 320 318 322 321 317 311 307 310 321 324 321 325 337 337 331 327 326 323 324 326 326 322 307 292 283 280 270 267 271 280 281 282 278 271 267 265 261 267 275 276 277 276 279 287 292 297 301 307 312 317 320 323 327 329 333 339 341 344 343 344 345 346 346 346 345 344 341 335 334 334 337 341 341 339 339 337 337 338 338 335 332 330 330 330 331 327 329 326
332 324 317 323 330 326 324 323 322 317 307 307 306 315 314 309 320 333 339 334 322 316 313 318 325 328 326 316 298 285 287 279 270 271 277 282 291 286 271 266 267 263 274 280 276 278 277 273 276 282 293 298 303 308 313 316 320 325 326 329 334 338 340 340 340 342 344 344 345 343 339 336 338 337 339 342 341 339 336 336 339 340 340 337 334 332 331 333 334 331 329 330 329
328 332 325 328 328 325 320 318 320 318 309 308 301 306 305 312 319 330 335 340 336 324 305 310 318 328 331 329 318 308 303 291 282 282 286 288 298 293 272 272 269 268 283 282 274 274 276 276 276 278 283 294 299 304 308 313 318 322 324 326 329 335 336 337 340 342 342 344 344 341 338 339 341 341 342 341 337 333 331 334 341 341 338 333 330 331 334 337 332 329 332 332 332
343 344 336 333 321 321 318 313 313 316 311 304 293 296 295 308 320 326 333 338 340 336 322 310 314 326 337 339 337 331 319 307 297 289 292 304 319 297 275 280 281 284 291 279 269 265 271 274 277 275 274 281 292 299 302 306 315 319 322 323 326 330 334 337 339 338 341 343 343 342 342 341 342 342 341 340 337 336 336 339 342 340 337 335 335 337 337 335 333 335 335 334 332
340 340 334 325 313 305 312 311 305 312 310 303 291 282 293 305 318 323 329 334 338 341 338 331 323 331 338 341 345 344 337 336 326 310 319 340 324 306 291 283 291 290 296 281 280 273 267 259 270 273 273 274 277 293 299 306 311 316 319 319 323 327 330 332 334 335 337 339 342 342 342 341 341 343 343 342 341 341 342 343 342 340 340 339 341 341 339 338 337 337 336 333 331
324 333 333 319 300 296 302 308 305 305 310 298 292 295 299 311 320 323 328 331 337 340 342 341 338 335 339 343 348 351 349 348 342 342 345 345 319 338 314 318 332 309 303 294 289 278 271 260 272 273 271 273 277 285 298 303 307 314 316 317 320 324 327 328 330 332 333 335 336 338 340 342 342 342 343 343 344 343 341 343 341 342 342 342 341 340 339 338 337 334 333 331 327
317 327 331 325 320 314 308 302 306 312 312 297 289 297 309 314 315 321 328 332 336 339 340 342 343 340 342 346 349 351 356 357 353 350 349 325 347 349 344 344 338 331 328 296 291 283 276 266 265 267 266 272 276 280 294 300 305 310 312 314 309 316 323 325 327 328 331 331 331 333 336 338 339 339 340 340 341 342 343 344 343 343 342 340 338 336 332 331 334 333 331 327 324
316 322 333 337 331 323 310 313 323 318 311 298 294 291 300 311 318 322 326 330 336 334 327 335 341 342 339 339 340 342 346 350 348 353 365 358 354 357 355 354 351 352 323 302 294 290 282 271 266 264 262 268 274 279 285 294 302 307 309 312 312 315 310 320 323 325 328 328 328 329 332 333 334 333 334 336 337 337 338 338 339 339 340 337 336 336 333 330 330 329 329 327 326
334 319 334 341 335 331 331 337 327 312 306 303 299 295 302 307 317 325 328 331 334 332 324 326 337 339 334 332 328 330 336 337 335 349 367 366 357 363 363 362 359 352 329 327 307 294 285 273 263 264 255 269 277 280 283 288 296 302 305 308 311 313 301 315 319 321 323 325 325 324 326 327 327 326 330 331 332 332 333 333 335 337 340 339 336 335 333 332 329 328 328 329 328
345 322 325 334 342 344 345 338 328 318 307 304 301 303 311 303 305 313 327 331 333 330 324 327 333 335 334 333 330 322 322 305 308 350 368 374 369 369 369 348 342 358 346 330 319 306 293 282 267 265 260 266 275 280 285 286 289 297 301 304 305 308 307 312 314 317 318 320 321 321 321 322 321 322 325 325 326 328 330 330 333 335 337 338 335 335 335 334 333 331 331 327 327
364 342 333 332 338 347 345 330 325 315 310 308 307 318 323 312 309 313 321 327 329 327 321 324 328 330 330 332 331 327 318 285 284 321 360 374 376 373 375 362 362 360 342 335 322 304 295 289 280 272 267 274 276 277 285 285 288 294 296 300 301 303 303 307 310 311 313 314 316 318 318 316 316 318 320 320 321 324 326 328 330 333 335 337 337 336 336 335 334 331 325 326 328
357 353 343 340 341 355 342 339 332 319 314 310 317 325 325 316 317 316 314 322 324 319 318 321 322 325 327 329 330 326 321 296 272 289 346 368 376 377 374 370 372 367 360 343 329 312 301 293 287 280 277 280 279 276 281 285 287 289 291 295 297 297 300 299 305 306 307 309 312 314 315 315 312 312 314 316 317 320 323 325 326 328 332 334 332 334 334 335 331 328 328 329 328
364 352 347 346 364 361 346 349 336 331 329 326 337 350 344 334 324 320 318 317 320 311 296 313 317 321 323 326 329 328 324 306 287 298 327 359 371 378 376 371 376 371 365 343 323 310 297 295 288 278 278 281 278 282 283 284 284 284 287 290 291 290 293 296 299 301 303 305 307 310 313 313 314 314 315 314 313 316 319 321 324 326 329 330 328 330 331 332 332 331 330 329 329
380 373 367 375 381 366 359 347 341 343 339 339 357 362 345 331 329 326 322 324 322 309 297 306 313 317 316 321 326 331 331 318 305 314 319 336 363 372 380 379 371 365 360 341 314 310 303 302 295 282 283 282 278 275 276 279 282 285 285 285 286 286 287 291 294 297 298 300 302 305 308 310 312 314 315 316 316 317 316 318 321 324 326 325 324 326 327 327 328 328 327 325 327
387 388 385 384 373 346 348 349 351 353 369 363 359 359 335 327 318 317 328 330 322 304 296 304 310 312 310 316 324 333 334 329 329 326 327 328 338 348 375 382 372 367 361 339 316 321 308 305 296 287 285 280 278 274 272 274 280 276 276 279 279 281 284 285 290 291 294 294 296 300 302 306 308 310 312 313 311 313 315 316 319 321 323 321 321 323 323 322 323 324 324 322 320
384 392 381 373 364 351 357 357 363 368 377 375 372 359 347 334 328 311 318 335 325 301 290 295 306 297 304 299 313 330 338 329 338 343 344 343 340 338 353 379 381 377 366 344 333 308 300 296 285 283 280 276 274 274 275 275 274 274 271 273 275 275 278 280 286 284 288 290 292 296 300 301 304 307 309 310 309 310 314 315 319 322 322 320 318 320 315 317 319 320 320 320 317
367 379 378 369 362 367 374 369 361 373 386 376 356 346 356 352 343 336 325 339 328 314 299 293 300 290 285 292 309 328 336 333 341 347 350 343 338 328 316 354 380 378 363 341 312 306 308 304 284 277 271 269 270 269 270 267 268 270 267 268 270 271 273 277 281 281 283 286 290 293 296 297 301 302 305 306 309 310 313 316 318 320 321 319 314 314 313 309 313 315 313 314 311
365 358 354 360 365 376 381 370 380 386 368 361 346 342 348 344 342 349 341 341 334 324 307 311 294 282 274 286 310 329 336 345 349 351 354 349 344 332 316 335 366 377 350 346 326 320 330 305 284 282 273 272 271 282 267 261 262 266 263 265 265 267 270 276 275 278 279 283 287 293 293 295 297 299 301 303 305 308 311 312 315 317 319 316 314 311 307 301 302 309 305 302 303
383 372 362 360 361 372 385 393 387 383 362 358 346 349 345 339 335 340 344 343 337 330 328 322 302 281 282 288 303 327 339 343 354 356 356 351 348 340 333 325 342 375 356 349 354 331 314 304 301 302 286 313 309 313 297 279 264 268 259 259 260 263 266 271 270 272 275 280 284 289 290 292 293 295 296 298 302 304 305 307 311 313 313 314 309 307 306 303 296 294 296 299 298
396 387 381 387 383 387 391 394 392 379 371 362 355 357 350 332 321 322 333 341 339 335 340 328 323 305 300 309 320 332 339 347 353 359 358 352 349 345 334 317 303 348 375 370 354 330 312 305 309 319 315 322 316 319 314 306 296 303 282 269 262 261 264 264 265 268 272 277 283 285 286 288 288 290 291 296 299 298 300 303 307 310 308 307 307 304 301 301 297 292 297 296 296
409 406 405 405 402 395 376 368 385 379 369 357 350 359 356 339 315 325 332 332 330 337 348 339 341 322 305 315 329 342 356 352 353 358 362 352 348 341 331 318 304 326 369 380 364 337 327 330 330 328 327 336 333 324 313 304 303 309 306 298 287 272 266 263 266 266 267 272 273 277 280 280 282 282 285 290 292 293 298 298 302 305 302 300 301 301 300 296 291 288 292 292 291
409 408 403 399 392 387 383 374 374 376 369 363 362 362 360 341 320 325 332 326 324 337 351 352 347 330 313 305 316 342 363 368 365 362 365 359 350 345 331 320 324 336 350 382 373 368 352 348 353 348 340 330 328 330 329 320 311 313 311 295 291 292 285 267 281 279 275 272 271 277 282 282 287 288 285 286 284 287 292 291 298 300 299 299 298 296 292 290 289 286 285 286 286
407 405 401 395 392 389 386 377 377 375 372 367 357 351 352 358 340 321 323 310 319 341 355 355 343 325 297 283 308 336 358 370 379 367 361 356 353 340 333 349 363 359 365 387 358 339 349 363 362 358 342 331 330 333 335 324 327 330 327 312 306 296 290 281 279 288 288 275 274 282 291 293 293 296 291 289 285 285 289 291 291 292 294 295 291 288 285 282 278 275 276 278 274
