data/bioclim/bclim17.asc
NCOLS 300 
NROWS 196 
XLLCORNER -121.25 
YLLCORNER 31.1666666666667 
CELLSIZE 0.0416666666666667 
NODATA_value -32768 
[rows 58 to 115 of 196, columns 192 to 287 of 300]
48 48 50 50 50 50 49 50 50 51 54 50 46 45 45 43 42 42 42 43 44 44 44 45 48 51 51 51 43 41 41 42 40 39 36 36 37 36 26 20 18 18 15 15 15 16 18 16 16 18 18 19 20 20 22 23 25 28 32 32 32 32 32 37 34 29 32 40 30 28 27 27 28 30 32 31 32 30 28 29 29 30 29 29 29 29 29 31 30 30 32 35 37 36 36 35
47 47 48 49 49 49 49 49 47 47 46 45 44 43 42 41 41 43 44 44 45 46 46 48 52 55 53 54 45 42 42 45 43 42 40 41 40 36 23 21 18 18 18 18 17 18 21 19 16 16 18 18 19 20 20 21 23 25 26 29 34 33 35 38 38 30 40 34 31 30 30 27 30 31 33 32 31 30 29 29 28 27 28 29 29 29 30 31 31 30 30 33 33 35 36 42
50 48 48 48 48 49 50 50 48 47 45 44 43 41 41 41 43 44 45 46 46 48 48 55 59 59 59 55 43 46 46 46 45 44 43 45 37 24 21 20 20 20 21 22 21 20 23 22 19 19 20 23 23 23 23 23 23 23 25 29 34 35 39 40 42 39 44 40 34 34 34 34 30 30 30 29 29 28 27 27 27 27 29 29 27 29 29 31 32 32 30 32 33 34 36 41
50 48 48 48 48 48 50 50 50 48 44 43 42 41 41 41 44 45 46 47 48 50 52 63 64 63 60 50 39 46 48 49 46 45 46 37 24 21 20 23 26 27 26 26 23 23 23 24 22 20 20 23 25 25 25 25 25 25 25 28 33 38 40 39 42 40 42 42 34 31 32 31 30 29 30 27 27 27 27 29 27 29 29 27 29 29 28 30 32 33 33 32 32 33 36 40
50 50 48 47 47 47 48 50 47 45 44 44 43 43 43 43 45 46 47 48 50 52 60 66 67 65 63 52 41 36 34 33 37 46 42 24 23 21 20 30 29 27 27 29 27 26 24 26 24 23 23 23 25 25 26 28 28 24 26 29 33 38 37 38 38 38 39 42 34 31 30 30 29 29 28 30 30 30 30 31 29 28 27 29 29 29 27 29 31 33 33 36 33 33 36 39
51 51 48 47 47 47 47 47 45 45 44 44 44 44 41 44 45 48 50 50 52 54 66 69 69 70 66 51 47 37 33 31 30 29 26 24 24 24 27 33 32 30 29 29 30 29 26 27 27 24 23 25 25 27 28 29 27 26 26 31 35 35 35 35 38 36 35 39 31 34 32 31 30 29 28 30 30 30 31 29 28 28 29 29 30 31 28 28 29 31 35 36 36 35 36 37
51 51 48 47 47 47 47 47 45 45 45 44 44 44 43 40 46 48 50 52 56 60 69 71 71 72 68 54 50 41 33 31 29 28 26 26 26 27 28 36 35 33 31 29 31 31 29 27 27 25 24 26 27 29 29 29 29 29 29 35 35 33 35 35 38 39 37 35 42 46 44 44 32 30 30 31 31 30 28 28 28 28 29 29 31 30 29 28 29 29 31 31 34 35 36 39
52 51 51 51 47 47 47 47 46 45 45 46 44 41 43 40 48 50 52 55 60 64 69 71 72 74 68 60 54 47 34 31 30 29 28 27 28 28 31 37 36 36 33 31 31 31 29 27 27 26 26 28 28 29 32 33 33 34 33 32 32 33 33 35 35 36 35 39 40 41 43 45 41 31 31 31 31 28 30 30 29 29 29 30 29 29 31 27 29 29 31 31 32 33 36 40
53 51 51 51 49 48 48 48 48 47 46 42 41 39 34 43 46 49 52 56 61 64 69 71 74 74 71 65 56 45 35 33 31 31 29 29 31 31 30 34 40 37 34 29 29 31 32 32 32 29 29 29 29 35 35 35 33 33 31 31 31 32 32 34 33 35 39 37 36 39 39 43 43 39 32 31 30 31 31 31 31 29 31 31 30 31 31 28 29 29 31 31 31 34 39 45
55 52 51 51 51 50 49 49 48 48 48 46 47 43 34 40 37 47 54 56 62 66 69 71 74 74 74 70 60 48 37 34 33 29 31 32 33 34 35 31 40 38 36 31 29 29 30 32 33 31 30 31 31 34 35 31 31 30 30 30 30 30 31 32 36 39 38 35 35 39 37 39 41 41 35 33 31 31 31 31 31 31 31 31 31 31 31 28 30 29 29 30 31 31 35 50
55 55 55 54 51 52 52 49 49 48 48 48 48 45 34 34 38 51 55 58 63 66 69 71 74 76 74 72 63 49 38 37 33 31 33 33 34 36 36 33 33 37 33 31 29 29 29 30 30 29 30 31 33 35 33 30 29 29 29 29 29 30 32 37 40 39 35 34 35 35 36 38 40 41 41 43 36 38 33 31 31 32 31 31 31 31 29 28 29 29 29 30 31 31 31 35
54 55 55 53 49 52 52 52 50 49 48 48 48 45 32 36 43 40 43 54 59 66 69 71 74 76 75 74 60 46 41 38 37 30 33 35 37 35 36 36 33 37 33 29 28 27 29 29 29 29 29 30 31 31 29 29 29 28 28 29 31 33 34 35 35 34 34 32 34 36 38 39 40 42 43 41 42 43 44 36 32 32 32 32 31 31 29 28 29 30 31 31 32 32 33 33
56 57 62 55 45 52 52 52 48 50 49 47 47 46 35 34 31 31 34 37 45 61 69 71 72 75 76 75 67 49 42 41 30 33 37 37 36 36 36 37 36 33 31 27 27 27 27 29 30 30 29 29 30 29 28 27 26 27 31 33 35 35 32 32 32 30 32 33 34 36 38 39 41 43 41 39 39 40 42 43 39 37 32 31 31 31 29 28 29 30 31 32 34 34 35 35
59 62 58 52 44 49 52 50 39 47 50 43 36 32 32 37 45 47 40 37 47 58 66 69 71 74 75 75 75 60 51 45 33 34 38 37 37 37 37 37 36 33 30 29 29 26 26 29 30 31 29 29 29 29 26 26 26 30 31 33 34 31 30 30 30 32 35 37 36 36 36 40 40 42 42 39 36 38 40 42 45 47 36 31 31 31 30 28 29 31 31 33 34 35 35 35
44 54 55 45 43 52 52 45 36 38 43 34 32 35 34 46 47 41 37 41 54 53 57 61 66 71 72 74 75 72 59 47 37 33 40 38 37 37 36 34 33 33 30 29 28 26 26 26 29 29 29 29 29 28 26 26 26 28 30 32 32 30 29 30 32 33 36 36 36 36 36 37 40 40 37 37 40 42 43 43 43 43 39 32 31 31 29 29 30 31 31 34 35 36 37 38
38 55 56 40 44 44 46 36 34 34 34 38 31 37 46 48 47 34 37 47 47 37 32 45 64 67 69 68 70 70 59 34 27 29 37 38 37 35 34 33 30 33 30 29 28 26 26 26 29 27 27 27 27 27 26 26 26 29 30 30 30 28 30 32 33 34 36 35 34 36 37 37 37 36 36 39 42 43 44 41 40 41 40 32 31 31 31 29 30 31 34 35 35 37 39 41
36 49 47 39 39 37 36 36 35 39 47 41 40 34 45 50 49 40 37 34 37 27 31 44 61 46 55 67 67 62 65 45 34 30 30 40 37 34 33 29 29 30 29 28 26 27 27 26 26 26 26 26 26 26 25 26 28 29 28 30 28 28 30 30 32 34 36 33 33 36 34 33 33 36 40 40 40 40 41 39 37 40 38 32 31 32 31 30 30 31 34 35 37 37 40 42
31 37 35 31 36 44 37 45 34 46 50 45 41 37 34 41 49 51 45 33 45 42 27 36 37 33 51 63 57 51 65 62 38 30 26 36 36 29 29 29 29 29 29 27 25 27 27 27 26 25 26 25 25 25 25 26 26 26 29 28 28 28 30 30 32 34 33 32 34 33 32 33 36 37 37 37 36 37 38 36 36 38 39 32 32 31 31 30 30 31 34 35 35 39 42 40
28 28 37 39 43 51 40 43 46 50 48 48 43 46 34 38 45 49 49 48 53 50 27 26 27 34 43 54 56 59 61 59 38 26 26 39 34 32 29 29 27 27 27 25 23 24 26 26 25 25 25 24 24 24 25 26 26 26 25 26 28 30 30 32 33 32 32 32 32 32 33 35 35 36 37 36 35 37 36 36 33 36 36 32 32 31 31 31 30 31 33 35 36 39 39 42
24 34 47 46 50 50 47 45 50 50 50 48 46 48 42 37 46 48 49 49 52 52 49 36 30 40 52 55 56 59 54 42 28 23 27 41 34 30 29 29 27 27 27 25 23 23 23 23 24 24 24 26 27 25 26 26 26 27 28 28 29 30 32 32 31 31 32 31 31 33 33 35 33 33 33 33 40 36 36 36 33 32 32 32 31 31 31 31 31 31 33 35 37 37 41 41
31 49 51 47 56 51 50 50 50 50 49 48 48 48 48 44 44 46 48 48 49 50 51 53 47 52 57 57 56 56 40 32 23 29 40 45 35 32 29 29 29 27 25 24 22 22 23 25 25 25 27 29 29 25 26 26 27 28 30 30 30 30 32 30 30 31 30 30 31 33 35 33 33 34 33 34 35 33 34 34 33 32 32 32 32 31 31 32 31 32 34 35 37 37 39 41
38 55 51 51 54 54 51 50 50 50 48 48 48 48 48 45 45 45 45 47 49 50 50 50 52 54 55 57 58 56 42 34 42 53 54 47 37 34 33 31 29 27 25 23 22 23 23 23 27 28 27 29 30 29 27 26 28 28 30 31 31 30 29 30 30 30 29 30 32 32 33 33 33 35 33 34 33 37 37 41 37 35 33 32 32 32 31 32 31 32 33 35 36 38 41 41
41 51 50 55 54 54 51 50 50 50 48 48 48 48 48 46 45 45 45 45 46 49 49 49 52 54 54 54 56 59 59 55 53 52 50 48 41 33 33 31 29 27 25 23 22 23 23 23 27 27 29 31 31 31 31 30 28 31 30 28 28 28 30 32 30 29 30 31 31 31 31 33 33 33 31 33 34 34 38 41 40 34 33 32 32 32 31 32 30 31 32 34 38 41 44 44
39 49 50 56 54 54 51 50 50 48 48 48 48 48 47 46 46 45 45 45 45 46 49 49 53 54 54 54 56 56 59 59 53 48 47 44 44 43 37 29 27 25 24 23 22 22 23 23 26 27 28 31 31 31 31 31 31 32 28 28 28 31 32 30 28 30 31 31 31 30 31 33 31 31 34 33 34 34 35 39 41 37 33 33 32 32 32 32 30 32 32 34 38 38 43 46
51 54 54 56 54 53 51 49 48 48 48 47 47 47 47 46 45 45 45 45 45 45 47 49 50 53 54 54 54 56 58 58 56 53 52 52 52 50 48 45 35 25 24 23 20 20 23 22 23 27 27 29 31 29 30 31 31 28 28 28 30 32 30 28 29 31 31 31 30 31 31 31 31 33 35 37 37 38 40 41 41 40 34 33 33 32 32 32 31 32 32 35 38 42 45 48
53 51 58 54 54 53 52 48 48 48 47 47 46 46 46 46 45 44 45 45 45 47 47 47 49 50 50 51 52 54 55 55 55 54 54 52 51 47 44 44 35 26 24 23 22 20 23 23 23 24 28 28 28 28 29 29 28 27 28 30 30 28 28 28 29 32 30 29 29 29 29 32 33 34 35 37 37 37 38 41 37 39 36 33 33 33 33 33 33 32 35 38 39 42 45 46
49 49 55 51 50 53 52 48 48 47 46 46 45 46 46 46 44 44 45 44 44 48 48 47 48 49 50 50 50 52 52 52 52 52 52 52 48 47 44 38 29 27 25 24 23 22 22 23 23 23 24 28 28 28 28 27 27 27 28 31 28 28 26 28 30 31 29 27 27 29 30 31 33 34 35 35 35 37 37 38 36 35 34 34 33 33 33 33 36 35 35 38 38 40 42 45
40 47 52 48 48 52 52 48 48 48 46 45 44 44 46 45 45 44 44 44 45 49 48 47 48 49 49 49 49 50 51 52 52 52 51 50 48 47 43 35 30 28 27 24 23 23 22 22 23 23 23 25 28 28 28 27 27 28 30 28 28 26 26 28 28 28 27 27 28 30 32 34 35 35 33 33 36 36 35 36 34 34 37 35 34 34 34 34 37 35 35 36 38 39 41 43
36 47 51 48 45 49 51 48 47 48 51 47 45 44 45 45 44 44 44 44 45 48 48 47 48 48 49 49 50 51 52 52 52 52 51 48 48 44 40 33 31 29 28 28 24 23 22 22 23 23 23 25 26 28 28 27 27 28 28 28 27 26 26 28 27 26 26 27 29 31 31 33 32 31 33 35 36 35 34 35 33 34 36 35 35 35 34 34 35 35 35 37 38 40 40 43
41 47 50 48 44 47 52 50 48 48 49 51 48 45 45 47 44 44 44 44 45 46 47 48 48 49 49 49 50 51 52 52 52 52 50 48 46 42 38 35 33 31 30 29 27 27 23 23 23 24 24 24 25 27 27 25 27 28 28 27 26 28 28 26 26 26 26 28 29 29 29 30 31 32 35 35 35 33 35 34 32 33 34 34 35 34 32 34 35 36 36 37 38 40 40 43
41 43 46 47 42 48 52 51 48 48 48 51 51 47 47 46 45 44 45 46 46 46 48 48 48 49 49 50 50 51 52 53 53 52 51 50 44 43 39 37 35 33 31 30 28 26 23 23 24 25 25 25 26 27 26 26 26 26 26 26 26 28 26 26 26 26 27 27 27 28 29 29 30 31 32 35 33 31 32 33 31 33 34 33 33 31 32 35 35 37 38 38 40 40 40 42
42 41 41 41 42 51 51 48 47 48 50 51 51 49 48 48 45 45 46 46 46 48 48 49 49 49 50 51 51 52 53 53 53 53 51 49 46 44 44 40 38 35 32 30 30 26 24 24 24 27 27 25 25 25 25 25 25 26 26 25 26 26 26 26 26 28 26 27 27 27 28 29 29 30 31 31 31 31 31 31 31 31 32 32 31 32 33 35 35 37 37 38 39 40 41 43
41 41 39 39 42 52 48 47 45 47 50 52 51 47 47 47 45 45 46 47 48 49 49 49 50 51 51 52 52 53 55 57 55 55 53 50 49 48 49 46 40 36 34 32 30 27 25 24 24 25 27 26 25 25 25 25 26 25 25 25 26 25 25 26 27 26 26 27 30 31 33 30 31 31 31 31 31 31 30 30 30 30 30 31 32 33 35 35 36 35 36 40 40 41 43 41
40 40 39 39 39 44 46 47 45 45 49 51 47 47 47 47 45 45 47 48 48 49 49 49 51 52 52 53 54 58 59 59 60 59 59 60 56 55 55 51 44 40 36 35 31 27 27 25 25 26 26 25 26 27 26 25 25 25 25 25 25 25 26 26 26 26 26 28 29 32 34 33 34 34 32 31 31 30 30 30 30 30 30 31 32 34 34 35 35 33 36 37 40 40 41 41
41 41 39 38 38 38 46 46 44 44 45 51 49 50 47 47 46 47 48 48 48 50 51 51 51 52 56 56 57 60 60 60 64 64 64 64 64 60 59 52 47 44 40 37 35 31 31 27 26 26 26 26 26 26 27 26 25 25 25 25 25 25 25 25 26 26 28 29 30 30 34 34 33 34 32 30 30 30 30 30 30 30 30 31 31 31 34 34 34 33 34 36 38 39 41 41
40 41 39 38 38 38 41 47 44 43 45 49 51 49 47 45 47 47 46 47 48 51 53 53 52 54 57 58 61 63 62 64 69 71 69 68 70 66 60 54 51 51 44 40 36 35 33 29 28 27 27 27 26 26 27 27 26 25 25 25 25 25 25 25 25 28 29 29 31 32 32 32 32 34 33 30 29 31 30 29 29 30 30 30 31 31 34 32 32 32 33 35 36 38 39 38
39 39 41 39 38 38 37 47 44 41 44 47 52 49 47 45 45 45 46 48 48 51 54 55 55 57 59 61 63 65 64 66 67 75 72 71 72 72 70 63 58 60 53 46 42 38 35 32 31 28 28 27 26 26 26 27 27 27 25 25 25 25 25 25 25 26 27 29 29 30 30 30 32 30 30 30 27 30 30 29 29 28 29 30 31 31 32 31 32 31 32 32 35 36 37 37
39 39 39 42 41 41 38 41 39 39 41 44 48 47 45 45 42 44 46 51 52 53 55 55 57 59 59 60 63 70 70 67 69 70 71 72 76 92 87 71 61 57 56 54 47 41 38 36 32 32 30 28 28 27 26 26 26 25 25 26 26 26 25 25 25 26 27 27 29 29 30 30 31 31 29 29 26 28 29 29 28 28 29 30 30 30 31 30 30 31 32 33 34 35 37 35
39 39 39 44 42 41 37 37 38 38 40 44 45 45 44 41 42 42 44 51 52 53 56 58 59 59 61 62 64 67 70 67 68 69 71 72 75 85 85 70 59 54 55 52 47 43 39 39 37 35 32 30 28 28 26 26 26 25 25 25 25 25 26 27 26 25 26 28 29 29 31 30 29 26 26 26 26 26 27 28 29 29 28 29 29 30 29 29 31 32 32 31 31 33 33 33
38 39 39 42 42 40 37 38 38 38 40 44 45 44 41 41 41 42 43 47 48 53 57 62 63 61 63 65 64 66 67 67 68 68 70 70 68 68 71 71 60 54 53 50 48 44 42 39 38 36 34 32 31 28 28 26 26 26 25 25 25 25 25 27 28 27 27 28 28 29 31 29 29 26 25 27 29 29 29 29 29 27 27 27 28 28 29 31 32 33 31 31 31 33 32 30
37 39 39 44 42 41 38 37 38 39 39 45 45 41 40 39 41 41 42 44 48 52 58 61 65 66 66 66 66 65 64 64 68 68 68 69 69 68 65 66 58 56 53 50 49 46 44 43 39 36 35 34 32 30 28 27 26 26 25 25 25 25 25 25 25 25 28 28 29 29 29 27 26 25 25 26 28 28 27 27 27 27 27 27 27 29 30 31 31 31 31 29 29 29 29 30
40 37 39 42 42 44 41 37 37 37 36 39 40 39 40 39 41 41 42 44 46 53 58 59 67 69 66 66 66 64 64 64 68 68 69 69 69 66 62 61 60 56 54 51 50 48 46 43 40 39 37 36 33 32 30 28 27 26 26 25 25 25 24 24 24 25 25 28 28 28 29 25 25 25 25 27 27 26 26 27 27 27 28 28 29 27 30 30 30 31 29 29 29 29 30 31
38 36 39 39 42 43 42 39 39 40 39 36 36 39 40 41 42 42 42 43 45 51 56 60 63 66 67 66 64 64 64 65 68 69 69 69 67 66 63 62 61 60 56 53 51 50 47 44 43 40 39 37 36 33 31 30 28 27 26 25 25 25 24 24 24 25 27 27 26 25 25 25 25 25 26 26 26 26 27 28 28 28 28 27 29 27 30 30 28 28 28 29 30 32 31 32
36 36 36 39 43 42 43 41 42 45 41 37 36 37 41 45 45 45 42 42 44 49 56 59 60 63 66 67 65 64 63 65 69 69 69 70 67 64 65 62 62 63 60 56 53 51 49 46 44 43 39 38 36 35 32 31 29 29 27 26 25 25 24 25 25 26 25 25 25 25 25 25 26 26 26 25 26 26 26 28 28 27 27 27 28 27 28 28 28 28 28 29 29 30 32 32
37 38 38 39 42 42 46 44 45 42 41 38 36 36 37 41 48 47 46 42 43 44 49 53 56 60 63 64 64 64 62 63 69 69 69 70 65 64 66 66 62 61 61 60 56 53 51 48 46 44 40 39 38 36 34 32 31 29 28 26 25 25 25 25 25 25 25 25 25 25 26 28 28 26 26 26 26 28 28 28 28 26 28 29 27 27 28 28 28 28 30 31 30 30 32 33
37 40 40 39 41 44 48 48 48 44 41 38 37 36 35 37 42 47 46 43 40 40 42 46 50 56 60 63 62 61 58 63 68 67 67 67 64 66 67 68 65 63 61 60 60 58 53 51 49 46 43 40 39 38 36 32 31 29 29 28 25 25 25 25 25 25 25 25 25 25 26 26 26 26 26 26 26 27 27 26 26 27 28 26 26 27 28 28 29 31 31 32 32 32 32 34
39 40 42 40 41 44 49 53 49 45 41 40 38 37 36 35 37 39 43 42 40 40 40 41 44 47 51 58 56 50 57 63 66 67 66 66 64 65 65 66 67 68 63 62 61 60 58 53 50 47 45 43 39 39 36 35 32 31 29 29 28 27 25 25 25 25 25 25 25 25 26 26 26 25 26 26 26 26 26 26 26 26 26 26 27 27 28 29 31 32 35 35 35 35 35 34
43 41 42 42 42 46 49 48 47 43 39 38 38 38 37 35 36 36 37 39 40 40 38 38 41 43 46 48 49 50 59 55 62 62 61 66 65 64 64 65 66 67 63 63 62 61 59 55 51 49 46 43 42 39 38 36 35 32 31 30 29 28 28 27 26 26 25 26 26 26 26 26 26 26 26 26 26 26 26 26 27 27 28 28 28 29 29 29 31 32 33 35 34 34 34 33
41 43 42 40 40 46 50 46 43 42 42 39 38 37 37 36 36 36 36 38 38 37 38 38 39 40 42 45 47 57 51 51 54 55 59 59 62 65 64 65 65 67 66 65 64 61 60 57 52 50 47 45 43 42 42 38 36 35 34 31 30 30 29 28 28 27 27 27 26 26 26 26 26 26 26 26 26 27 27 28 29 29 28 28 29 29 30 31 31 31 33 35 34 33 33 32
40 39 36 39 41 46 47 49 46 43 39 39 39 38 36 37 39 37 36 36 38 40 41 42 42 42 44 43 40 44 47 47 48 51 52 52 62 65 65 64 65 67 67 66 65 62 61 57 56 52 49 46 45 43 42 39 40 37 35 34 31 31 30 30 29 28 28 28 28 28 27 27 27 27 27 27 27 28 28 28 28 29 29 29 29 30 30 30 30 31 33 33 33 32 32 32
33 32 35 41 43 43 46 47 46 44 41 39 39 37 36 37 39 39 36 36 39 41 44 46 45 47 49 45 39 40 45 43 44 45 49 52 60 63 64 64 65 66 67 66 69 63 61 58 56 55 50 49 46 44 42 41 43 37 37 35 34 33 33 32 31 31 31 31 30 28 29 29 29 29 29 28 27 28 28 28 29 29 29 30 30 30 30 30 30 32 32 32 32 31 32 32
30 32 35 38 43 43 44 45 42 46 45 42 39 36 36 37 39 37 37 37 39 40 43 48 51 58 58 45 38 38 40 41 42 53 57 49 54 61 63 63 64 65 67 66 67 65 61 59 56 56 52 50 48 45 44 43 41 40 37 36 36 34 34 33 33 33 33 33 31 31 31 30 30 30 29 29 28 28 29 28 28 29 29 30 30 30 30 30 30 31 32 32 31 31 32 32
30 34 36 39 41 41 43 39 38 42 43 42 40 38 38 38 40 39 37 38 39 40 43 47 51 63 64 55 42 37 37 39 39 45 45 46 57 59 63 64 64 64 64 66 66 62 61 60 57 56 55 51 50 48 46 44 43 41 40 39 38 36 36 34 34 34 34 33 33 33 33 31 31 31 30 30 29 28 28 28 28 28 29 30 31 30 30 30 32 32 32 31 31 31 30 30
31 32 34 38 40 40 40 38 38 41 41 41 42 40 39 40 40 40 39 39 39 40 43 47 51 60 67 64 48 39 38 38 39 42 40 43 46 55 60 62 64 64 64 64 63 62 61 61 58 56 55 53 51 50 48 47 45 44 42 40 40 39 37 37 36 36 36 36 36 35 34 34 33 32 32 31 30 30 31 30 30 30 31 31 30 30 30 30 31 31 31 31 31 30 30 30
30 30 34 35 35 37 35 33 34 35 38 39 41 41 40 43 51 44 43 40 40 42 43 44 49 57 64 62 54 42 39 38 39 40 39 41 43 54 61 62 64 64 64 64 63 62 62 60 59 57 56 55 52 50 49 48 47 46 43 42 41 40 39 38 37 37 36 36 35 36 36 34 34 34 33 32 32 31 32 31 31 31 30 30 30 30 30 30 31 31 31 31 31 31 31 31
28 31 33 33 33 34 30 30 34 37 38 38 39 38 40 44 51 47 44 43 45 44 44 44 45 52 58 57 57 51 41 39 36 37 40 43 46 55 62 62 64 62 63 64 63 62 62 61 60 58 57 55 54 52 51 50 48 47 45 45 43 41 41 39 39 37 37 36 36 36 36 35 36 34 34 33 32 32 33 32 32 32 32 31 31 33 31 31 31 31 31 31 31 31 31 30
30 30 30 30 27 29 30 31 36 38 40 42 38 38 41 48 52 48 47 46 48 47 44 43 44 48 49 52 54 55 52 48 39 36 40 43 45 55 62 60 63 61 63 64 63 63 62 63 62 61 58 57 56 55 53 51 50 48 47 45 45 44 43 42 42 40 39 37 37 36 38 37 37 37 35 35 34 35 35 34 33 34 33 33 33 33 33 33 33 34 33 31 31 31 32 32
28 28 28 27 26 27 27 32 34 36 39 43 42 38 39 49 54 53 48 53 51 54 49 45 42 47 47 45 45 47 50 52 47 37 37 40 44 53 56 63 64 64 65 64 64 63 64 63 61 60 59 58 58 56 54 53 51 50 48 48 47 45 45 43 42 42 40 40 39 38 38 38 37 37 35 35 35 35 35 35 36 35 35 34 34 33 35 34 35 35 34 32 32 32 32 33
