data/bioclim/bclim2.asc
NCOLS 300 
NROWS 196 
XLLCORNER -121.25 
YLLCORNER 31.1666666666667 
CELLSIZE 0.0416666666666667 
NODATA_value -32768 
[rows 82 to 122 of 196, columns 186 to 278 of 300]
160 157 161 167 171 168 159 158 158 158 160 162 163 165 166 166 168 168 169 169 169 169 170 170 170 170 169 169 168 167 166 165 164 163 162 160 158 158 157 158 158 157 157 157 157 158 161 167 169 171 172 171 169 169 166 161 161 160 159 159 159 159 159 160 162 162 161 159 161 163 163 162 163 164 165 166 167 167 168 166 163 161 159 159 157 155 154 156 162 165 167 168 168
161 157 165 169 172 167 158 159 156 159 161 162 164 166 167 168 169 169 170 170 170 170 171 171 170 171 170 169 168 168 166 165 164 164 163 162 160 159 159 158 158 158 158 158 159 158 161 167 168 170 172 172 169 169 168 164 161 161 161 161 160 161 162 163 162 161 161 163 164 165 163 163 165 166 167 168 169 168 168 167 164 162 160 160 158 156 159 156 161 165 166 167 168
163 163 167 171 173 167 161 162 159 162 163 162 164 167 168 169 170 171 171 171 171 171 171 172 171 171 170 169 168 168 167 166 165 164 163 162 162 161 160 160 159 159 159 159 160 161 165 166 168 169 170 172 171 168 168 167 165 163 162 162 162 163 164 163 162 161 163 164 166 165 164 164 166 168 169 169 169 169 168 166 165 164 163 161 160 157 161 161 162 163 165 166 166
168 169 170 173 170 168 167 164 161 165 167 164 165 167 169 169 171 172 172 172 172 172 172 172 172 172 171 168 168 168 167 166 165 165 164 163 162 161 160 160 160 160 160 160 161 162 164 165 166 168 170 170 172 170 169 169 167 165 163 163 163 164 164 163 163 163 165 166 166 166 166 167 168 169 169 168 167 166 166 166 167 167 163 162 162 161 163 162 159 160 162 162 164
165 168 169 171 172 171 170 165 162 166 169 166 165 168 170 170 168 171 173 174 173 173 173 173 172 172 171 169 168 168 167 167 166 165 164 163 162 162 161 160 160 160 160 161 161 163 163 164 164 164 168 170 171 171 169 169 168 166 165 163 164 165 164 164 164 165 166 167 167 167 168 169 169 169 169 169 168 168 169 169 168 164 162 162 163 161 163 162 159 160 160 160 164
166 168 170 169 169 170 169 165 163 166 171 169 165 168 169 170 169 168 170 173 173 172 174 174 173 172 171 170 169 168 167 167 166 165 164 163 162 161 161 161 161 161 161 162 162 162 162 163 163 163 164 166 171 170 168 168 168 167 166 165 165 167 166 165 165 166 167 167 167 168 169 169 170 170 169 170 170 171 170 169 166 164 163 164 163 162 164 162 160 161 160 162 165
165 170 169 168 168 169 170 169 167 168 173 168 166 168 170 171 171 169 168 172 172 173 174 174 173 172 171 170 169 168 167 166 165 164 163 163 161 161 161 161 161 161 161 162 162 162 162 162 162 163 164 167 170 170 169 167 168 167 166 166 167 167 166 166 167 167 168 167 168 169 170 169 170 170 170 171 170 171 170 169 168 165 166 166 165 164 165 162 160 160 161 164 163
168 170 169 167 168 169 169 171 172 174 174 167 168 170 172 171 170 169 169 172 172 172 175 174 173 172 171 170 168 168 166 166 165 164 163 162 161 161 161 161 161 161 162 161 161 161 161 162 162 162 163 167 170 170 170 167 167 167 168 168 168 168 167 167 168 169 168 169 169 170 170 170 170 170 171 171 170 171 171 170 169 168 168 167 167 167 166 163 162 161 162 160 160
168 169 168 168 170 170 171 173 174 176 174 165 170 172 174 173 171 168 170 173 173 173 175 175 173 172 170 169 168 167 166 165 164 163 162 161 160 160 160 161 161 161 161 161 161 161 161 161 161 162 163 167 169 170 170 168 167 168 168 168 169 169 168 168 169 169 169 170 170 169 169 171 171 171 169 168 167 170 168 169 168 168 167 168 168 167 166 166 165 163 159 157 158
167 168 168 169 170 171 172 174 176 178 179 175 172 173 176 176 172 170 174 174 174 174 175 174 173 171 170 168 167 167 165 164 162 162 161 159 159 160 159 160 160 160 161 161 161 161 161 161 161 162 163 165 167 169 169 168 169 169 169 168 169 169 169 170 170 170 170 171 170 170 171 171 171 171 170 168 165 167 166 166 167 167 167 168 168 167 167 167 164 160 159 157 158
167 166 168 169 170 171 172 174 177 179 180 181 173 175 178 179 176 169 172 172 174 175 175 174 172 171 170 167 165 165 164 163 159 160 160 158 158 159 158 159 159 159 159 160 160 161 162 161 161 162 162 163 164 168 169 169 169 170 170 169 168 169 170 170 170 170 171 171 171 171 171 171 171 170 170 169 166 166 166 165 167 169 170 167 168 169 168 168 165 163 161 160 160
168 168 168 169 171 172 173 174 177 180 182 183 180 174 178 181 178 174 171 174 176 177 175 175 175 173 171 167 165 164 163 161 159 158 157 157 158 158 155 153 156 158 156 159 161 162 162 161 162 162 162 163 163 166 168 169 169 169 170 170 169 168 169 170 171 171 171 171 172 172 172 170 170 170 168 167 169 168 168 166 167 169 170 167 167 169 169 168 167 165 164 162 161
167 167 166 167 170 172 174 176 177 179 182 184 186 174 180 184 182 177 170 174 176 177 178 178 175 171 170 166 163 163 161 159 157 156 156 156 157 158 157 151 155 156 155 154 156 160 161 160 161 162 162 163 163 165 167 168 169 170 170 170 170 170 169 169 171 171 171 171 172 172 172 172 171 171 170 170 170 169 169 169 169 170 172 169 167 169 169 170 169 167 164 164 164
164 164 166 169 171 174 175 177 179 177 180 182 186 183 188 188 186 180 175 175 178 179 180 179 175 169 167 165 161 161 158 156 156 156 155 154 155 157 158 157 157 154 150 137 140 154 162 162 161 161 162 163 163 164 165 166 168 169 170 170 171 170 171 171 171 171 171 171 171 172 173 172 172 172 171 171 169 169 169 169 170 172 173 172 171 171 171 170 169 168 168 167 166
164 166 168 170 171 174 176 178 179 174 178 182 187 189 189 190 188 183 181 180 181 183 182 180 178 169 167 165 160 157 156 155 154 154 155 155 155 157 158 158 159 157 153 143 142 156 163 163 162 162 162 163 163 164 164 165 167 168 169 170 171 171 171 171 172 173 173 172 172 171 172 173 173 172 171 171 170 170 172 174 174 174 174 173 173 172 172 171 171 170 169 169 170
165 168 168 169 171 173 176 178 180 178 178 184 188 188 190 191 187 182 181 182 185 186 183 181 179 175 171 164 159 155 153 152 153 154 155 156 157 158 159 160 160 160 163 161 157 156 163 163 163 163 163 163 163 164 164 166 166 167 169 170 171 171 172 172 172 173 173 172 172 172 172 172 173 173 173 171 170 172 171 175 176 174 172 172 172 172 172 173 173 172 172 172 170
167 169 170 171 172 173 177 178 179 175 178 182 187 190 190 189 189 180 181 185 187 187 185 183 181 178 172 166 158 155 153 152 153 154 155 156 157 159 159 161 162 162 162 164 164 160 164 163 163 163 163 163 163 163 165 166 166 167 168 169 171 171 172 172 172 173 173 174 174 174 174 174 172 173 173 172 172 175 175 177 177 176 174 174 175 175 175 174 174 174 173 172 171
168 170 170 172 173 172 174 178 178 176 178 178 184 189 191 192 192 190 189 189 188 187 185 184 181 179 174 166 158 155 152 152 153 154 155 156 158 159 160 161 162 163 164 165 165 165 164 164 163 163 163 163 163 164 165 165 166 167 168 169 170 171 172 172 172 173 173 174 175 175 175 175 175 174 174 174 174 177 177 178 177 176 175 176 177 176 174 174 173 173 173 173 173
167 169 168 172 174 174 175 179 180 180 179 178 180 187 189 188 190 193 192 190 187 186 183 182 181 180 176 168 161 156 154 153 153 154 156 157 158 159 160 161 162 162 164 165 165 165 164 163 163 163 163 163 163 164 165 165 166 166 167 168 170 171 172 172 172 173 173 174 175 175 176 176 175 175 176 177 178 179 178 178 178 178 178 178 176 175 174 174 174 175 174 175 174
168 168 168 171 175 175 177 179 180 180 177 178 178 184 184 182 188 193 193 191 186 181 179 179 181 180 178 172 163 157 157 155 154 154 155 157 159 160 159 160 161 162 164 165 165 165 164 163 162 162 163 163 163 164 164 165 166 167 167 168 169 170 171 171 172 172 173 174 175 175 175 175 176 176 178 179 179 179 178 178 179 180 179 178 177 176 176 176 177 176 175 176 176
167 169 170 172 174 175 176 177 179 180 178 179 176 179 179 184 188 192 193 192 191 185 174 176 178 180 180 177 171 166 163 158 156 156 157 158 160 160 159 160 161 162 163 164 164 163 163 163 162 162 162 163 163 163 164 165 166 167 167 168 169 170 171 171 172 173 173 174 175 175 175 176 177 178 179 179 179 178 177 178 180 181 179 177 176 176 177 178 176 175 177 177 177
169 171 171 172 172 173 175 175 176 179 179 176 170 173 173 182 189 192 192 192 192 190 182 176 176 179 182 181 179 174 168 163 160 158 158 161 164 161 159 161 162 162 162 164 162 161 162 162 162 161 160 161 162 163 163 164 165 166 167 168 168 170 171 171 172 172 173 174 175 176 177 177 178 179 179 180 179 179 180 181 182 181 179 179 178 179 179 178 177 178 178 178 178
168 170 170 170 169 168 172 173 172 177 178 175 169 165 171 179 188 190 191 191 191 190 189 185 180 181 182 182 181 179 175 173 168 163 165 170 166 161 160 160 161 161 162 163 163 162 160 158 160 160 160 159 159 162 163 164 165 166 167 167 168 169 170 171 172 172 173 174 176 177 177 178 179 180 181 181 182 182 182 183 183 182 181 181 181 181 180 180 179 179 179 179 178
164 167 169 168 164 164 168 171 172 173 177 172 169 172 175 183 190 191 191 191 191 190 189 188 185 183 182 182 183 182 180 178 174 173 173 172 164 168 162 163 165 162 162 162 162 162 160 157 160 160 159 159 159 160 163 163 164 166 167 167 168 169 170 171 172 173 173 174 175 176 178 179 180 180 181 182 183 183 183 184 183 183 183 182 181 181 180 180 179 179 179 178 178
162 166 168 168 169 169 169 169 172 176 177 170 167 172 181 185 186 189 190 190 190 189 189 188 187 184 183 183 183 182 183 182 179 176 174 165 172 172 169 169 166 166 165 162 162 161 160 159 158 158 157 158 159 159 162 163 164 166 166 167 166 168 170 171 172 173 174 174 175 176 177 179 180 181 182 182 183 184 185 185 185 184 184 183 181 180 179 178 179 179 179 178 178
161 164 167 170 170 171 169 171 175 176 175 170 169 168 174 182 187 187 188 188 189 188 183 185 186 185 182 180 179 178 178 178 176 177 183 178 175 176 174 173 171 171 164 162 162 161 160 159 157 157 156 157 158 158 160 162 164 165 166 167 167 168 167 170 172 173 174 175 175 176 177 179 179 180 181 182 183 183 184 184 184 184 184 182 181 181 179 178 179 179 179 179 179
164 162 167 169 170 171 172 175 175 173 172 172 171 170 174 178 184 187 187 187 188 186 181 181 184 183 179 176 173 172 172 171 169 175 184 183 177 179 179 177 174 171 165 165 162 161 160 158 156 156 153 157 158 158 159 160 162 164 165 166 167 168 165 170 171 173 174 175 175 176 177 178 179 179 181 181 182 183 183 183 183 184 184 184 182 181 180 179 179 179 179 180 180
165 162 164 167 169 171 173 174 174 174 172 172 171 173 178 174 175 180 185 186 186 184 180 181 182 182 179 176 172 167 166 161 161 175 184 187 184 184 183 170 168 174 170 165 164 162 161 159 156 156 154 155 157 158 159 159 160 162 164 165 166 167 167 169 171 172 173 174 175 176 177 177 178 179 180 181 182 182 183 183 184 184 184 184 183 182 182 181 181 181 181 180 181
171 165 164 165 167 171 172 171 172 172 172 172 173 179 181 177 176 178 182 183 183 181 178 178 178 178 176 175 172 168 164 156 156 164 179 188 189 187 188 178 177 176 168 167 164 162 161 160 159 157 155 157 157 157 159 158 160 161 162 164 165 165 166 168 170 171 172 174 175 176 177 177 178 179 180 180 181 182 183 184 184 184 185 185 184 183 183 183 182 182 181 181 182
168 167 165 165 166 172 169 170 172 171 171 172 175 179 180 177 178 178 177 180 180 176 175 174 174 173 173 172 171 167 165 158 153 157 172 184 189 190 188 184 185 181 175 170 166 163 162 161 159 158 157 158 157 156 157 158 159 159 160 162 163 164 165 166 169 170 172 173 175 176 177 178 178 178 179 180 181 182 183 184 184 184 185 185 184 184 184 184 183 182 182 183 183
170 167 165 166 174 173 168 170 170 172 174 174 179 185 185 182 179 178 177 176 177 172 164 170 170 169 169 169 169 168 165 160 156 158 165 178 186 191 190 186 190 184 179 171 165 164 161 161 159 157 157 158 157 158 158 158 158 157 159 160 160 161 163 165 167 169 171 172 174 176 178 178 179 180 180 181 181 182 183 184 184 185 185 185 184 184 184 184 184 184 184 183 184
178 175 173 178 183 175 172 168 169 172 174 176 185 190 184 180 179 179 177 177 176 169 164 166 167 167 166 167 167 169 167 163 159 161 162 167 181 187 193 193 186 180 177 170 164 163 163 163 161 158 158 158 157 155 155 156 157 158 158 158 158 159 160 162 165 168 170 172 173 175 177 178 179 180 182 182 182 183 183 184 185 186 186 185 184 185 184 184 184 184 184 183 184
181 182 182 182 178 166 165 166 168 173 185 185 186 188 179 177 174 173 178 179 174 166 162 165 166 165 164 164 166 169 168 165 165 164 164 164 168 172 189 194 187 183 179 170 165 166 164 163 161 159 159 157 156 155 154 154 156 154 154 155 155 155 158 160 164 165 168 170 172 175 176 178 179 180 181 182 182 183 184 184 185 186 186 185 185 185 184 184 184 184 184 184 183
179 183 179 176 172 166 170 171 177 183 189 190 191 189 184 179 176 170 172 179 174 164 159 160 164 160 162 159 162 167 169 165 168 169 169 169 168 167 176 191 192 189 182 172 170 163 162 161 158 157 157 156 155 155 155 155 154 154 153 153 153 153 155 158 162 163 166 169 172 174 177 178 179 180 182 182 182 182 184 184 186 187 187 186 185 185 183 184 184 184 184 184 183
169 177 177 174 170 174 180 179 176 184 191 190 184 181 190 187 183 179 174 180 174 168 162 159 161 157 155 157 161 166 168 166 169 170 172 169 167 164 161 176 190 189 181 171 164 163 164 163 158 155 154 153 153 153 153 152 152 153 152 152 153 153 154 157 160 162 165 168 172 174 177 178 179 180 181 182 182 183 184 185 186 187 187 186 184 184 183 182 183 183 183 183 182
168 166 165 169 172 179 183 179 185 189 184 184 178 178 183 182 180 184 180 180 176 171 164 164 158 154 152 155 161 165 167 170 170 171 172 171 169 165 161 167 182 187 174 173 168 167 171 164 157 157 154 154 154 158 152 150 151 151 151 151 152 153 154 157 158 161 163 167 171 175 177 178 179 180 180 181 182 183 184 184 185 186 187 186 185 183 182 180 181 182 182 181 181
177 172 168 168 170 177 185 189 188 188 181 182 177 181 180 177 176 179 181 180 176 172 170 168 160 153 153 154 158 164 167 168 171 172 172 171 170 167 165 164 171 185 177 174 177 170 166 163 163 164 159 169 168 170 164 157 151 153 150 150 151 152 154 156 157 159 162 166 170 174 176 178 178 179 179 180 181 182 182 183 184 185 185 185 183 183 182 181 179 179 180 181 181
181 179 177 181 181 183 186 189 189 186 185 183 181 184 181 173 168 169 174 177 175 173 174 169 166 159 158 160 162 165 166 167 169 171 172 170 169 169 166 162 159 173 184 183 177 170 166 164 166 171 170 174 171 173 172 169 164 168 159 154 152 152 154 154 156 158 161 165 169 172 174 175 176 177 178 179 180 180 180 181 183 184 183 183 183 182 181 181 180 179 180 181 181
184 184 185 186 187 186 180 177 187 186 184 179 178 184 183 175 164 169 171 171 170 173 176 171 171 164 159 161 164 166 169 167 167 170 172 169 168 167 165 162 159 166 181 185 180 172 170 172 173 174 175 179 179 176 171 168 168 171 170 167 162 156 154 154 157 157 159 162 164 168 170 171 172 173 174 177 177 178 180 180 181 182 181 181 181 181 181 180 178 178 180 180 180
183 184 184 184 183 183 183 180 182 184 182 181 183 184 184 174 165 167 170 167 166 171 176 175 172 166 160 157 160 165 171 172 171 170 172 171 168 167 164 162 164 168 173 185 182 181 177 177 179 179 178 177 177 178 178 175 172 173 172 165 164 165 163 156 163 163 163 162 163 167 170 171 174 175 174 175 174 175 178 177 180 181 181 180 180 180 179 178 178 178 177 179 179
182 183 183 183 183 183 183 181 182 183 183 182 179 177 178 181 173 164 165 160 163 171 176 175 169 163 155 150 157 163 169 172 175 171 169 168 168 165 164 170 175 175 177 184 177 172 176 180 180 180 178 178 178 179 179 176 176 177 177 173 171 167 165 162 162 167 168 164 164 169 174 175 176 177 176 175 174 174 176 177 177 178 179 179 178 177 177 176 175 174 175 176 175
