data/bioclim/bclim11.asc
NCOLS 300 
NROWS 196 
XLLCORNER -121.25 
YLLCORNER 31.1666666666667 
CELLSIZE 0.0416666666666667 
NODATA_value -32768 
[rows 100 to 149 of 196, columns 192 to 287 of 300]
31 33 31 28 24 21 22 27 28 26 28 35 36 32 29 30 29 30 31 32 31 24 17 12 10 3 0 3 8 8 7 3 -3 -8 -11 -15 -13 -8 -8 -7 -8 -6 -2 1 5 7 10 13 15 16 17 18 19 20 22 23 24 23 23 22 23 22 22 22 22 20 16 16 17 18 21 21 20 21 19 19 20 20 18 16 16 15 15 16 14 15 13 12 13 12 12 10 8 6 6 4
36 34 33 28 22 22 20 24 23 20 25 34 37 34 27 25 24 27 31 33 33 29 20 13 15 9 2 2 6 9 15 10 -3 -9 -9 -13 -7 -4 -7 -6 -7 -10 -9 -4 3 6 9 11 13 14 16 18 18 19 21 22 22 21 21 21 22 22 22 22 19 17 19 19 20 22 21 20 19 19 21 22 21 20 19 17 17 17 18 17 15 16 15 15 15 14 12 11 10 8 6 4
35 32 33 30 24 23 18 20 20 22 25 32 35 38 36 30 21 24 28 34 37 36 32 26 25 17 11 11 14 14 20 16 -2 -3 -6 -9 1 -1 -8 -8 -7 -7 -8 -7 -3 4 6 9 11 13 16 17 17 17 19 21 21 21 21 22 21 22 22 20 19 20 21 22 22 22 20 17 17 19 23 23 21 18 17 17 18 20 17 16 17 17 17 15 14 12 11 9 9 8 7 4
34 30 29 30 26 21 15 16 16 21 27 30 35 38 39 37 29 24 27 33 40 42 43 40 35 28 22 16 18 26 37 20 1 4 3 5 10 -2 -10 -13 -9 -8 -6 -8 -9 -5 2 6 8 10 15 16 17 16 17 19 20 21 21 20 21 22 22 22 22 21 22 23 23 22 20 20 20 23 24 23 21 20 20 21 21 19 18 20 19 18 17 16 13 10 8 6 7 7 5 2
31 29 25 28 26 21 15 10 15 20 26 28 33 36 39 40 39 35 32 37 42 44 47 48 45 46 41 31 37 50 41 28 15 8 14 12 16 1 -1 -7 -11 -16 -10 -8 -9 -8 -7 3 6 10 12 15 16 16 17 18 19 20 20 19 20 21 22 23 23 22 23 24 24 24 24 24 25 25 25 24 23 23 23 23 23 22 21 21 20 19 17 16 12 9 4 1 2 2 0 0
26 28 25 25 27 20 16 17 18 23 27 29 32 35 38 41 42 42 41 39 42 46 50 52 52 53 51 51 54 54 38 52 36 38 50 31 24 14 8 -2 -7 -15 -7 -7 -9 -8 -6 -1 7 10 11 15 15 15 16 17 18 18 18 19 19 19 20 21 22 24 24 24 25 25 26 26 25 26 25 26 25 25 24 23 23 22 22 20 19 17 15 14 10 9 5 3 3 2 2 3
30 26 27 30 29 20 15 19 24 26 26 29 33 36 39 41 42 43 45 43 45 49 51 54 57 58 57 56 56 43 57 59 56 57 53 47 45 17 12 4 -3 -10 -11 -10 -11 -8 -6 -4 5 9 11 13 14 14 10 13 17 17 17 18 18 18 19 19 21 23 23 24 24 25 25 26 27 28 27 26 26 24 23 21 19 18 20 20 18 16 14 13 12 10 6 4 3 4 6 7
33 33 40 36 29 21 18 16 21 26 29 30 33 36 40 39 34 39 44 45 44 45 47 49 52 55 55 59 64 62 61 63 62 62 61 61 41 24 16 11 3 -6 -9 -11 -13 -10 -6 -4 0 5 10 12 13 13 12 14 11 15 16 17 18 18 17 18 19 20 21 21 21 22 23 24 24 24 24 25 25 23 22 22 20 18 18 18 17 16 16 15 14 11 7 6 7 8 10 9
50 53 45 32 27 25 22 20 23 25 30 34 36 38 40 38 33 35 41 44 41 42 41 44 48 50 50 58 66 66 63 66 66 66 65 62 46 45 27 16 7 -3 -10 -10 -16 -8 -3 -2 0 2 7 10 11 12 13 14 6 13 15 16 16 17 16 16 17 17 17 17 19 20 20 20 21 21 22 23 25 24 23 21 20 20 18 18 18 18 17 16 14 11 9 8 10 11 10 8
62 56 47 38 29 27 24 25 29 24 24 28 36 39 40 38 35 36 39 41 42 43 43 40 41 30 33 59 67 70 68 68 68 60 58 65 58 48 39 26 15 4 -7 -9 -13 -9 -4 -1 2 2 3 7 9 10 10 11 10 12 13 14 15 15 15 15 15 15 14 15 16 17 18 19 20 20 21 23 24 24 22 22 22 21 20 20 19 18 17 17 15 13 10 10 12 12 9 9
63 51 46 37 32 30 29 36 38 30 28 30 34 38 38 37 34 36 38 40 41 43 44 44 39 17 16 42 65 71 72 71 71 67 67 66 56 51 41 25 17 11 3 -3 -6 -3 -2 -2 2 3 3 6 7 8 9 9 8 10 11 12 12 13 13 14 14 12 12 13 14 14 15 17 18 19 20 22 23 24 24 23 23 22 22 20 17 17 19 18 14 12 13 13 14 14 13 13
64 60 53 41 36 33 37 42 41 34 34 33 31 36 37 34 34 36 37 39 41 43 45 44 42 25 8 20 59 69 72 72 71 70 71 69 67 56 46 32 22 15 9 3 1 3 1 -2 1 3 4 4 5 7 7 6 7 6 9 10 10 10 12 13 13 13 11 11 11 12 13 14 16 18 18 19 22 22 21 22 22 23 21 19 19 20 20 17 16 16 15 15 16 15 15 14
68 70 58 52 50 46 53 61 55 48 40 37 35 34 36 31 22 33 36 39 41 43 46 46 45 33 19 27 47 66 71 73 72 71 72 71 69 57 42 31 19 17 11 3 2 4 2 3 3 3 3 2 3 5 4 3 5 6 7 7 8 9 10 11 12 12 13 12 13 12 11 13 14 15 17 18 20 21 19 20 21 22 22 22 21 20 20 20 17 18 17 18 17 15 14 12
77 70 64 64 59 57 68 69 57 47 44 42 39 40 38 31 24 29 34 38 38 41 45 49 49 42 32 40 43 55 69 72 75 73 71 70 67 56 36 31 25 24 17 6 7 6 2 0 0 1 2 3 3 2 3 2 2 3 5 6 6 7 7 8 10 12 12 13 14 14 13 14 13 15 16 17 19 18 17 19 20 20 20 20 20 18 20 20 19 18 17 18 17 16 15 14
72 73 73 72 77 73 70 68 52 45 39 38 44 45 40 29 25 30 34 36 35 39 45 51 52 50 50 48 49 50 57 62 74 76 73 71 68 55 38 40 30 26 19 12 9 5 3 0 -2 -1 2 -1 -2 -1 -1 -1 1 1 3 3 4 4 5 6 8 9 10 11 13 13 11 12 13 13 15 16 17 16 16 17 18 17 18 19 19 18 17 18 16 13 15 16 16 15 14 13
77 77 78 79 81 79 76 68 60 52 46 35 39 50 44 28 21 24 32 27 31 29 38 50 56 50 56 60 61 60 59 57 65 77 78 76 71 58 49 31 24 20 11 9 7 4 1 1 1 0 -1 -2 -4 -3 -3 -4 -2 -1 2 0 2 3 3 5 7 7 9 10 11 12 11 11 14 14 16 17 17 16 15 16 14 15 16 17 17 17 16 16 12 11 13 15 15 16 14 10
84 81 77 81 86 80 69 62 65 62 57 52 45 54 47 38 28 24 29 23 19 24 36 50 55 54 59 63 65 61 58 51 42 65 80 78 70 57 35 30 31 27 12 6 2 -1 -1 -2 -1 -4 -4 -3 -6 -5 -4 -5 -4 -2 0 -1 0 0 3 4 5 6 7 8 10 10 12 13 13 15 16 17 17 16 14 14 14 11 14 15 14 15 13 12 9 10 14 13 13 15 13 9
87 82 86 87 78 73 64 61 62 60 58 61 56 56 52 45 34 37 26 18 13 21 37 51 57 63 66 67 69 66 63 54 42 55 74 79 64 61 46 40 47 28 12 11 3 2 1 8 -3 -6 -6 -5 -7 -6 -7 -6 -5 -2 -3 -2 -2 0 2 5 4 6 7 7 8 9 10 12 14 14 15 16 17 16 14 13 11 8 9 12 10 9 9 9 9 13 13 12 14 13 11 7
89 92 89 87 75 72 65 65 62 58 55 57 60 59 55 50 49 45 32 18 18 23 33 50 60 63 71 72 72 69 66 61 55 48 60 80 68 63 65 49 36 28 25 25 14 31 27 29 18 6 -4 -2 -8 -9 -9 -8 -6 -3 -5 -4 -3 -1 1 3 4 4 5 5 7 7 9 10 11 12 14 15 15 15 13 12 11 10 6 5 7 8 8 8 9 9 10 11 13 7 8 6
92 93 92 85 80 75 70 70 65 54 47 48 54 58 57 55 59 50 47 35 31 38 46 55 61 67 71 76 74 70 68 65 57 44 32 64 81 78 66 49 35 30 31 38 33 37 32 34 30 24 17 21 7 -1 -6 -8 -6 -7 -6 -6 -4 -1 1 2 2 3 3 4 5 7 9 8 9 10 13 14 13 13 13 12 10 9 7 5 8 8 7 6 6 7 8 9 10 12 7 4
85 81 89 85 80 73 68 72 70 59 43 50 54 54 53 58 65 60 61 48 35 43 54 64 75 72 73 76 78 71 68 63 55 45 34 49 78 85 73 54 46 47 46 44 42 47 44 38 30 24 23 26 24 18 11 0 -4 -7 -5 -5 -5 -3 -3 -1 0 0 1 1 2 4 6 6 9 9 11 13 11 10 10 10 10 8 5 4 6 6 5 3 2 4 7 8 9 12 10 5
89 84 83 84 80 76 75 75 73 62 48 51 55 51 50 59 69 70 67 55 42 36 45 65 81 84 82 80 81 77 70 66 56 47 49 57 66 88 80 76 64 61 63 58 52 44 41 43 41 35 29 30 29 17 14 14 8 -3 5 3 0 -2 -3 0 2 2 5 5 3 4 2 4 7 6 10 11 11 10 9 8 6 5 5 3 3 3 3 -1 -2 2 4 7 9 9 7 6
90 86 85 84 82 79 73 70 69 73 61 49 50 41 48 63 73 73 65 52 31 21 39 61 78 87 93 84 80 76 73 64 58 68 78 75 77 92 71 57 63 71 70 66 54 45 43 45 46 39 40 42 40 30 25 18 13 6 5 10 10 1 0 4 10 10 10 11 8 6 4 4 6 8 7 8 8 9 7 5 3 2 0 -2 -1 0 -2 -6 -6 -4 -1 2 6 6 5 3
91 89 87 85 83 81 79 77 75 77 77 69 63 54 56 65 71 75 65 52 41 32 33 32 66 93 92 85 78 76 71 58 58 81 87 89 92 93 72 56 49 41 57 65 61 51 46 46 55 52 46 39 35 34 29 23 17 13 9 11 15 11 2 7 7 16 17 13 14 11 8 5 9 11 10 9 9 8 6 2 1 -2 -4 -7 -8 -7 -10 -12 -13 -10 -7 -2 3 4 3 0
92 89 87 86 85 84 83 82 82 82 82 81 77 71 63 70 67 74 65 59 48 52 36 36 62 97 93 94 82 76 76 67 60 76 85 91 97 91 73 54 47 33 28 64 71 67 59 63 63 54 47 42 33 32 29 29 24 17 13 15 20 21 8 10 18 21 14 19 17 17 14 12 15 14 15 14 12 9 7 2 -1 -2 -5 -10 -14 -18 -19 -22 -23 -17 -9 -5 -2 1 2 1
90 90 89 88 87 86 85 85 85 85 86 86 85 85 82 85 84 76 70 74 62 74 68 63 64 95 105 102 92 80 69 67 64 76 69 80 98 97 89 70 54 50 27 54 71 74 70 73 52 48 39 44 43 35 33 34 26 23 19 22 26 22 18 15 21 28 25 18 22 22 21 18 18 17 17 16 14 12 8 3 0 -2 -5 -8 -12 -17 -21 -27 -29 -24 -14 -9 -4 -2 0 -3
90 89 88 88 89 88 86 86 88 88 89 89 91 92 90 83 73 74 87 90 83 92 91 86 90 102 110 103 90 72 60 68 60 73 83 76 102 100 92 79 70 53 31 42 72 76 76 70 55 49 36 37 44 34 28 31 38 26 28 28 33 29 22 23 23 29 34 26 19 19 31 23 23 21 15 8 9 9 8 4 2 2 2 -5 -9 -13 -18 -25 -27 -25 -18 -13 -12 -15 -10 -9
92 92 90 89 90 90 90 89 90 91 92 94 94 91 87 81 72 79 87 96 97 103 106 99 102 110 112 105 92 70 78 80 68 70 84 89 105 102 95 85 76 51 30 45 59 74 78 73 52 36 37 38 42 39 29 28 41 35 30 30 38 38 26 26 32 34 38 34 26 19 33 32 28 23 18 10 13 11 7 9 11 9 -1 -8 -13 -13 -18 -22 -25 -25 -21 -18 -23 -25 -21 -14
94 93 92 91 91 91 91 90 90 91 93 95 97 95 93 89 84 81 81 94 104 108 114 114 111 113 111 106 98 88 82 82 82 81 71 88 106 106 98 85 67 46 46 48 66 76 80 71 54 36 35 37 38 33 28 34 44 36 34 40 46 46 30 30 27 35 41 35 28 25 34 37 30 24 25 20 17 17 10 16 16 3 -13 -13 -15 -20 -26 -33 -30 -28 -25 -24 -26 -26 -26 -20
94 93 93 93 92 91 90 90 89 89 92 94 97 100 99 98 94 92 92 94 100 112 116 117 114 109 110 109 105 91 78 92 77 77 76 81 94 105 104 91 74 57 64 60 54 77 82 79 65 45 32 30 35 34 26 37 46 30 35 39 42 50 32 33 29 31 41 37 30 26 36 40 36 29 32 30 24 15 16 24 19 7 -3 -7 -14 -21 -32 -41 -39 -32 -28 -24 -23 -24 -24 -22
92 93 94 94 93 91 90 89 89 89 90 92 95 101 103 102 102 100 101 100 107 113 116 117 112 114 113 109 111 105 98 102 87 75 85 81 86 95 106 102 83 72 72 61 48 79 83 81 75 64 55 45 39 39 30 22 51 39 33 36 41 50 40 35 35 41 42 31 29 29 38 43 39 38 35 27 19 17 23 28 20 7 -3 -8 -14 -22 -31 -35 -41 -31 -25 -22 -22 -20 -19 -19
86 93 95 95 94 91 93 94 94 94 96 98 99 103 106 105 106 108 109 110 110 113 116 117 116 116 116 114 113 110 109 108 99 94 93 95 94 95 104 109 92 74 76 76 57 70 85 85 79 67 62 58 58 36 36 21 34 57 42 36 41 53 56 50 53 47 37 37 39 35 40 42 41 41 34 30 26 25 29 26 20 17 7 3 -8 -16 -23 -28 -27 -24 -22 -20 -21 -20 -16 -17
97 97 96 96 97 97 98 98 98 99 101 102 103 105 107 108 109 111 112 113 114 115 117 119 118 118 117 116 115 115 113 109 105 100 97 102 105 110 112 101 82 87 88 66 53 62 85 89 87 82 59 64 59 41 32 17 21 61 68 62 61 66 70 60 53 58 50 50 50 48 48 46 40 37 38 32 35 37 38 33 25 18 12 0 -9 -9 -12 -14 -17 -18 -18 -14 -13 -13 -14 -16
100 97 96 95 97 98 100 102 102 103 104 105 106 108 108 109 111 112 114 115 116 117 118 119 119 118 118 117 116 116 114 111 108 102 100 105 110 116 114 99 86 94 93 72 49 56 76 89 93 90 79 76 73 73 56 34 48 57 79 70 66 76 65 55 43 49 46 44 42 41 50 49 43 38 43 37 41 39 30 29 13 7 2 -2 -2 -3 -5 -10 -11 -11 -9 -8 -7 -6 -9 -15
102 99 96 95 96 97 100 103 104 106 107 108 108 110 109 111 112 113 115 116 117 118 119 119 119 118 118 118 117 117 116 114 111 104 103 106 112 116 116 106 98 103 95 77 62 52 69 86 92 98 95 92 89 87 79 66 67 72 82 75 77 72 59 44 39 38 39 39 35 38 37 46 49 47 41 38 29 25 22 21 16 13 7 5 4 -2 -9 -8 -7 -6 -5 -3 -4 -5 -6 -10
105 104 101 98 97 97 101 103 106 107 109 109 110 111 110 111 112 114 115 116 117 119 120 119 121 120 119 119 118 118 117 116 115 110 97 108 113 117 117 112 110 104 97 88 77 56 48 72 87 93 100 100 97 95 93 84 78 85 85 82 77 67 58 37 32 36 34 32 36 32 36 35 42 45 41 31 31 27 25 22 21 18 14 11 5 1 -3 -4 -4 -1 1 -3 -9 -18 -18 -14
109 106 103 104 105 104 103 104 104 109 110 111 112 112 110 109 110 110 115 117 118 119 120 120 120 120 120 120 119 119 119 118 118 116 101 109 115 118 117 114 111 105 102 102 91 76 66 58 93 98 88 94 99 100 98 95 85 86 88 77 66 62 59 42 39 49 38 31 32 29 31 33 32 33 38 41 32 31 29 26 24 22 16 11 3 -3 -1 -3 0 4 -1 -11 -14 -18 -21 -17
113 112 107 106 109 110 109 110 111 111 112 112 113 112 110 102 98 109 115 117 118 119 120 120 121 121 120 120 119 119 120 120 120 119 114 111 116 118 117 114 111 112 111 108 99 96 101 93 105 98 77 85 96 98 98 93 88 71 69 74 56 57 61 51 48 57 49 40 33 32 31 29 34 33 30 37 34 31 32 28 27 24 21 14 7 4 8 9 5 4 -6 -12 -17 -21 -16 -7
115 115 115 112 110 112 113 113 114 114 113 114 114 113 111 105 95 108 116 117 118 119 120 120 121 121 121 121 121 118 119 121 121 120 119 117 117 117 117 116 114 114 114 111 107 103 95 99 96 90 80 77 92 89 93 81 84 75 69 55 42 58 64 64 54 63 63 52 42 45 46 40 44 40 37 29 34 33 31 32 29 27 21 15 14 16 11 8 9 9 5 -4 -10 -12 -10 -2
117 117 117 116 115 114 115 115 115 115 115 115 115 114 113 110 104 111 116 117 118 118 120 120 121 121 121 122 122 121 120 121 121 120 120 119 118 117 114 114 111 106 111 111 108 102 98 89 87 72 67 70 78 83 88 78 83 87 76 62 47 58 65 71 70 70 71 64 59 59 57 53 47 46 40 31 27 29 27 26 24 24 23 18 19 18 16 14 14 18 20 15 11 5 3 12
119 118 118 118 117 116 116 117 117 116 116 116 115 115 114 113 112 115 116 117 118 119 119 120 121 120 121 122 123 123 122 121 121 121 120 120 119 117 113 111 111 110 111 108 107 96 87 89 83 66 56 65 82 91 86 71 79 87 80 66 64 63 69 74 77 76 76 72 65 63 61 59 54 49 44 35 28 20 22 24 25 23 23 22 22 18 12 10 17 24 25 14 8 4 13 18
120 120 120 119 115 115 117 117 118 118 117 117 117 116 116 115 116 117 117 118 118 119 119 120 120 120 120 121 122 123 123 121 121 121 119 119 118 117 116 115 115 115 111 94 97 97 96 90 84 69 63 78 83 89 81 63 74 83 84 72 75 73 72 75 79 80 80 78 71 69 64 61 59 53 54 50 41 32 22 18 23 23 22 23 23 21 17 14 17 26 31 17 4 1 13 14
120 121 121 120 118 118 119 119 119 119 119 118 118 117 117 117 117 117 118 118 119 119 119 119 120 120 120 121 121 122 121 121 120 120 119 118 118 118 117 116 116 116 115 112 103 106 106 103 97 92 75 73 74 83 85 72 84 83 83 80 79 81 81 80 81 82 82 81 77 70 65 62 58 52 50 51 47 48 38 24 16 18 20 24 26 26 25 21 19 28 37 26 16 12 14 22
120 121 121 121 121 121 121 121 121 120 120 119 119 119 119 118 118 118 118 118 116 116 117 119 119 119 118 116 114 114 118 119 119 119 119 118 118 118 117 116 116 116 115 115 114 112 109 109 106 105 98 86 69 70 71 73 63 67 75 78 81 83 84 83 82 83 83 82 75 67 66 64 57 52 47 47 49 49 46 42 21 12 15 22 26 24 25 27 28 37 42 32 21 19 20 24
121 122 122 122 122 122 122 121 122 121 121 121 120 120 119 118 117 117 118 117 116 112 109 117 118 118 116 114 114 116 117 118 118 118 118 117 117 117 117 116 116 116 115 115 114 114 113 112 112 111 110 101 82 78 78 76 57 43 49 65 78 82 79 75 76 81 83 84 80 74 73 70 66 56 56 48 47 46 44 46 45 36 24 17 23 23 27 22 22 32 46 37 30 23 30 38
119 121 123 123 122 122 122 121 121 122 122 122 119 117 118 118 117 117 117 117 116 114 108 103 114 117 116 116 116 116 116 116 116 116 117 116 117 117 117 116 116 115 115 115 115 114 113 113 110 111 109 109 85 88 96 94 76 51 41 59 75 78 68 67 73 80 84 85 82 80 80 78 75 70 66 59 55 46 45 46 46 45 43 36 21 23 26 34 36 40 42 35 26 22 33 41
124 123 123 124 124 123 121 121 121 121 121 122 121 120 120 118 117 117 117 117 116 115 114 110 101 113 116 115 115 114 114 115 115 115 115 116 116 116 116 116 115 115 115 115 115 114 114 113 110 105 103 106 97 97 97 91 83 71 70 66 72 76 70 70 79 83 85 86 85 85 83 82 81 78 76 71 62 58 48 40 45 46 46 44 35 26 29 24 29 50 42 32 15 15 26 33
127 127 126 127 127 126 124 122 119 120 121 122 123 122 120 118 116 116 116 116 116 116 115 113 109 105 114 114 113 113 113 113 114 114 115 115 114 113 114 114 114 114 114 115 114 114 114 113 111 109 99 104 103 104 105 85 95 90 86 69 61 74 77 80 84 87 88 87 85 84 83 84 84 83 82 80 72 67 56 40 40 45 47 47 46 39 36 30 36 52 51 35 18 23 36 55
129 126 129 129 129 127 124 123 121 120 119 120 123 124 121 117 117 115 115 115 116 115 115 114 111 105 111 113 112 111 112 112 113 113 113 114 113 112 112 113 114 114 114 114 114 115 114 114 113 112 109 110 111 106 109 96 90 95 99 95 87 79 87 86 88 84 83 82 81 78 76 75 76 78 81 83 78 74 67 58 42 43 44 43 48 50 48 38 41 52 55 37 23 32 38 63
132 131 131 131 131 129 122 124 126 125 123 123 122 124 122 121 117 112 113 115 115 115 115 114 112 112 112 112 111 110 111 112 112 113 113 113 113 113 113 113 112 113 113 114 114 114 115 115 115 114 114 113 111 111 110 109 100 91 91 99 100 97 89 76 75 82 81 77 74 71 63 57 61 69 77 82 83 80 74 66 56 49 49 44 44 46 52 50 51 49 58 49 35 47 57 60
