data/bioclim/bclim14.asc
NCOLS 300 
NROWS 196 
XLLCORNER -121.25 
YLLCORNER 31.1666666666667 
CELLSIZE 0.0416666666666667 
NODATA_value -32768 
[rows 0 to 68 of 196, columns 192 to 287 of 300]
15 13 12 13 13 12 12 12 12 12 12 12 11 11 11 11 11 11 11 12 14 16 20 23 27 25 18 17 18 20 19 17 16 19 23 23 21 17 17 17 20 24 30 31 29 28 24 22 26 24 26 22 19 16 15 15 15 15 15 15 15 15 15 16 15 13 13 12 12 12 13 15 16 15 14 13 11 14 19 21 22 23 25 26 25 23 22 23 24 25 22 20 19 18 18 18
14 13 12 12 12 12 12 12 12 12 12 12 11 11 11 11 11 11 11 12 13 15 18 23 24 22 17 17 19 23 21 18 16 17 20 20 20 17 17 19 24 26 31 32 30 28 24 21 22 21 17 16 16 15 14 14 14 14 15 15 16 16 16 17 14 13 12 12 12 11 12 14 13 14 15 13 12 13 15 17 21 25 25 26 25 24 24 25 24 21 21 21 19 17 17 15
13 12 12 13 12 12 12 12 12 12 12 12 12 11 11 11 11 11 12 12 13 14 16 18 19 19 17 16 19 22 19 17 15 16 17 18 17 16 18 22 26 28 31 30 29 26 27 22 26 24 21 16 14 14 14 13 13 14 14 16 18 18 19 19 18 14 12 12 12 11 11 13 12 12 14 14 11 13 15 16 18 20 24 26 24 25 24 25 23 20 19 18 18 17 16 14
12 12 12 13 13 12 12 12 12 12 12 12 12 11 11 11 11 12 12 12 13 14 15 17 17 18 21 19 19 21 18 18 15 15 16 16 16 17 21 25 27 29 32 29 24 22 23 21 23 22 18 15 14 13 13 13 13 13 13 13 14 16 19 19 15 13 13 13 12 11 13 16 15 14 12 12 13 14 15 15 17 19 22 25 23 24 24 22 19 18 17 16 16 15 14 14
12 11 11 12 12 12 12 12 12 12 12 12 12 12 12 12 12 12 12 12 13 14 14 15 16 18 22 24 18 20 19 17 15 15 15 15 16 17 21 25 26 29 31 28 27 26 23 19 22 21 15 14 13 13 12 12 12 12 12 13 13 14 15 15 14 13 12 12 12 11 11 15 15 14 13 11 13 14 15 16 16 17 19 21 22 22 20 21 20 18 16 15 14 14 13 13
12 11 11 11 11 12 12 12 13 12 12 12 12 12 12 12 12 13 12 13 13 14 14 15 17 19 25 24 18 19 19 17 15 14 15 15 16 17 19 20 23 27 30 30 28 29 25 20 18 15 14 13 13 12 12 12 12 12 12 13 13 14 15 16 15 15 13 12 11 11 10 12 14 12 10 11 12 12 13 14 16 18 17 19 19 19 17 17 16 17 16 14 13 13 13 13
11 10 11 11 11 12 12 13 14 14 12 12 12 12 12 12 13 13 13 13 13 14 15 16 17 21 27 23 18 20 21 17 15 14 14 15 16 18 23 24 27 30 29 25 23 24 26 24 20 15 13 13 12 13 12 12 12 12 13 14 13 11 11 13 14 15 13 11 11 10 10 11 12 10 10 10 11 12 13 15 16 17 16 17 17 18 17 15 13 13 13 13 13 13 13 13
11 10 11 11 11 12 13 16 14 13 12 12 12 12 12 12 13 13 13 13 14 14 16 16 19 23 28 24 18 18 19 17 15 14 14 15 16 19 21 25 26 29 29 27 24 22 21 21 20 16 13 13 13 12 12 12 12 12 13 14 12 12 12 11 12 12 11 11 10 10 10 10 10 10 10 10 10 11 12 13 13 13 14 15 15 15 15 14 13 12 12 12 12 12 12 13
10 10 10 11 12 13 16 17 14 13 13 12 12 12 13 13 13 13 13 13 14 15 16 17 20 25 27 25 20 17 17 15 14 14 16 17 19 21 22 23 22 24 26 24 22 22 22 19 14 13 13 13 12 12 12 12 12 13 13 13 13 13 13 13 13 12 11 11 10 10 10 10 10 10 10 10 10 10 11 12 12 12 12 13 12 12 12 12 12 12 12 12 12 12 12 12
10 10 11 11 12 15 16 16 14 13 13 13 13 13 13 13 13 13 13 13 14 15 16 18 20 25 27 24 22 18 17 14 14 14 15 17 17 18 21 20 20 20 21 22 22 20 17 16 12 12 12 13 12 12 12 12 13 13 13 14 13 13 14 14 14 13 12 11 10 10 10 10 10 10 10 10 10 10 10 11 11 11 11 11 11 12 12 12 12 12 12 12 12 12 12 12
10 10 11 11 13 17 17 16 15 14 13 13 13 13 13 13 13 13 13 14 14 16 19 23 25 24 24 23 20 18 15 14 14 15 16 16 15 17 17 19 18 19 21 21 19 15 13 12 12 12 14 12 12 11 12 13 15 14 15 15 15 15 15 15 15 14 12 10 10 10 10 10 9 9 10 10 10 10 10 10 11 11 11 11 11 11 11 11 12 12 12 12 12 12 12 12
10 10 11 12 14 17 17 17 15 14 13 13 13 13 13 14 13 13 14 14 15 18 23 26 28 24 21 20 19 15 14 14 15 16 17 18 17 20 19 20 18 19 21 21 19 15 12 11 12 12 12 11 11 11 13 15 15 16 16 16 15 15 14 14 14 14 12 9 9 9 10 10 9 9 9 9 10 10 10 10 10 10 11 11 11 11 11 11 11 12 12 12 12 12 12 12
10 10 11 12 14 16 16 14 14 13 13 13 13 13 13 14 13 13 14 14 15 19 24 27 24 22 19 17 15 14 14 15 16 16 17 19 19 21 23 21 19 19 20 19 14 12 11 11 11 10 11 10 10 12 14 16 16 16 16 16 15 15 14 14 13 13 10 9 9 9 9 10 9 9 9 9 10 10 10 10 10 10 10 11 11 12 12 12 11 12 12 13 13 12 12 12
10 10 11 12 14 14 14 13 13 14 14 14 14 14 14 14 14 15 15 15 16 18 23 23 22 20 17 15 14 13 14 16 18 17 17 18 21 26 26 25 24 21 19 18 14 13 12 12 11 10 10 10 10 12 14 13 13 14 15 15 14 14 13 12 12 10 9 9 9 9 9 9 9 9 9 9 9 9 10 10 10 10 11 11 11 11 11 12 12 11 12 13 13 13 12 13
10 10 11 12 14 13 13 13 14 15 14 15 15 15 15 15 14 16 18 20 19 18 20 21 22 19 16 14 13 14 15 18 18 18 18 21 24 27 30 29 26 23 20 20 16 14 12 11 10 10 9 9 10 12 11 11 12 14 14 14 14 13 12 11 11 9 9 9 9 9 9 9 9 9 9 9 9 10 10 10 11 11 11 11 11 11 11 11 11 11 12 13 13 11 12 15
11 11 12 14 13 13 13 13 13 14 14 15 16 16 16 16 17 19 21 21 21 22 23 23 20 17 14 13 14 17 21 21 20 18 18 24 28 27 29 26 26 26 22 20 18 16 12 10 10 9 9 10 10 10 9 11 13 13 13 12 12 11 11 10 9 9 9 9 9 9 9 9 9 9 9 9 9 10 10 10 11 11 11 11 11 11 11 11 12 12 12 12 11 12 14 14
14 14 15 13 12 12 13 13 13 14 14 15 16 16 16 17 18 21 22 20 21 24 24 20 15 14 13 14 19 26 27 25 20 18 17 23 27 27 27 23 26 26 22 19 17 12 10 10 10 9 10 10 11 10 9 10 12 11 11 10 10 10 9 9 9 9 9 9 9 9 9 9 10 9 10 10 9 10 10 11 11 11 11 11 11 11 11 11 11 12 12 13 12 13 14 17
18 15 14 13 13 12 12 13 13 14 16 15 15 16 16 16 17 19 21 20 20 20 18 16 14 14 13 15 20 27 28 27 20 17 18 24 31 25 23 23 23 24 22 18 14 10 10 10 9 9 10 10 10 10 8 9 10 10 9 9 9 9 9 9 9 9 9 9 9 9 10 10 9 9 10 9 10 10 10 10 11 12 12 11 11 11 11 11 11 11 12 13 14 14 15 18
19 15 14 13 12 12 12 13 13 15 18 16 15 16 17 17 19 24 20 19 18 17 18 16 16 14 15 21 24 25 26 23 18 15 20 27 27 23 25 21 21 21 21 16 12 10 10 9 10 9 9 9 10 11 9 9 8 8 8 8 8 8 8 9 10 10 10 10 9 9 10 10 9 10 10 10 9 9 10 11 11 12 12 13 12 11 10 11 11 11 11 12 15 18 18 25
17 16 16 15 12 12 12 13 14 16 20 19 17 17 17 17 21 26 23 21 21 22 23 16 17 17 19 24 28 27 24 20 16 14 19 24 23 23 21 19 18 19 23 19 14 11 10 9 10 9 9 9 10 10 9 8 7 7 7 8 8 8 8 9 9 10 10 10 10 10 10 10 10 10 10 10 10 9 10 10 11 12 12 13 13 10 10 10 11 12 11 12 15 18 22 27
17 15 15 14 13 12 12 13 14 16 20 21 20 20 20 18 22 26 25 24 28 25 22 18 14 16 20 27 26 24 21 18 14 16 20 21 21 20 18 17 17 20 25 21 16 11 10 10 9 9 8 8 8 8 8 7 7 7 7 7 7 7 8 9 9 9 10 10 10 10 10 10 10 10 10 10 10 9 9 10 10 11 12 10 11 10 10 10 11 12 12 12 13 16 20 27
15 14 14 13 13 12 12 13 14 17 22 21 19 20 18 18 21 23 25 26 30 28 22 16 14 15 18 22 25 23 20 16 13 18 19 18 18 16 12 12 16 23 28 23 16 12 10 10 10 9 8 8 8 8 8 8 7 8 7 7 7 7 8 8 9 9 9 10 10 10 10 10 10 10 11 10 10 8 9 10 10 12 11 10 9 10 10 12 11 12 12 12 13 15 19 28
15 15 15 13 12 12 12 13 15 18 22 20 17 17 17 18 21 23 25 29 31 29 27 19 14 13 15 20 23 25 19 15 16 20 19 18 17 14 10 11 16 22 25 21 16 13 12 10 9 9 8 8 8 8 9 8 7 7 7 7 7 7 7 8 8 8 9 9 9 10 10 10 10 10 11 10 8 8 9 9 11 11 10 9 9 11 12 12 12 11 11 12 13 16 20 28
15 15 15 13 12 12 12 13 16 19 22 17 16 16 16 17 19 21 24 27 29 31 26 21 15 13 14 16 22 21 16 15 19 21 19 19 18 16 13 11 12 16 18 16 15 14 13 12 10 8 8 8 8 7 7 7 7 7 7 7 7 7 7 7 7 8 8 9 9 10 10 10 10 10 11 9 9 8 8 8 10 11 9 9 9 9 11 12 12 11 12 12 13 14 16 19
15 14 13 12 12 12 12 15 20 20 18 15 15 15 15 16 18 23 26 25 25 28 24 20 15 14 15 17 22 19 15 14 22 22 20 19 18 17 16 14 11 12 13 12 11 11 11 10 10 9 8 8 8 8 9 8 7 8 7 7 7 7 7 8 8 7 8 9 10 10 11 11 10 10 11 9 10 9 9 9 9 10 10 9 9 9 10 12 13 12 12 12 13 14 14 15
13 13 12 12 12 12 12 14 16 18 15 14 14 14 15 16 18 21 23 25 26 27 21 18 14 14 19 20 22 17 13 14 22 22 21 19 18 18 16 15 15 16 15 13 12 12 12 11 9 9 8 8 8 8 8 7 8 8 8 8 8 8 8 8 8 8 8 8 9 10 11 11 11 11 10 10 10 9 9 9 9 10 9 9 9 11 12 12 13 12 12 12 13 14 14 15
12 12 12 12 12 12 12 13 14 15 14 14 14 14 15 16 19 21 23 25 27 25 19 15 14 13 16 18 20 16 13 15 22 22 20 19 18 18 18 17 20 24 21 17 14 13 14 14 11 11 9 8 8 9 8 8 8 8 8 8 8 8 8 7 8 9 8 8 8 9 11 11 11 11 12 10 9 9 9 9 9 9 9 9 9 9 11 11 12 12 12 12 12 12 13 15
12 12 12 12 12 12 13 13 15 16 16 16 16 17 16 17 18 20 23 26 26 21 16 13 13 14 15 15 15 14 13 16 21 22 20 20 20 20 19 19 22 28 26 24 19 16 14 14 12 10 10 9 8 9 9 9 9 10 10 10 9 8 8 8 8 9 9 7 9 9 10 9 9 10 12 10 10 9 9 9 8 9 9 9 9 9 10 11 12 11 12 12 12 12 12 14
12 12 12 13 13 14 13 15 16 18 20 19 18 18 17 17 18 19 22 23 21 18 15 13 14 17 21 21 16 13 13 16 20 21 20 20 21 21 21 20 25 28 28 27 27 22 15 13 12 11 11 9 8 9 9 10 10 14 18 15 12 9 8 8 8 8 8 8 7 8 9 9 10 10 11 10 10 9 9 8 9 10 10 9 9 10 10 10 12 12 12 12 12 12 12 12
12 13 14 14 15 17 16 16 17 19 20 21 18 16 15 17 18 19 20 20 20 17 17 15 16 19 23 20 17 14 13 14 16 19 21 22 22 23 23 22 27 28 27 27 25 20 16 13 12 11 11 10 9 9 9 10 11 15 23 18 12 10 9 8 8 8 8 7 7 8 9 9 10 10 11 10 9 8 8 9 10 10 10 10 10 10 10 10 11 12 12 12 12 12 12 13
12 14 14 14 16 16 16 16 16 17 18 17 15 14 16 18 19 20 20 19 18 16 18 19 20 24 23 20 17 15 13 14 19 21 22 23 24 24 24 24 27 27 23 24 26 23 18 13 12 11 11 9 9 9 9 9 11 15 21 19 12 9 8 8 8 8 9 9 7 7 8 9 9 10 9 9 9 9 10 10 10 10 11 10 10 10 11 11 10 12 12 12 12 12 13 14
12 12 13 14 16 15 15 15 16 16 15 14 14 14 19 18 20 19 19 18 16 15 18 22 24 25 22 20 17 15 14 16 21 23 22 22 23 22 22 24 24 22 18 19 20 20 17 13 12 12 12 9 9 9 10 10 11 12 15 14 11 9 8 7 7 7 7 8 7 7 8 10 10 9 9 9 8 9 10 11 12 11 11 11 11 11 11 11 12 12 13 12 14 13 14 14
12 12 13 14 14 14 14 14 16 16 14 13 14 15 18 20 19 18 17 16 14 15 18 21 24 23 21 19 17 16 14 17 21 24 23 23 23 21 18 18 18 18 15 14 15 14 13 12 11 10 10 10 9 10 10 11 11 11 16 16 11 9 8 7 7 7 7 8 7 7 9 9 9 9 9 9 9 10 11 11 11 12 13 12 11 11 13 12 13 13 13 14 14 14 14 14
12 12 12 13 13 13 13 14 15 14 13 13 15 17 20 19 20 19 16 15 14 15 17 19 22 22 20 18 16 15 14 18 23 25 22 22 22 18 15 15 14 13 13 12 11 11 11 11 10 10 10 11 9 9 9 9 9 10 15 17 12 11 9 8 7 7 7 7 7 7 8 8 8 8 10 10 10 11 11 12 11 12 13 13 13 13 12 14 20 15 15 16 14 14 13 13
12 12 12 12 13 13 13 14 13 13 13 13 16 18 19 21 19 17 16 14 14 15 17 20 22 21 20 18 15 14 15 18 23 24 19 16 18 14 13 13 12 11 11 11 10 10 10 10 9 9 10 11 9 8 8 8 8 9 10 11 13 18 12 9 7 7 7 6 6 6 7 8 8 8 10 11 11 12 12 13 13 13 16 16 14 14 13 14 17 18 20 18 15 14 13 13
12 13 13 12 12 13 14 13 13 13 14 16 19 20 21 22 19 17 16 14 14 15 16 19 21 19 19 17 15 15 15 17 21 22 18 14 13 13 12 13 11 11 10 10 10 9 9 10 9 9 10 11 10 8 8 8 7 7 7 8 10 12 9 7 7 6 6 7 6 6 7 7 8 8 9 10 11 12 13 14 14 16 16 17 15 15 15 16 20 21 25 21 16 14 13 13
12 13 13 12 12 13 13 13 14 16 16 18 21 23 22 21 20 17 16 15 14 15 17 18 19 19 17 15 15 15 16 17 20 16 14 13 12 11 10 11 11 10 10 9 9 9 9 9 9 9 9 10 10 8 7 7 7 7 7 7 7 8 8 8 8 7 6 6 6 6 7 7 8 9 9 11 10 11 12 13 13 14 17 17 14 14 14 15 20 20 21 20 15 13 13 12
12 13 13 12 12 13 14 16 17 19 18 20 23 23 22 20 18 18 17 16 15 14 16 17 18 17 16 16 15 15 16 18 23 19 14 13 12 10 10 10 10 10 9 9 9 8 8 8 9 9 9 9 10 9 7 7 7 6 6 7 7 7 8 9 8 6 6 6 6 7 7 7 8 9 10 10 12 14 13 15 15 13 14 17 13 12 12 12 14 15 15 15 14 13 12 11
13 12 12 12 13 15 19 21 20 22 23 24 23 21 20 19 20 19 17 16 15 14 16 16 16 16 15 15 15 15 16 18 22 18 14 12 12 11 11 10 9 9 9 9 9 9 8 8 8 9 8 8 8 9 8 7 7 7 6 7 7 6 8 9 6 6 6 5 6 7 8 8 7 8 9 10 11 13 14 13 15 14 16 15 13 11 10 11 12 13 13 13 13 12 11 11
13 12 12 13 13 15 19 22 23 25 27 26 23 21 20 19 18 17 17 15 14 15 18 17 16 15 15 14 13 13 14 15 18 15 13 13 13 11 11 10 9 9 8 9 8 9 8 8 7 8 8 8 8 8 9 7 7 7 7 7 6 6 6 7 7 6 5 6 6 7 7 8 8 8 8 9 10 12 14 15 16 15 15 13 12 10 10 11 11 12 11 11 11 11 11 10
12 12 12 13 15 18 17 18 20 22 26 25 23 21 19 18 18 17 16 14 14 16 18 17 16 16 15 13 11 11 12 14 13 13 15 14 13 11 10 11 10 9 8 8 8 8 7 7 7 7 7 8 7 8 9 9 6 6 6 6 6 6 6 6 6 6 6 7 7 6 6 8 9 9 8 9 10 11 11 12 15 16 14 12 13 10 9 9 10 11 10 10 10 10 10 10
12 12 13 14 18 22 21 20 21 24 25 24 23 21 19 17 16 16 15 14 15 18 19 17 17 16 14 12 11 11 11 12 12 13 16 15 13 12 11 11 11 11 9 8 8 7 7 8 8 7 7 7 7 7 8 9 7 6 5 5 5 5 5 5 5 6 6 7 8 6 7 8 9 10 9 8 9 9 10 11 12 14 13 11 11 10 9 9 9 10 10 9 10 10 10 9
13 12 14 18 21 22 20 21 21 23 24 23 22 21 19 18 17 15 14 15 17 20 18 17 17 14 12 12 10 10 11 11 12 13 13 12 12 12 11 11 10 10 9 8 7 7 7 7 7 7 7 7 7 7 8 8 7 5 5 5 5 5 5 5 6 6 7 7 7 8 7 7 7 7 8 10 11 9 10 10 11 11 12 10 9 9 9 8 8 9 9 9 9 9 9 9
13 13 16 19 22 21 20 19 18 19 22 22 21 20 19 17 16 16 15 16 18 19 18 17 15 13 12 11 10 10 10 10 11 11 11 10 11 12 11 10 10 10 10 9 9 7 7 7 7 7 7 6 6 6 7 7 7 6 5 5 5 5 5 5 6 6 6 7 7 7 8 8 7 8 8 9 9 9 10 10 10 10 10 10 9 8 8 9 8 8 8 8 9 8 9 9
12 14 17 16 19 21 19 18 17 18 18 18 20 19 18 17 16 15 16 16 18 19 18 18 16 13 12 11 10 10 10 10 10 11 10 10 11 11 10 10 10 9 9 10 10 10 8 7 6 6 6 6 6 6 6 6 7 7 6 5 5 5 5 5 6 6 6 7 7 8 9 9 8 7 8 8 8 9 9 10 10 10 9 9 9 8 7 8 8 8 8 8 8 8 8 8
12 13 15 15 18 17 17 15 16 17 16 15 18 19 18 16 15 15 14 15 18 19 18 17 14 13 12 12 11 10 11 10 11 10 9 9 9 10 9 9 9 9 9 9 9 9 10 8 6 6 6 6 6 6 6 6 6 6 6 5 5 5 5 5 6 6 6 7 8 8 8 8 7 7 7 8 8 9 9 10 10 9 9 8 8 7 7 8 8 7 7 7 8 8 8 8
12 12 13 16 18 16 14 14 15 15 15 15 16 16 16 14 14 15 14 14 17 16 15 14 13 12 12 12 11 10 11 10 10 10 9 9 9 9 9 9 8 8 8 9 8 8 9 10 9 6 6 6 6 6 5 5 6 6 6 5 5 5 5 5 6 6 7 7 7 8 7 6 6 7 7 8 8 9 9 10 10 9 8 8 7 7 7 7 7 7 7 7 7 7 7 7
12 12 13 15 16 15 14 14 14 14 15 16 15 15 14 14 14 14 14 14 14 13 13 13 12 12 11 12 11 10 10 9 10 9 9 9 9 9 9 9 8 7 7 8 9 8 8 9 11 10 7 6 5 5 5 5 5 5 6 5 5 5 6 5 6 6 7 7 7 7 6 6 6 6 7 7 8 9 9 9 9 9 8 7 7 6 6 7 6 7 6 7 7 7 7 7
11 12 11 13 14 14 15 13 14 15 16 15 14 14 14 13 13 13 13 13 13 12 12 12 12 12 12 11 10 10 9 9 9 10 9 8 9 9 9 9 8 7 7 7 8 8 7 8 9 10 11 8 5 5 5 5 5 5 5 5 5 5 6 6 6 6 6 6 6 5 5 6 6 6 7 7 8 9 9 9 8 7 7 7 7 6 6 7 6 6 6 6 6 7 6 6
10 12 10 11 12 13 14 14 14 14 15 14 13 13 13 14 14 13 13 13 12 12 12 12 12 11 11 11 11 10 9 9 9 9 9 8 8 9 8 7 7 7 7 6 7 6 6 6 5 6 9 11 8 6 5 5 5 5 5 6 6 5 5 6 7 6 5 5 5 5 5 6 6 7 7 7 7 8 8 8 7 6 6 7 7 6 6 6 6 6 6 6 6 6 6 6
9 10 10 10 11 11 11 13 14 13 13 13 13 13 13 14 13 13 13 13 12 12 12 13 13 11 11 11 11 9 8 8 9 8 8 8 7 8 7 7 6 7 7 6 6 6 5 5 6 5 7 10 10 9 6 5 5 5 5 5 5 5 5 5 5 5 6 5 5 5 6 6 6 7 7 7 7 7 8 7 6 6 6 6 7 6 6 6 7 6 6 6 6 6 6 6
8 8 9 9 10 11 11 12 12 12 12 12 12 13 13 13 13 12 12 12 12 12 12 13 12 12 11 10 10 9 9 8 9 7 7 8 7 7 7 6 6 6 6 6 6 5 5 5 5 5 5 7 8 9 6 5 5 5 5 5 5 5 5 6 5 5 5 5 5 5 6 6 6 7 7 7 8 7 7 7 6 6 6 6 6 6 6 6 6 6 7 6 6 6 6 6
9 10 10 10 10 10 10 12 12 13 12 12 13 13 13 13 12 12 12 12 11 12 11 11 12 11 10 9 9 9 9 7 7 7 7 6 6 6 7 7 6 5 5 5 6 5 5 5 5 4 5 5 6 6 5 4 5 5 5 5 5 5 6 7 5 6 5 5 5 6 6 6 6 7 7 7 8 7 7 6 6 5 6 6 6 6 6 6 6 6 7 7 6 6 7 7
10 10 10 11 11 12 12 13 13 13 13 13 14 13 13 13 12 12 12 12 11 11 11 11 11 10 10 10 10 10 9 7 7 7 7 6 6 6 6 6 6 5 5 5 5 5 5 5 5 4 4 5 4 4 4 5 5 5 6 6 5 6 6 7 5 7 6 5 6 6 6 6 6 6 7 7 7 7 7 6 6 6 6 6 6 6 6 6 6 6 6 7 6 7 8 7
12 11 11 11 12 13 14 13 13 13 13 13 14 14 13 12 12 11 12 12 11 10 11 11 10 10 10 11 10 9 8 8 7 7 7 7 7 6 5 5 5 5 5 5 5 4 4 4 4 4 5 5 5 6 5 5 8 10 7 7 6 6 7 7 6 6 6 6 6 6 6 6 6 6 7 7 7 6 6 6 6 6 6 6 6 6 6 6 6 6 6 6 7 7 7 7
10 10 10 10 10 11 12 12 13 12 12 12 12 14 12 12 11 10 10 10 10 10 10 10 10 10 11 11 11 8 8 7 7 7 7 7 7 7 5 5 5 5 5 5 5 4 4 4 4 4 5 6 5 6 5 6 12 14 8 7 7 6 7 8 6 6 7 6 8 6 6 7 7 6 7 7 7 6 6 6 6 6 6 7 6 6 6 6 6 6 7 7 7 7 7 7
9 9 10 11 10 10 11 12 12 12 13 13 12 12 11 10 10 10 10 10 10 10 10 10 10 10 11 11 10 9 9 8 8 8 7 7 8 8 6 5 5 5 5 5 4 4 4 4 4 4 4 5 6 7 5 6 7 8 7 7 7 7 8 8 7 6 7 7 8 6 6 6 6 7 7 7 6 6 6 6 6 6 7 7 6 6 6 6 7 7 7 7 7 7 7 7
9 9 10 11 11 10 10 11 11 11 13 12 12 11 10 10 10 9 10 10 10 10 10 10 10 12 12 11 10 10 10 9 9 9 8 8 8 7 6 5 5 5 5 4 4 4 4 4 5 4 5 5 5 6 5 6 7 7 7 7 8 7 7 8 7 6 7 8 7 6 6 6 6 7 7 7 6 6 6 6 6 6 7 6 6 6 6 6 6 7 7 7 7 7 7 7
9 9 10 10 10 10 10 11 11 11 12 11 10 10 10 9 9 9 9 10 10 10 10 11 11 12 12 12 10 10 10 10 10 10 9 9 9 9 6 5 5 5 3 3 3 4 5 4 4 5 5 5 5 5 5 6 6 7 8 8 8 8 8 9 8 7 8 9 7 7 6 6 7 7 7 7 7 7 6 6 6 7 6 6 6 6 6 7 6 6 7 7 8 8 8 7
9 9 10 10 10 10 10 10 10 10 10 10 10 9 9 9 9 10 10 10 10 11 11 11 12 13 13 13 11 10 10 11 11 10 10 10 10 9 6 5 5 4 4 4 4 4 6 5 4 4 5 5 5 5 5 5 6 6 6 7 8 8 8 9 9 7 9 8 7 7 7 6 7 7 7 7 7 7 6 6 6 6 6 6 6 6 6 7 7 6 6 7 7 7 8 9
10 10 10 10 10 10 11 11 11 10 10 10 9 9 9 9 10 10 10 11 11 11 11 13 14 14 14 13 10 11 11 11 11 11 11 11 9 6 5 5 5 5 6 6 6 5 6 6 5 5 5 6 6 6 6 6 6 6 6 7 8 8 9 9 10 9 10 9 8 8 8 8 7 7 7 6 6 6 6 6 6 6 6 6 6 6 6 7 7 7 6 7 7 7 8 9
10 10 10 10 10 10 11 11 11 11 10 9 9 9 9 9 10 10 11 11 11 12 12 15 15 15 14 12 9 11 11 12 11 11 11 9 6 5 5 6 7 7 7 7 6 6 6 6 6 5 5 6 6 6 6 6 6 6 6 7 8 9 9 9 10 9 10 10 8 7 7 7 7 7 7 6 6 6 6 6 6 6 6 6 6 6 6 6 7 7 7 7 7 7 8 9
10 10 10 10 10 10 10 11 10 10 10 10 10 10 10 10 10 11 11 11 12 12 14 15 16 15 15 12 10 9 8 8 9 11 10 6 6 5 5 8 7 7 7 7 7 7 6 7 6 6 6 6 6 6 6 7 7 6 6 7 8 9 9 9 9 9 9 10 8 7 7 7 7 7 6 7 7 7 7 7 6 6 6 6 6 6 6 6 7 7 7 8 7 7 8 9
11 11 10 10 10 10 10 10 10 10 10 10 10 10 9 10 10 11 12 12 12 13 15 16 16 16 15 12 11 9 8 8 7 7 6 6 6 6 7 8 8 8 7 7 8 7 7 7 7 6 6 6 6 7 7 7 7 6 6 7 8 8 8 8 9 8 8 9 7 8 7 7 7 7 6 7 7 7 7 6 6 6 6 6 7 7 6 6 6 7 8 8 8 8 8 8
11 11 10 10 10 10 10 10 10 10 10 10 10 10 10 9 11 11 12 12 13 14 16 16 16 17 16 13 12 10 8 8 7 7 6 6 6 7 7 9 9 8 8 7 8 8 7 7 7 6 6 6 7 7 7 7 7 7 7 8 8 8 8 8 9 9 8 8 10 11 10 10 7 7 7 7 7 7 6 6 6 6 6 6 7 7 6 6 6 6 7 7 8 8 8 9
11 11 11 11 10 10 10 10 10 10 10 11 10 9 10 9 11 12 12 13 14 15 16 16 17 17 16 14 13 11 8 8 7 7 7 7 7 7 8 9 9 9 8 8 8 8 7 7 7 6 6 7 7 7 8 8 8 8 8 8 7 8 8 8 8 8 8 9 9 9 10 10 9 7 7 7 7 6 7 7 6 6 6 7 6 6 7 6 6 6 7 7 7 7 8 9
11 11 11 11 11 11 11 11 11 11 11 10 9 9 8 10 11 11 12 13 14 15 16 16 17 17 16 15 13 11 9 8 8 8 7 7 8 8 7 8 10 9 8 7 7 8 8 8 8 7 7 7 7 8 8 8 8 8 7 7 7 7 7 8 8 8 9 9 8 9 9 10 10 9 7 7 7 7 7 7 7 6 7 7 7 7 7 6 6 6 7 7 7 8 9 11
12 11 11 11 11 11 11 11 11 11 11 11 11 10 8 9 9 11 13 13 15 15 16 16 17 17 17 16 14 11 9 8 8 7 8 8 8 8 9 8 10 9 9 8 7 7 7 8 8 7 7 7 7 8 8 7 7 7 7 7 7 7 7 7 8 9 9 8 8 9 8 9 9 9 8 7 7 7 7 7 7 7 7 7 7 7 7 6 7 6 6 7 7 7 8 12
12 12 12 12 11 12 12 11 11 11 11 11 11 10 8 8 9 12 13 14 15 15 16 16 17 17 17 16 15 12 9 9 8 8 8 8 8 9 9 8 8 9 8 8 7 7 7 7 7 7 7 7 8 8 8 7 7 7 7 7 7 7 7 9 9 9 8 8 8 8 8 8 9 9 9 10 8 8 7 7 7 7 7 7 7 7 6 6 6 6 6 7 7 7 7 8
