data/bioclim/bclim2.asc
NCOLS 300 
NROWS 196 
XLLCORNER -121.25 
YLLCORNER 31.1666666666667 
CELLSIZE 0.0416666666666667 
NODATA_value -32768 
[rows 41 to 81 of 196, columns 93 to 185 of 300]
155 153 151 152 155 157 158 159 160 159 159 158 156 153 151 151 154 156 156 156 157 158 158 158 155 155 157 158 159 159 157 158 160 161 163 164 165 165 165 164 164 160 161 159 160 163 160 159 165 170 173 175 173 174 174 173 170 171 171 172 173 171 166 161 157 160 166 174 179 173 175 174 166 161 159 159 161 164 163 162 163 164 165 166 165 165 165 165 165 164 163 161 162
158 156 153 154 156 158 158 156 155 155 155 155 155 154 153 152 154 155 155 155 157 158 158 158 156 155 157 159 159 157 154 155 159 161 162 162 162 160 157 160 162 164 164 164 163 165 159 158 165 171 174 175 173 174 172 168 165 170 171 172 171 167 161 155 156 161 168 178 169 165 166 168 168 162 161 164 164 164 163 163 162 161 161 163 165 163 165 165 164 162 161 160 160
158 156 154 154 159 158 151 147 147 150 153 153 154 154 152 152 153 154 155 155 157 158 158 158 157 154 158 159 159 157 154 151 156 159 159 159 160 158 153 158 162 165 166 166 167 166 159 162 166 170 173 175 172 172 169 160 160 167 170 171 171 167 158 152 155 162 174 171 159 158 161 161 163 163 165 165 165 164 165 166 163 159 159 162 163 158 161 162 161 160 161 160 160
157 155 156 159 160 158 152 148 148 151 153 153 153 153 152 152 153 155 155 156 157 157 158 158 157 154 157 158 158 157 153 152 156 159 161 161 160 157 154 153 160 164 166 167 168 166 162 164 167 169 171 174 174 172 167 156 156 164 168 171 171 167 159 153 155 161 168 175 158 154 156 159 161 162 161 164 164 162 160 166 164 160 157 158 161 161 160 159 159 160 159 157 157
160 160 160 160 160 159 158 156 153 154 155 153 153 152 152 153 154 155 155 156 156 156 157 156 154 153 157 157 157 155 150 151 156 159 161 161 160 157 155 149 157 160 165 167 168 168 166 163 163 163 169 173 174 173 166 164 160 165 170 172 171 168 161 158 155 160 164 174 162 157 158 161 159 160 160 159 161 161 160 167 168 164 159 160 162 161 162 162 161 161 159 158 157
160 159 157 156 157 159 158 160 156 153 153 153 153 153 152 153 154 154 153 155 155 155 155 154 152 151 155 156 156 150 151 154 157 160 161 162 161 159 156 152 157 160 164 166 167 168 168 165 159 159 166 172 174 173 169 169 167 167 170 171 171 168 160 155 156 162 167 174 170 162 162 167 161 156 157 157 162 166 165 167 168 167 165 164 161 160 162 163 162 161 159 157 157
156 152 151 151 155 159 161 161 158 152 152 152 153 152 152 152 152 152 152 153 154 153 153 151 150 149 153 155 153 149 153 156 158 160 161 162 162 160 157 155 159 161 163 165 166 167 168 163 153 154 162 169 173 173 170 170 170 168 170 170 169 165 160 151 155 162 169 174 174 167 169 170 164 159 154 155 161 168 166 168 169 169 167 161 161 163 164 165 163 161 158 155 152
151 148 147 150 155 159 161 162 161 156 153 153 153 152 151 151 150 150 151 152 152 150 151 150 149 149 150 152 150 150 153 157 159 160 161 161 162 162 162 162 161 160 163 164 165 167 168 165 158 157 161 164 170 173 172 172 170 168 169 168 166 163 155 156 159 165 170 171 170 172 172 171 166 160 162 165 167 168 168 168 169 169 167 165 164 164 166 165 162 160 158 156 154
150 146 147 152 156 159 162 162 162 160 156 156 154 149 149 148 150 149 150 151 150 150 149 149 148 148 148 150 149 151 151 153 157 159 161 161 162 162 163 162 162 160 160 161 164 166 168 167 164 160 162 163 169 172 173 171 168 165 166 161 163 160 155 164 168 170 170 167 169 172 171 169 163 162 166 167 167 168 168 168 168 168 167 166 166 166 167 163 161 160 160 157 157
146 147 152 158 160 161 162 162 162 160 158 158 156 154 153 150 152 153 152 151 150 149 149 148 147 147 147 148 149 152 152 155 157 159 160 161 160 161 162 162 161 159 158 158 164 166 167 167 164 162 163 164 166 170 172 171 170 168 162 161 162 160 165 169 171 170 167 169 170 170 170 169 165 165 167 167 167 167 168 168 168 168 166 164 164 166 165 161 160 164 161 159 160
148 151 155 159 161 162 161 162 161 160 160 159 159 158 156 152 153 154 154 153 151 151 151 150 148 148 150 147 150 155 157 158 159 158 158 160 157 159 161 161 161 159 159 158 163 166 167 167 164 164 165 166 167 168 170 171 171 168 158 161 163 163 168 170 170 167 168 169 169 169 169 168 166 167 167 167 167 167 167 167 167 167 164 158 159 164 167 168 166 167 165 165 167
153 152 153 157 162 159 156 160 161 161 160 160 159 159 157 155 154 155 155 153 152 151 152 152 152 152 152 150 150 155 158 159 158 157 155 157 158 158 160 160 160 160 159 156 160 164 167 167 165 166 165 165 167 167 167 167 170 169 161 161 164 166 168 168 167 167 168 168 167 168 167 167 167 167 167 166 165 166 166 166 167 166 162 155 156 162 165 167 168 169 168 168 170
156 159 159 161 159 152 152 157 159 159 159 159 158 158 158 157 157 156 155 153 150 148 149 152 153 154 152 151 152 156 158 159 158 157 155 157 159 159 159 158 158 156 154 154 156 160 166 166 166 167 165 166 166 162 166 167 169 169 163 165 166 167 167 166 164 166 166 166 166 166 166 165 166 165 165 165 165 164 165 166 166 165 162 158 158 158 161 164 167 169 169 170 170
164 163 162 158 151 147 151 155 157 158 158 158 158 157 158 158 158 156 154 152 150 147 148 151 153 154 153 152 154 156 157 158 158 158 156 157 158 158 158 156 155 156 153 154 160 160 163 165 164 168 168 168 167 158 163 168 169 168 166 166 166 166 165 165 165 165 165 165 164 164 163 164 164 164 164 164 164 164 164 165 165 165 164 163 160 155 159 164 167 168 169 169 170
168 164 161 154 145 143 147 151 155 156 157 158 157 156 158 159 157 156 155 154 153 149 149 150 153 154 153 150 152 155 157 158 158 158 157 157 157 157 156 155 155 157 157 156 162 164 161 163 165 168 168 168 168 158 157 167 168 168 167 166 165 163 163 164 164 164 163 163 162 159 158 160 161 162 162 162 163 163 163 164 164 164 164 164 161 158 159 162 166 168 168 168 168
170 167 162 151 144 141 145 150 153 155 156 157 155 154 157 159 158 156 155 153 153 152 151 151 153 150 151 150 153 154 156 157 158 158 158 157 157 155 155 156 158 161 159 157 162 166 165 160 165 168 168 168 167 157 154 165 167 167 166 165 163 161 162 163 163 162 162 161 156 152 154 160 160 161 161 161 162 162 162 163 163 164 164 165 163 163 164 164 165 166 167 167 167
170 169 166 159 148 143 142 145 150 152 153 155 153 156 158 159 158 156 156 154 151 150 150 154 153 148 148 149 153 155 154 155 157 157 157 158 157 155 154 156 160 163 162 156 161 165 166 162 160 166 167 167 166 159 154 164 166 165 165 164 162 161 162 162 161 161 160 159 157 152 153 157 159 159 160 160 160 161 161 161 162 163 163 164 163 164 162 159 161 163 163 165 165
168 169 168 166 158 150 149 146 149 155 156 157 157 159 160 157 155 155 157 156 154 151 154 155 153 152 152 151 153 154 155 156 157 157 158 159 158 153 153 156 159 163 164 156 161 165 166 163 160 161 160 162 164 160 152 162 164 164 164 163 161 160 160 160 160 159 158 158 158 156 156 157 157 157 158 158 159 160 160 161 161 162 163 163 160 159 156 155 160 158 157 161 158
165 168 168 168 166 160 157 155 148 154 157 159 160 160 161 157 152 154 158 158 156 153 156 157 155 154 155 154 152 153 155 156 157 159 159 160 159 156 156 154 156 164 164 155 160 164 165 161 155 155 157 158 161 157 149 159 162 163 162 162 160 159 159 158 158 158 156 157 156 156 155 156 156 156 156 157 158 158 159 160 160 161 162 160 155 155 153 152 155 156 155 157 155
162 168 167 167 167 165 159 154 154 152 156 159 160 161 161 161 158 155 159 159 157 155 156 158 157 156 156 155 154 153 154 155 157 159 160 160 159 158 157 154 156 164 166 156 160 164 165 163 157 158 152 155 157 153 147 157 161 162 161 160 159 158 157 157 156 156 155 154 154 154 154 154 154 154 155 156 157 157 159 159 160 160 159 157 151 152 150 151 155 154 152 154 153
165 167 167 167 166 166 164 163 157 157 156 157 159 160 161 161 161 159 160 160 159 157 157 158 158 157 156 154 152 152 153 155 157 158 158 157 156 156 156 156 159 165 166 162 160 163 164 163 161 160 155 153 152 148 149 157 160 161 160 159 158 157 156 155 155 155 154 153 152 152 153 152 153 153 154 155 156 157 157 158 158 158 157 152 149 148 152 151 153 153 153 154 155
164 167 167 166 166 166 165 165 163 163 161 156 157 159 160 161 161 161 161 160 160 160 159 159 159 156 155 154 153 154 154 154 155 156 156 155 155 156 155 159 163 166 166 156 160 164 164 161 157 159 155 149 146 144 149 155 158 159 159 157 156 156 155 154 154 153 153 151 151 151 151 151 151 152 153 155 155 154 154 155 156 156 154 151 151 152 154 153 153 153 154 154 154
162 166 166 166 165 165 164 165 165 165 164 159 153 156 160 161 161 162 162 161 160 161 161 160 159 158 157 156 155 154 154 154 154 154 154 153 154 156 158 161 164 166 164 157 164 166 163 157 157 157 152 144 138 142 148 152 155 158 158 155 154 154 153 152 152 151 151 151 150 149 149 149 150 152 153 152 151 152 152 153 154 152 152 152 152 153 154 154 153 153 153 154 154
162 166 166 165 165 164 164 164 164 164 163 164 161 158 159 161 161 161 162 162 162 162 161 161 160 159 157 156 154 154 154 154 154 154 152 153 154 156 159 163 165 165 164 162 166 167 165 156 156 154 148 140 137 141 145 151 155 157 156 154 153 152 151 151 150 150 149 149 148 148 148 148 149 151 150 149 150 150 149 149 150 151 153 152 152 152 154 154 153 153 153 153 153
163 165 166 165 165 164 164 163 163 162 162 163 163 162 160 160 160 161 162 162 162 162 162 162 161 161 161 159 156 155 155 155 155 155 155 156 157 158 160 163 165 165 165 166 167 168 165 158 157 151 142 138 141 143 145 148 154 156 155 153 152 151 150 149 149 147 146 146 146 148 147 146 147 150 148 148 149 148 146 147 150 151 152 152 152 153 153 152 153 152 152 153 153
160 164 165 165 165 163 161 163 162 162 162 161 162 163 161 156 156 158 162 162 162 162 162 162 162 162 162 163 162 161 160 156 155 154 155 157 158 160 161 162 163 164 165 167 168 168 165 162 156 149 139 140 145 146 146 146 150 154 154 152 151 150 149 147 147 145 144 143 143 146 147 145 147 148 146 147 147 148 148 148 150 151 152 152 153 153 154 151 152 151 151 152 153
158 159 165 165 163 153 151 161 163 161 161 161 161 163 159 156 153 154 161 162 162 163 163 163 163 163 164 164 164 164 162 156 153 151 153 155 156 157 158 158 157 160 162 166 167 168 167 165 160 151 142 144 148 147 145 146 151 153 152 151 150 148 147 146 144 143 142 141 141 143 146 146 146 146 146 146 146 147 148 148 149 150 151 152 153 154 153 153 152 151 151 152 152
151 153 160 163 160 151 149 158 163 162 161 160 161 163 160 156 153 151 157 162 163 163 163 164 164 164 164 165 165 165 163 157 151 145 148 150 151 152 153 152 154 154 156 159 163 165 168 168 164 156 148 150 150 146 144 149 152 152 151 151 149 147 146 144 142 141 140 139 138 140 143 146 146 146 146 145 145 146 147 148 149 150 151 152 153 154 152 150 151 151 151 151 152
149 144 153 155 155 149 149 160 163 162 161 160 160 162 163 160 156 156 154 161 163 163 164 164 165 164 164 164 165 165 161 158 154 147 142 142 145 143 147 148 149 149 148 152 156 160 167 169 168 162 157 153 150 148 147 150 151 151 150 150 148 145 144 142 140 140 140 137 136 137 141 143 146 146 144 144 145 145 147 148 149 150 151 152 153 153 152 149 149 150 151 151 152
161 152 149 143 149 151 149 156 162 162 161 160 160 162 163 163 161 156 151 157 161 163 164 165 165 165 166 162 164 163 158 162 159 154 147 140 141 140 138 142 143 144 145 148 151 157 163 168 167 165 161 155 147 148 151 149 149 150 149 148 146 143 142 141 140 141 140 138 137 137 140 144 145 145 142 142 144 145 146 148 149 150 152 152 153 152 151 149 149 150 150 151 150
165 160 151 143 144 149 148 147 155 162 161 161 161 162 162 162 162 159 159 157 159 161 164 165 165 166 166 166 164 164 162 164 165 159 153 144 141 142 137 133 136 138 141 142 147 151 158 163 165 164 162 160 157 155 153 151 150 148 147 146 143 142 140 140 139 138 136 135 136 137 142 144 143 141 141 142 144 144 145 147 149 151 152 152 153 151 151 150 149 150 150 151 152
165 162 153 147 149 148 143 150 155 162 162 161 161 161 162 155 160 157 159 161 162 163 165 165 166 166 165 166 166 165 161 167 170 167 160 150 143 144 139 133 133 131 136 138 144 151 155 158 161 162 161 159 158 156 155 152 150 148 146 144 142 140 139 140 139 136 135 135 136 139 142 143 142 139 140 141 143 144 145 146 149 151 151 152 152 150 151 151 150 150 151 151 152
165 164 159 154 152 149 140 139 148 160 162 162 161 162 162 155 157 157 157 161 163 164 165 166 166 166 160 163 168 166 169 171 172 170 163 156 151 146 141 134 128 134 137 142 146 149 151 151 159 161 159 158 157 156 155 153 152 149 146 143 141 139 137 137 137 135 134 135 136 136 136 143 141 138 139 141 143 144 144 146 150 151 152 152 152 150 151 151 150 150 151 151 152
165 165 163 158 149 144 138 137 148 159 163 162 162 162 162 154 154 157 156 159 161 163 165 165 166 166 163 161 168 168 170 172 173 172 166 159 151 148 144 138 133 131 136 141 144 144 144 149 156 159 158 156 156 155 155 154 151 146 144 144 142 139 136 135 135 134 133 133 134 134 138 142 140 138 139 141 143 143 144 146 151 151 151 152 151 151 151 149 149 150 151 151 152
165 165 165 163 155 143 133 139 152 159 163 162 162 162 162 158 153 152 155 157 157 161 164 165 166 167 165 159 164 170 171 172 173 174 171 167 158 153 148 143 142 138 140 139 141 144 146 151 155 157 155 155 154 154 154 153 148 143 145 145 143 140 138 137 137 133 133 134 135 137 141 142 139 137 139 140 142 142 144 149 150 151 152 151 150 149 149 149 149 150 151 151 152
165 165 165 165 158 143 135 136 149 157 163 163 163 162 163 163 156 149 152 156 155 157 162 164 165 167 167 162 162 168 170 172 173 173 172 170 165 159 154 151 146 143 141 142 142 150 153 154 154 155 154 153 152 151 151 151 148 143 143 145 144 143 140 141 139 139 137 135 140 141 141 142 142 139 139 140 141 143 148 148 148 153 152 150 150 150 149 149 149 150 151 151 152
165 165 165 165 159 147 139 137 148 157 162 163 163 163 163 162 155 149 150 155 156 157 160 157 164 167 167 164 166 158 166 171 171 172 171 169 166 162 159 156 150 145 145 145 141 149 152 150 153 153 152 150 149 149 149 149 147 145 144 142 142 143 142 141 140 134 132 132 139 141 141 141 142 143 141 140 142 146 148 145 149 151 151 149 149 150 151 150 150 151 151 152 152
164 165 165 165 162 150 141 136 148 155 161 163 163 163 163 163 159 155 152 157 159 161 160 159 163 166 166 162 168 166 158 167 170 170 170 168 166 164 162 160 156 151 149 146 143 145 152 150 152 151 150 148 147 146 145 145 145 143 139 133 134 141 141 140 133 131 131 131 136 139 140 140 141 143 144 143 141 146 147 145 147 148 148 149 150 151 152 153 153 153 153 155 153
164 165 165 165 160 147 143 140 146 152 159 163 163 163 163 161 152 154 154 157 160 162 162 161 163 166 166 165 167 168 160 155 168 169 169 167 166 164 163 160 157 154 151 147 144 143 150 150 150 149 148 147 145 144 142 141 139 138 136 130 130 136 139 139 132 130 133 131 134 138 138 138 140 142 143 144 143 147 145 145 146 147 147 149 150 151 152 153 155 155 154 157 156
161 164 165 165 160 147 143 147 152 155 158 162 163 163 163 164 162 157 156 159 157 160 162 164 164 165 166 166 167 167 163 153 164 167 167 166 165 164 162 160 157 154 151 143 139 141 146 148 148 147 147 145 144 142 139 137 135 133 132 130 128 128 131 139 133 129 132 131 134 137 136 136 137 138 140 140 142 144 143 144 146 146 147 148 149 151 155 155 155 154 157 159 158
160 161 164 165 162 149 148 154 156 159 160 162 163 163 163 164 164 162 162 163 163 162 160 163 165 165 166 166 166 166 165 157 163 165 165 165 164 162 161 160 157 155 151 146 140 139 144 146 146 145 144 143 142 140 138 137 134 133 134 134 131 130 129 137 135 131 130 130 134 135 134 134 135 136 138 139 141 142 143 144 146 146 147 148 149 152 155 156 155 156 159 158 155
