data/bioclim/bclim15.asc
NCOLS 300 
NROWS 196 
XLLCORNER -121.25 
YLLCORNER 31.1666666666667 
CELLSIZE 0.0416666666666667 
NODATA_value -32768 
[rows 52 to 103 of 196, columns 96 to 191 of 300]
26 29 28 26 26 29 29 28 26 28 29 27 27 28 28 29 29 28 27 27 28 28 28 28 29 29 30 30 31 30 28 28 29 28 30 27 29 29 29 29 28 27 28 25 26 27 26 26 28 26 26 26 26 26 27 27 27 28 28 27 28 27 27 29 29 29 30 29 29 29 29 31 30 30 31 30 32 31 31 32 29 30 32 34 34 34 34 34 36 34 35 35 36 35 36 34
29 28 27 27 27 28 29 29 29 30 30 30 29 29 30 29 29 27 28 29 28 28 30 29 30 28 29 32 30 32 30 30 29 30 31 28 29 30 29 29 29 28 28 27 29 28 27 27 27 26 28 26 29 29 29 27 28 26 29 28 28 28 28 29 29 28 30 28 30 29 30 30 30 31 30 31 32 31 33 31 30 31 31 33 34 34 36 36 33 35 36 35 36 35 35 33
28 27 30 27 27 28 29 30 29 31 31 30 31 31 31 31 29 29 29 29 30 30 30 30 30 31 31 32 31 32 31 32 30 30 31 30 30 30 29 29 29 29 28 28 27 28 26 27 26 27 29 28 26 29 27 27 28 28 28 29 28 29 29 28 30 30 30 30 30 30 30 30 31 31 32 32 34 33 32 32 33 32 30 33 34 34 36 35 34 36 36 34 34 35 34 31
29 28 29 31 29 30 29 31 32 32 31 31 32 31 32 31 31 29 31 31 29 30 33 31 30 31 33 31 35 34 33 32 31 31 30 29 30 30 30 29 30 29 29 30 28 28 27 28 29 27 28 29 28 27 28 28 29 29 28 29 28 30 28 29 28 29 31 29 30 30 32 32 31 32 31 33 32 34 33 33 34 33 33 31 33 34 34 34 36 36 36 35 36 36 34 33
30 31 32 30 31 30 32 31 33 32 30 33 32 33 32 31 32 34 31 32 33 33 33 30 30 32 33 34 35 35 33 34 31 31 31 31 31 30 31 30 30 29 28 27 30 28 27 27 28 27 28 29 28 29 26 28 28 28 28 29 30 29 28 30 29 30 30 30 31 32 31 32 32 32 32 34 33 34 33 33 35 34 34 35 34 34 34 36 35 36 36 34 36 35 34 33
33 32 32 33 31 31 30 31 32 32 32 34 32 35 33 33 34 31 31 31 33 32 31 32 30 33 32 33 35 36 34 33 34 32 32 31 30 32 30 31 31 30 29 29 30 29 29 29 29 30 29 31 28 27 27 27 28 30 30 28 30 28 31 30 31 30 31 30 30 31 32 32 33 32 32 33 33 34 32 34 34 33 35 34 33 34 34 35 36 34 34 35 34 34 32 32
37 32 32 32 32 31 34 33 34 33 37 38 35 33 33 34 35 35 32 34 35 33 33 35 33 33 33 34 36 36 34 34 36 34 32 32 32 33 32 31 30 30 28 28 30 30 29 29 28 27 29 30 30 30 29 28 27 29 29 29 30 31 31 30 33 31 31 30 31 32 32 32 33 33 32 32 34 34 34 34 34 34 34 33 33 33 33 33 33 33 34 33 33 32 32 31
46 40 35 32 34 33 32 34 37 38 36 35 36 34 33 36 36 36 34 37 35 36 35 37 36 35 35 36 37 38 37 36 36 36 32 31 31 31 31 32 30 32 28 30 30 31 29 30 29 31 31 31 29 28 30 29 29 30 29 29 30 31 30 30 32 32 31 31 30 32 32 32 33 35 32 35 36 34 34 35 35 32 32 31 32 33 33 32 32 32 32 33 33 32 31 31
52 50 41 36 35 35 33 34 38 37 35 39 39 36 33 39 40 37 36 37 39 40 38 39 37 37 36 36 40 39 39 37 35 36 35 33 32 33 32 30 32 31 30 30 31 30 31 30 30 31 29 30 30 28 31 29 29 29 31 30 30 31 30 31 32 32 33 32 32 32 35 33 36 33 36 35 35 34 36 35 34 32 32 31 32 33 32 32 32 31 32 33 33 32 31 31
52 52 46 41 40 37 35 35 38 38 35 39 40 40 39 38 37 40 39 40 36 38 40 39 39 36 35 39 40 39 39 39 39 36 34 34 31 33 33 30 30 30 30 30 31 30 31 31 32 31 32 31 30 30 29 31 30 30 32 31 34 32 30 34 34 33 31 33 33 34 35 35 36 36 35 36 35 36 36 33 32 32 32 31 32 33 32 32 32 32 32 33 34 33 33 31
52 52 46 48 43 42 39 36 35 39 40 38 39 39 39 41 41 37 39 39 40 37 39 39 39 37 40 40 40 39 38 40 35 36 34 33 32 34 33 32 31 33 32 32 31 30 31 30 31 31 32 32 31 31 31 31 30 31 32 31 30 31 31 35 35 34 33 36 33 36 35 34 35 36 36 36 35 35 35 33 32 33 32 32 33 32 32 32 32 32 32 33 32 32 32 32
52 52 46 47 46 41 42 46 40 35 36 39 39 39 39 39 41 39 41 40 39 42 40 42 39 42 40 41 40 41 36 37 36 36 36 37 35 34 33 33 32 32 31 30 31 31 32 32 32 32 33 32 31 30 31 33 32 31 32 32 32 33 32 35 32 35 35 36 36 35 36 36 35 35 36 35 35 34 34 33 33 32 33 33 33 31 32 33 33 33 33 32 32 32 33 32
54 52 47 47 57 47 46 43 41 41 38 39 41 39 42 40 40 41 42 42 40 43 41 44 42 41 40 41 46 42 40 35 35 36 37 37 35 34 33 32 33 31 31 30 31 32 32 33 33 33 33 33 32 31 32 30 30 32 31 32 32 34 34 35 35 35 35 34 36 36 34 38 34 33 33 32 33 33 33 34 33 33 33 35 34 33 32 33 32 32 32 32 32 32 31 32
56 52 50 57 57 55 52 51 45 41 41 39 40 41 41 39 39 41 41 42 42 40 41 43 42 42 41 41 44 46 41 39 40 37 36 39 34 34 34 33 31 31 32 31 31 33 34 33 34 33 32 33 32 33 32 30 31 31 32 31 34 35 34 34 34 35 38 35 36 34 34 37 36 36 33 32 32 33 34 34 34 34 33 34 33 33 33 32 32 32 33 32 33 33 32 32
52 47 47 44 46 47 53 50 49 45 40 41 43 43 40 39 39 39 39 41 41 42 41 41 41 42 43 41 44 41 42 40 41 39 37 36 37 37 35 32 32 31 32 30 32 32 33 33 34 34 33 33 33 33 33 30 30 33 33 32 34 34 36 35 36 35 38 38 35 36 35 35 36 35 34 34 32 35 34 35 35 35 34 35 33 33 33 32 33 33 32 32 32 33 32 32
47 44 41 44 45 41 54 52 50 45 43 41 41 40 40 42 39 39 39 40 40 41 41 41 41 43 41 42 42 37 37 39 38 38 37 37 35 35 36 33 34 32 32 29 32 33 33 34 33 34 34 33 34 33 30 34 31 32 34 34 33 33 35 36 36 35 36 37 37 37 35 37 37 36 35 34 33 36 36 35 35 35 35 35 34 33 33 33 33 32 33 33 32 33 32 32
47 45 43 42 42 42 46 54 50 53 40 42 43 40 39 43 43 39 39 39 40 40 40 41 41 42 39 40 42 38 36 37 37 36 39 36 33 36 35 35 33 34 32 31 30 33 33 34 34 34 33 34 34 33 31 34 31 33 32 33 33 36 37 36 38 37 35 38 38 38 37 35 38 38 36 36 34 36 34 36 36 36 35 34 34 34 34 33 33 33 33 33 32 33 32 33
46 44 43 42 44 48 50 53 50 51 46 45 44 42 41 41 43 39 43 43 38 38 42 39 41 39 43 43 41 41 35 36 36 35 36 36 35 36 36 35 35 34 34 31 29 30 31 31 32 34 33 34 34 32 32 31 30 34 33 35 37 35 36 35 37 40 37 36 36 39 36 35 38 37 38 37 37 36 37 35 35 37 36 34 33 34 33 34 33 34 34 33 33 32 33 33
45 45 43 42 47 49 49 52 50 50 47 43 48 43 41 41 41 40 40 43 38 41 38 41 39 40 42 41 41 40 38 36 36 37 36 37 35 35 36 35 35 35 33 33 29 32 30 31 32 33 34 33 34 33 34 34 34 34 33 33 36 36 36 35 34 36 38 38 39 39 36 36 35 37 36 35 38 38 36 36 35 36 35 36 34 33 33 34 34 34 34 33 34 33 33 34
46 45 42 46 42 43 50 59 50 46 46 46 47 40 44 42 41 43 44 40 42 42 40 41 42 41 42 42 41 43 41 37 36 37 36 36 36 36 36 36 35 34 36 35 32 31 32 31 32 34 32 32 32 32 33 34 35 34 35 34 33 34 34 37 38 37 38 39 38 41 38 37 36 35 37 36 36 37 38 37 36 36 35 36 34 34 34 34 34 34 34 33 33 33 33 32
48 45 47 45 42 45 46 49 52 46 49 45 43 42 42 47 45 43 42 43 42 42 41 40 40 43 41 40 40 40 42 38 37 37 37 36 36 37 37 37 37 36 34 35 33 32 31 29 32 32 32 31 32 32 34 32 34 36 35 35 35 35 38 36 39 36 38 38 38 39 38 36 36 36 35 37 36 37 36 37 39 36 34 34 35 35 34 33 34 34 34 33 34 33 33 34
46 46 47 47 45 45 45 51 51 46 46 46 43 42 45 42 43 43 40 44 44 42 41 42 44 39 41 42 39 39 39 41 39 38 37 37 37 37 37 36 36 37 36 36 36 34 33 29 33 31 32 33 33 33 36 33 34 35 35 35 35 35 37 37 38 40 36 40 37 39 39 36 36 36 36 37 39 37 38 37 37 37 35 36 35 35 35 34 34 35 34 35 34 34 34 33
52 47 47 48 46 46 43 49 51 46 44 50 44 43 41 43 44 44 43 42 44 42 40 41 43 40 41 39 39 39 37 38 40 38 37 37 37 37 38 37 37 37 36 36 35 33 33 31 33 31 33 35 36 37 34 35 37 39 35 35 35 36 35 38 37 37 38 39 37 40 39 38 38 36 35 37 37 39 38 38 37 36 35 36 36 35 35 35 35 35 35 35 35 34 34 34
53 49 48 49 48 46 45 51 51 44 44 51 46 44 43 41 42 43 43 43 44 44 43 43 41 42 42 39 38 39 41 39 37 38 39 37 37 37 37 37 37 37 37 37 35 33 33 32 32 32 33 31 36 35 34 35 34 35 40 37 37 39 38 36 36 36 39 38 37 40 38 37 37 35 36 38 38 37 36 36 40 37 36 35 36 36 36 36 35 34 35 35 36 36 35 35
54 48 48 50 48 45 45 47 53 46 45 46 46 41 44 43 42 43 42 43 40 43 41 43 41 42 39 38 38 37 39 37 38 39 38 37 39 37 37 37 38 38 36 36 35 35 34 34 32 34 33 33 33 35 35 37 36 35 34 37 36 39 40 38 39 39 36 38 38 37 40 36 36 37 36 39 37 37 38 38 35 36 35 36 36 35 36 36 36 35 35 35 37 35 35 36
55 50 51 50 50 47 49 52 46 46 45 45 44 44 42 44 43 42 43 42 41 41 41 39 41 39 41 40 38 37 39 39 38 36 40 39 38 38 37 37 36 36 38 36 35 35 34 35 33 31 36 34 34 33 35 35 35 35 37 38 34 36 35 37 37 37 36 38 38 37 37 37 39 38 39 41 36 39 37 37 36 36 37 36 36 36 35 36 36 36 35 37 37 36 36 37
55 54 50 50 50 49 46 50 47 46 45 51 45 42 43 43 43 42 43 42 41 43 41 40 40 42 38 40 40 37 38 38 38 39 38 39 36 38 36 38 37 38 38 36 36 37 36 31 35 35 36 36 36 35 35 36 35 36 38 38 34 37 40 38 38 38 36 38 40 40 37 39 39 40 40 40 38 36 37 38 37 38 38 37 36 36 37 36 36 36 36 36 36 37 36 36
55 54 50 49 51 50 45 45 44 51 45 51 44 43 45 46 45 42 41 41 40 41 40 45 40 38 41 39 41 42 36 38 40 38 38 37 39 39 38 37 40 37 38 36 34 38 35 35 31 35 34 35 35 35 36 39 36 37 36 38 37 40 38 39 39 40 38 40 38 37 37 40 40 38 39 37 38 39 38 38 37 38 38 38 36 37 38 36 37 38 36 36 37 36 36 36
55 54 51 51 50 49 46 48 52 48 46 53 47 44 45 44 43 43 42 42 43 42 43 43 41 40 38 41 41 40 38 36 40 41 37 40 37 37 38 39 39 38 38 37 36 36 36 37 35 35 33 36 38 37 36 36 38 39 37 39 36 37 38 39 38 40 40 40 42 42 38 38 38 40 38 39 37 37 38 38 37 37 37 39 37 38 37 38 37 37 37 38 38 37 36 38
56 54 51 50 49 48 50 47 46 45 53 47 53 47 43 41 42 45 47 43 45 41 43 41 41 40 42 40 41 41 41 42 40 40 37 38 41 38 38 38 39 38 39 39 39 36 36 37 37 37 37 37 38 36 36 37 39 36 39 39 38 39 40 38 39 41 38 41 37 38 39 41 38 39 38 38 38 38 38 38 39 38 37 37 39 38 38 39 39 37 37 38 38 39 38 38
57 55 52 49 53 49 50 51 44 50 46 53 47 44 41 47 46 40 42 43 42 40 42 41 37 41 40 40 39 39 42 40 40 37 39 38 38 39 39 38 38 38 39 39 38 39 37 36 37 38 39 39 39 37 37 35 37 39 39 39 37 38 36 39 36 40 42 38 38 40 39 39 38 41 38 39 39 40 37 37 38 39 38 37 37 39 39 39 39 38 39 39 39 38 37 38
57 55 56 54 51 48 49 51 50 45 46 45 46 49 46 41 41 40 42 43 39 43 41 37 37 41 40 41 39 39 37 42 40 39 40 42 36 36 38 41 38 41 39 39 38 40 38 38 39 37 37 37 36 37 35 35 41 39 38 39 36 36 38 40 39 40 38 39 40 40 38 40 38 38 38 39 39 37 38 39 39 38 39 38 39 39 40 40 38 38 39 38 40 39 37 39
54 52 55 50 50 46 50 49 49 50 47 46 46 46 48 45 52 43 41 44 43 44 40 40 41 40 42 42 42 40 40 41 38 40 39 38 37 39 36 38 39 40 38 39 38 40 37 37 39 38 40 38 37 36 35 41 38 37 39 39 38 36 37 40 41 39 41 41 39 39 37 39 40 39 39 40 38 38 40 39 38 40 40 38 39 40 39 41 40 40 40 40 40 38 39 40
55 53 53 54 51 50 52 50 48 45 45 47 47 43 46 45 40 49 45 41 47 41 41 40 40 38 40 40 43 43 39 41 40 39 41 39 40 37 40 36 40 40 40 39 38 39 38 39 39 39 39 38 39 38 39 40 39 40 39 40 39 41 40 40 41 38 40 39 40 40 40 40 38 38 39 40 39 39 39 39 40 40 40 40 39 39 39 41 40 38 39 39 39 38 41 41
58 54 53 53 52 51 48 50 47 48 47 46 42 45 42 41 46 52 41 41 44 46 41 41 43 43 43 42 42 43 41 40 40 40 42 41 40 39 37 42 38 38 41 40 40 38 39 40 40 41 39 38 40 37 38 40 39 40 40 39 38 42 37 41 40 40 41 38 39 41 40 39 39 38 40 39 37 41 39 40 39 40 39 40 41 41 40 40 41 40 41 40 41 40 40 41
54 54 54 49 51 51 48 52 50 45 44 47 49 46 45 46 47 41 39 39 39 44 44 42 38 43 46 40 39 42 40 41 42 42 41 41 41 42 43 40 39 41 41 42 40 40 41 41 41 40 39 40 42 40 40 39 39 39 39 40 37 40 38 41 40 39 39 38 39 40 40 39 39 38 40 41 41 41 38 40 41 40 41 42 40 41 41 42 42 42 42 41 40 42 42 42
55 54 54 51 47 50 50 50 48 51 46 50 45 42 43 49 42 38 44 47 39 41 40 44 46 38 43 41 43 42 42 42 41 39 43 40 41 39 40 41 40 42 41 42 40 41 40 40 40 41 41 41 40 42 42 39 39 42 40 40 40 40 39 37 39 42 39 38 40 41 40 38 39 39 40 39 39 40 41 39 41 40 41 40 40 41 42 41 41 42 42 42 41 43 42 43
57 56 53 54 52 53 48 51 48 49 49 44 46 46 41 43 40 43 46 44 45 45 43 39 46 38 42 48 41 42 40 44 41 41 43 43 43 39 41 43 40 43 42 40 42 42 40 40 40 40 41 39 42 40 40 40 40 39 42 42 39 42 39 39 39 40 41 39 40 39 38 41 40 41 40 40 39 40 40 41 43 41 41 41 41 40 41 42 43 43 43 42 43 43 43 43
58 52 54 48 52 52 49 46 47 47 48 47 45 43 41 45 43 45 42 45 43 46 41 42 41 47 41 48 45 43 43 41 42 40 43 43 41 41 42 42 39 41 42 41 42 42 40 40 41 39 41 41 41 42 40 42 41 43 40 41 43 44 39 41 41 41 40 41 40 39 41 41 40 40 40 40 39 39 41 40 39 43 41 40 42 41 42 41 44 43 42 43 44 43 43 43
52 49 48 48 53 53 50 48 50 50 50 46 48 44 44 45 44 44 44 45 46 45 45 42 42 47 46 41 44 42 42 42 43 41 42 43 43 43 41 41 42 41 40 41 39 40 40 42 43 40 41 41 41 40 42 43 43 43 40 41 42 42 43 40 41 41 42 41 39 39 41 41 38 40 41 39 41 38 38 40 42 40 41 41 41 42 42 41 42 43 43 44 45 43 45 43
51 52 53 49 54 48 50 48 51 49 48 47 49 47 46 47 45 45 43 43 44 45 45 43 42 41 41 47 45 41 43 41 42 42 42 42 41 44 43 43 42 42 43 44 42 40 45 41 43 43 41 43 43 42 44 43 42 42 44 39 42 42 42 42 40 41 41 41 41 39 41 42 41 40 42 40 39 39 38 39 41 40 42 43 42 41 43 43 43 43 45 44 44 43 44 44
56 58 56 53 52 48 52 48 47 47 49 46 46 46 47 46 45 47 47 45 44 45 45 42 45 41 41 49 41 44 41 42 41 42 42 44 42 42 41 42 42 44 43 43 45 42 45 42 44 43 42 42 43 43 42 43 41 41 41 39 44 43 42 39 41 41 41 39 41 41 40 41 40 41 41 40 40 41 42 39 39 42 44 42 42 43 43 43 43 45 45 45 44 44 45 44
57 55 56 54 56 51 48 51 48 48 48 46 44 46 46 47 44 43 44 45 44 46 45 44 49 41 44 46 42 42 43 41 45 43 44 43 42 43 43 42 42 43 43 44 41 45 42 42 43 44 42 42 43 43 43 41 41 43 42 41 41 42 42 38 41 42 41 39 40 39 41 41 41 40 41 41 40 41 43 42 43 43 41 43 43 43 43 43 44 44 45 45 44 44 44 45
60 58 51 52 51 50 50 49 45 51 48 48 47 46 48 44 41 44 47 46 45 46 42 44 44 41 44 44 48 42 44 41 44 43 43 43 42 42 43 44 41 43 43 42 44 43 43 46 42 42 42 42 43 43 41 42 42 43 42 42 41 42 42 38 43 40 43 42 43 40 40 43 40 40 41 41 41 42 44 43 44 43 41 41 44 43 42 43 44 44 43 43 43 45 46 46
56 57 50 49 48 48 51 51 48 49 48 46 46 45 44 41 43 43 42 46 46 44 44 45 42 43 42 43 44 46 44 48 43 43 42 42 44 43 44 43 43 43 43 45 43 43 44 43 43 43 44 43 43 44 43 44 43 43 43 42 40 44 42 39 43 40 42 41 41 41 40 40 40 40 40 41 41 42 42 45 44 44 42 41 43 42 44 44 44 44 45 44 44 44 46 46
60 58 54 53 48 52 45 49 50 49 47 47 46 45 47 47 44 45 47 45 42 41 43 46 43 43 46 48 44 48 46 44 43 44 46 45 43 43 43 43 45 43 42 42 44 42 42 43 44 44 43 43 42 41 43 43 43 41 42 44 41 41 41 42 43 39 42 42 42 40 40 40 39 40 41 42 40 41 45 45 40 43 43 43 43 43 44 44 44 44 46 45 45 45 45 46
55 53 53 53 52 52 51 46 50 49 51 45 44 45 46 45 46 47 42 42 44 48 42 45 44 46 42 47 44 47 44 43 44 44 43 43 46 43 43 45 44 43 43 43 44 44 43 44 43 43 43 42 44 43 43 41 41 45 42 42 43 42 40 45 42 44 42 39 41 42 40 41 40 40 38 41 41 39 41 40 44 42 42 42 43 44 44 44 44 45 45 44 45 45 45 46
56 54 56 51 51 51 52 49 46 49 48 46 43 43 46 45 44 48 47 45 47 50 43 44 42 47 46 44 43 47 44 46 46 45 44 46 45 43 44 46 45 44 45 44 44 44 44 44 44 45 43 44 43 45 44 44 43 43 44 44 44 41 40 45 44 44 39 43 42 42 41 42 43 42 41 41 41 40 40 40 42 42 42 42 42 43 44 45 44 45 44 45 45 46 45 46
58 56 53 51 52 51 49 51 49 49 46 46 43 47 46 48 48 42 44 45 47 45 45 46 42 46 49 49 46 46 43 48 46 45 45 46 44 44 44 46 46 44 45 43 44 44 45 45 45 43 45 43 44 44 44 42 43 42 42 42 43 44 42 43 44 45 40 42 43 42 41 42 41 40 41 41 40 41 42 43 42 43 43 43 43 43 43 42 44 45 45 45 45 47 47 46
54 52 54 50 53 54 50 50 47 46 47 47 48 46 44 45 46 43 46 43 41 44 44 46 51 47 47 47 47 46 49 47 47 43 43 45 46 46 45 46 47 45 45 43 43 43 45 45 45 44 45 44 44 44 45 43 43 42 43 42 42 42 43 42 41 42 42 41 41 43 41 42 41 42 42 42 42 42 42 42 43 43 44 43 43 43 42 44 45 45 45 45 46 45 45 46
55 53 49 49 55 55 52 49 46 46 47 47 47 48 46 44 44 42 48 49 42 43 42 49 49 49 46 46 47 46 49 47 46 47 46 47 45 44 45 44 45 45 45 44 44 44 45 45 43 47 46 44 45 46 44 45 43 41 42 44 41 40 40 42 42 42 44 42 42 41 41 43 42 42 43 40 41 41 42 44 44 43 44 43 44 42 43 42 44 45 45 45 44 46 46 47
55 54 49 52 49 48 51 48 47 48 50 51 48 48 49 44 44 44 49 49 45 43 46 46 49 49 49 46 51 48 52 46 51 48 47 46 47 49 49 46 46 46 44 44 44 46 45 45 45 46 44 44 46 44 44 43 45 42 41 44 43 46 40 43 47 45 43 43 42 42 41 41 42 42 43 42 42 43 42 43 43 44 42 43 43 44 42 43 43 45 45 44 46 46 47 45
