data/bioclim/bclim16.asc
NCOLS 300 
NROWS 196 
XLLCORNER -121.25 
YLLCORNER 31.1666666666667 
CELLSIZE 0.0416666666666667 
NODATA_value -32768 
[rows 88 to 131 of 196, columns 0 to 95 of 300]
29 39 73 132 208 254 250 208 218 254 268 269 243 212 210 215 221 223 212 211 206 213 234 249 265 266 225 176 162 142 135 133 127 119 113 108 102 97 95 93 91 91 91 91 92 93 93 94 95 96 103 111 120 130 138 140 150 180 211 234 221 254 281 311 285 231 171 173 152 146 148 132 147 160 207 231 209 180 140 141 87 61 54 50 47 44 42 44 42 41 41 41 40 38 38 38
-32768 -32768 53 71 103 174 256 283 265 259 261 271 249 230 233 235 244 248 252 238 233 217 223 259 269 264 251 232 194 166 153 144 133 125 118 112 105 99 94 93 91 91 89 89 90 92 92 92 93 96 101 108 118 127 139 142 151 172 204 223 200 232 274 278 231 175 163 192 190 190 208 153 133 174 223 222 194 158 136 99 77 63 55 51 49 45 43 46 48 46 44 41 38 38 38 38
-32768 -32768 -32768 73 87 114 163 218 280 270 265 255 254 249 263 261 260 257 266 260 250 241 232 222 235 255 256 235 212 195 175 153 140 133 124 116 110 101 96 92 91 88 89 89 89 90 91 91 93 93 96 100 106 115 125 130 138 159 197 213 208 250 230 187 196 183 209 224 204 243 239 160 137 151 186 188 150 113 97 84 73 65 60 54 53 54 55 57 57 54 44 39 38 38 40 38
-32768 -32768 -32768 -32768 104 112 138 175 232 268 281 288 285 274 289 299 291 273 267 269 257 257 243 243 221 234 250 262 249 253 244 183 155 142 132 121 111 103 96 92 91 89 87 87 87 87 88 87 89 90 92 98 108 112 114 119 123 135 166 199 225 200 213 207 262 190 221 274 269 273 276 213 157 153 189 154 126 98 86 77 70 81 75 68 60 65 63 57 47 43 40 38 38 41 40 38
-32768 -32768 -32768 -32768 -32768 122 126 162 185 219 283 311 317 309 303 318 312 294 288 291 277 269 248 253 238 233 254 272 274 279 292 267 191 157 142 126 116 106 98 92 90 87 85 85 84 85 85 86 86 86 88 91 101 113 120 118 126 134 158 176 176 198 271 293 270 204 244 291 325 312 255 229 181 166 187 148 116 95 86 78 82 112 83 73 72 82 66 60 61 51 44 41 44 41 40 40
-32768 -32768 -32768 -32768 -32768 -32768 -32768 152 175 214 261 308 334 338 337 330 327 317 303 309 306 284 270 264 254 250 260 267 271 275 293 318 262 201 165 140 123 112 101 94 90 87 85 83 83 83 83 84 84 83 85 86 90 95 99 102 107 111 125 162 188 191 224 286 246 185 191 228 305 298 273 242 170 188 180 148 115 95 86 80 83 95 101 62 62 63 59 60 75 81 58 50 44 42 49 49
-32768 -32768 -32768 -32768 -32768 -32768 -32768 -32768 -32768 216 248 299 344 351 360 354 339 328 322 317 324 344 305 285 269 258 248 268 262 266 275 300 321 290 219 161 135 117 107 99 93 87 83 82 81 82 82 83 83 83 85 85 87 89 96 107 109 117 125 139 157 173 188 199 192 173 178 187 203 225 263 232 147 155 159 133 109 88 75 72 75 68 53 47 47 53 61 63 70 61 55 64 47 49 55 61
-32768 -32768 -32768 -32768 -32768 -32768 -32768 -32768 -32768 210 238 269 320 356 364 358 350 330 323 314 304 314 329 317 304 270 252 280 265 258 256 265 288 329 286 217 173 138 121 109 102 94 87 82 81 82 83 82 83 84 85 85 88 89 92 95 100 108 120 133 142 158 164 170 171 177 191 157 147 147 187 186 135 142 141 107 94 81 66 62 54 51 48 48 53 80 83 81 70 47 45 47 47 58 70 61
-32768 -32768 -32768 -32768 -32768 -32768 -32768 -32768 200 231 238 267 308 335 353 357 351 336 324 310 298 292 301 348 363 296 261 269 285 264 251 247 246 272 334 309 232 185 150 128 128 126 114 96 86 83 83 84 84 86 86 88 88 91 92 95 99 104 111 117 126 132 148 144 143 147 149 136 132 132 150 183 140 125 107 89 86 69 61 57 52 51 51 63 84 83 70 61 53 44 42 42 46 59 70 65
-32768 -32768 -32768 -32768 -32768 -32768 -32768 -32768 220 282 308 322 314 308 329 350 353 340 336 342 325 325 303 292 354 339 294 266 279 276 272 251 242 246 274 323 324 246 190 161 140 138 135 124 108 93 86 84 85 86 87 89 91 92 94 95 100 103 107 110 123 140 138 139 150 175 165 143 137 147 150 168 155 119 118 113 89 64 60 56 54 59 64 72 72 63 58 54 52 46 42 42 45 52 64 61
-32768.000000000000000 -32768 -32768 -32768 -32768 -32768 -32768 -32768 260 282 321 338 332 305 306 316 331 340 309 303 311 287 309 328 303 306 348 300 272 272 278 272 247 239 239 256 296 278 223 179 149 128 113 98 92 87 86 86 88 88 90 91 94 94 96 98 101 104 106 107 120 155 204 164 145 150 160 194 186 170 175 193 189 150 117 97 72 64 60 57 57 58 59 60 55 52 52 50 52 52 45 45 48 53 58 54
-32768 -32768 -32768 -32768 -32768 -32768 -32768 -32768 -32768 280 284 300 291 297 306 298 294 300 294 279 283 271 279 299 318 283 293 334 315 293 299 298 271 248 240 238 253 280 277 218 168 141 122 101 92 89 88 88 91 91 93 95 96 97 98 100 103 105 106 116 148 183 230 224 161 153 162 199 190 162 162 178 198 160 111 84 70 64 60 56 54 54 55 53 52 50 49 48 46 48 56 57 42 46 51 50
-32768 -32768 -32768 -32768 -32768 -32768 -32768 -32768 -32768 -32768 -32768 -32768 -32768 299 276 274 273 267 288 285 280 264 281 292 296 271 272 288 323 317 306 317 318 280 258 246 241 247 267 281 235 176 138 114 107 95 92 93 94 97 97 99 99 101 103 106 108 110 114 144 174 187 182 173 186 174 143 148 152 149 145 201 173 118 88 76 70 64 59 56 53 53 52 50 48 48 48 48 46 44 44 45 41 38 41 43
-32768 -32768 -32768 -32768 -32768 -32768 -32768 -32768 -32768 -32768 -32768 -32768 -32768 -32768 228 230 247 280 290 293 272 258 268 287 275 300 286 268 268 280 286 299 313 345 327 279 261 249 244 265 278 247 194 144 102 99 99 100 102 104 104 106 106 108 110 112 114 116 126 141 160 163 166 157 163 168 171 151 142 144 143 147 113 94 84 75 70 64 59 56 53 52 50 48 48 48 51 49 46 43 41 41 38 35 35 35
-32768 -32768 -32768 -32768 -32768 -32768 -32768 -32768 -32768 -32768 -32768 -32768 -32768 -32768 215 223 241 247 251 281 282 261 253 268 295 289 301 332 326 285 257 263 271 308 335 348 298 278 262 256 266 271 252 172 121 111 114 114 114 117 117 117 115 116 120 123 123 124 128 139 147 154 161 215 249 256 287 233 177 154 139 120 102 89 81 75 69 65 60 56 53 51 49 49 46 46 48 48 45 44 41 39 38 36 35 35
-32768 -32768 -32768 -32768 -32768 -32768 -32768 -32768 -32768 -32768 -32768 -32768 -32768 -32768 210 212 218 225 226 232 261 264 241 255 264 261 284 317 352 376 314 280 271 265 279 328 336 314 305 291 281 279 254 200 175 152 143 145 139 146 139 142 145 154 142 136 136 133 134 142 153 161 164 169 201 231 315 245 199 146 120 110 98 88 80 74 69 65 61 57 54 51 49 49 46 46 46 45 45 42 41 40 38 38 37 36
-32768 -32768 -32768 -32768 -32768 -32768 -32768 -32768 -32768 -32768 -32768 -32768 -32768 -32768 204 205 205 207 206 209 217 244 258 315 311 296 303 313 330 365 401 338 308 297 286 277 283 277 280 304 303 296 286 272 251 223 203 195 196 204 212 205 212 188 165 156 151 146 148 165 174 171 174 227 217 196 190 196 162 133 117 107 98 93 81 75 69 65 60 57 53 51 50 49 48 49 48 47 45 44 42 41 40 38 38 38
-32768 -32768 -32768 -32768 -32768 -32768 -32768 -32768 -32768 -32768 -32768 -32768 -32768 -32768 220 215 200 199 202 203 207 214 237 275 291 324 299 299 322 350 366 400 378 347 328 310 297 288 285 282 282 282 292 298 298 274 257 257 254 241 242 233 226 214 195 183 176 168 175 173 174 207 225 237 188 151 146 142 136 128 117 108 100 91 83 77 71 67 62 57 54 53 52 51 52 58 53 51 51 48 46 43 41 40 39 39
-32768 -32768 -32768 -32768 -32768 -32768 -32768 -32768 -32768 -32768 -32768 -32768 -32768 -32768 231 268 245 202 196 202 214 216 212 252 273 308 283 299 321 344 334 364 396 406 395 356 328 316 310 304 300 295 303 306 314 303 288 304 333 295 266 264 255 224 211 204 192 184 181 173 169 183 180 159 154 153 151 147 139 130 119 110 101 93 85 78 74 69 63 59 57 54 54 53 54 58 60 56 54 54 53 46 43 41 41 41
-32768 -32768 -32768 -32768 -32768 -32768 -32768 -32768 -32768 -32768 -32768 -32768 -32768 -32768 -32768 201 219 210 220 214 236 240 230 227 234 250 275 295 287 302 337 315 342 365 384 383 358 344 338 332 322 313 308 315 310 309 311 305 357 372 319 329 323 307 314 244 193 180 174 184 166 171 172 168 167 165 161 154 144 134 123 114 104 96 88 81 76 70 66 62 60 60 57 57 59 61 64 61 57 53 51 48 46 45 42 42
-32768 -32768 -32768 -32768 -32768 -32768 -32768 -32768 -32768 -32768 -32768 -32768 -32768 -32768 -32768 184 193 217 224 220 244 252 250 255 249 263 283 320 339 320 311 351 344 342 348 376 387 380 361 360 339 334 318 313 309 308 302 311 370 427 446 409 321 282 311 274 196 183 174 173 183 186 185 184 181 177 170 161 151 140 130 119 109 100 91 84 79 74 70 68 65 65 63 64 65 65 67 70 63 56 52 49 48 46 45 45
-32768 -32768 -32768 -32768 -32768 -32768 -32768 -32768 -32768 -32768 -32768 -32768 -32768 -32768 177 180 185 199 212 208 220 227 234 254 261 268 283 306 345 373 358 347 360 376 368 359 373 385 387 364 350 353 343 321 314 309 308 309 309 358 365 325 288 318 393 326 212 186 186 184 182 187 186 187 188 186 181 172 160 148 136 124 114 105 96 87 82 78 75 73 71 71 79 79 76 74 73 70 69 64 55 52 49 48 47 46
-32768 -32768 -32768 -32768 -32768 -32768 -32768 -32768 -32768 -32768 -32768 -32768 -32768 -32768 -32768 180 186 196 209 232 243 254 258 251 254 265 276 286 308 337 387 387 380 400 420 403 395 384 392 379 360 373 360 337 319 310 305 299 303 307 313 292 284 282 292 242 201 204 207 194 179 194 200 184 175 181 187 184 172 156 144 132 121 110 100 91 86 82 80 79 78 80 87 87 85 83 80 88 102 82 64 55 52 50 49 56
-32768 -32768 -32768 -32768 -32768 -32768 -32768 -32768 -32768 -32768 -32768 -32768 -32768 -32768 -32768 181 183 190 199 209 224 242 272 282 288 272 269 278 291 295 334 355 365 398 413 393 386 397 411 387 367 355 351 340 327 315 307 303 296 299 326 314 290 260 296 252 211 214 220 216 201 203 195 197 202 185 180 185 177 164 150 139 127 115 102 93 88 86 86 87 87 87 92 93 91 92 88 86 97 94 70 58 55 53 55 80
-32768 -32768 -32768 -32768 -32768 -32768 -32768 -32768 -32768 -32768 -32768 -32768 -32768 -32768 -32768 195 201 198 202 211 224 240 251 250 257 257 267 264 269 280 299 311 333 348 373 373 379 380 372 365 360 353 346 347 343 347 370 367 365 342 310 285 278 283 334 332 282 239 219 225 218 226 210 207 200 202 192 187 181 171 161 146 131 117 105 95 90 93 93 96 99 99 101 101 101 102 98 92 90 92 74 63 59 56 67 112
-32768 -32768 -32768 -32768 -32768 -32768 -32768 -32768 -32768 -32768 -32768 -32768 -32768 -32768 194 228 238 253 244 237 239 245 255 243 257 251 251 258 263 269 283 297 307 336 362 378 384 377 375 373 365 359 361 360 344 331 325 325 329 332 325 304 283 261 256 244 235 247 230 240 233 231 228 219 223 214 206 204 190 187 175 153 139 124 113 104 100 102 105 108 111 116 116 116 116 116 114 108 101 94 83 72 62 62 85 86
-32768 -32768 -32768 -32768 -32768 -32768 -32768 -32768 -32768 -32768 -32768 -32768 -32768 -32768 199 223 230 266 286 259 253 263 295 282 286 276 273 280 306 320 322 304 299 317 336 358 379 380 377 381 379 364 370 355 346 342 332 315 307 299 293 283 277 271 267 260 241 247 253 248 240 246 238 234 232 230 225 210 197 198 195 211 203 150 125 119 117 118 121 125 128 132 134 137 137 137 136 131 125 115 101 90 78 72 70 78
-32768 -32768 -32768 -32768 -32768 -32768 -32768 -32768 -32768 -32768 -32768 -32768 -32768 -32768 -32768 -32768 -32768 225 241 257 262 271 276 283 269 314 330 332 329 357 378 373 367 361 370 374 370 376 377 384 385 372 366 357 361 349 336 334 314 305 297 309 301 286 278 268 261 242 256 253 253 255 240 229 236 236 231 228 217 202 184 171 177 181 177 145 140 137 140 145 149 155 159 164 166 166 166 163 156 148 134 121 108 96 89 88
-32768 -32768 -32768 -32768 -32768 -32768 -32768 -32768 -32768 -32768 -32768 -32768 -32768 -32768 -32768 -32768 -32768 -32768 233 248 259 256 251 249 261 287 273 257 259 275 286 295 303 315 312 329 360 380 386 389 391 385 375 358 358 358 344 336 329 325 310 310 291 280 276 284 279 264 274 257 251 256 246 228 232 233 236 240 235 223 208 182 170 161 159 187 237 194 212 193 193 195 204 214 213 210 206 207 199 189 178 163 150 134 120 112
-32768 -32768 -32768 -32768 -32768 -32768 -32768 -32768 -32768 -32768 -32768 -32768 -32768 -32768 -32768 -32768 -32768 -32768 222 220 -32768 -32768 -32768 -32768 -32768 -32768 -32768 -32768 -32768 -32768 249 259 258 255 259 273 280 290 290 295 322 348 364 378 366 339 313 315 321 327 328 317 310 293 292 268 287 282 272 256 260 258 238 231 229 232 241 249 248 244 227 217 201 182 188 218 287 246 285 325 272 260 291 322 322 296 277 269 255 241 229 210 196 177 158 142
-32768 -32768 -32768 -32768 -32768 -32768 -32768 -32768 -32768 -32768 -32768 -32768 -32768 -32768 -32768 -32768 -32768 -32768 -32768 -32768 -32768 -32768 -32768 -32768 -32768 -32768 -32768 -32768 -32768 -32768 -32768 -32768 250 255 -32768 275 275 269 -32768 -32768 253 251 270 332 347 303 290 323 337 330 317 298 291 289 262 241 249 255 246 254 253 250 251 259 244 244 255 261 260 238 241 252 257 305 331 333 386 392 371 408 408 388 389 404 399 387 385 357 329 306 286 261 242 220 196 176
-32768 -32768 -32768 -32768 -32768 -32768 -32768 -32768 -32768 -32768 -32768 -32768 -32768 -32768 -32768 -32768 -32768 -32768 -32768 -32768 -32768 -32768 -32768 -32768 -32768 -32768 -32768 -32768 -32768 -32768 -32768 -32768 -32768 -32768 -32768 -32768 -32768 -32768 -32768 -32768 -32768 -32768 -32768 313 318 339 288 288 319 314 282 264 249 259 256 267 282 289 295 295 290 290 288 285 274 271 279 272 268 262 251 271 317 356 310 297 376 423 433 428 430 420 416 412 409 403 400 411 365 311 314 303 281 256 232 211
-32768 -32768 -32768 -32768 -32768 -32768 -32768 -32768 -32768 -32768 -32768 -32768 -32768 -32768 -32768 -32768 -32768 -32768 -32768 -32768 -32768 -32768 -32768 -32768 -32768 -32768 -32768 -32768 -32768 -32768 -32768 -32768 -32768 -32768 -32768 -32768 -32768 -32768 -32768 -32768 -32768 -32768 -32768 -32768 251 288 262 280 304 289 242 238 284 289 274 271 272 268 273 283 281 282 298 289 290 278 255 258 277 284 281 281 284 275 265 270 293 418 384 435 373 394 430 421 385 415 414 413 416 332 298 319 313 280 252 261
-32768 -32768 -32768 -32768 -32768 -32768 -32768 -32768 -32768 -32768 -32768 -32768 -32768 -32768 -32768 -32768 -32768 -32768 -32768 -32768 -32768 -32768 -32768 -32768 -32768 -32768 -32768 -32768 -32768 -32768 -32768 -32768 -32768 -32768 -32768 -32768 -32768 -32768 -32768 -32768 -32768 -32768 -32768 -32768 -32768 -32768 218 225 230 225 213 231 242 246 241 250 252 258 264 265 268 271 289 264 256 245 233 233 239 259 290 297 301 292 312 373 354 351 323 331 305 316 345 351 381 428 430 415 425 369 337 342 388 365 354 367
-32768 -32768 -32768 -32768 -32768 -32768 -32768 -32768 -32768 -32768 -32768 -32768 -32768 -32768 -32768 -32768 -32768 -32768 -32768 -32768 -32768 -32768 -32768 -32768 -32768 -32768 -32768 -32768 -32768 -32768 -32768 -32768 -32768 -32768 -32768 -32768 -32768 -32768 -32768 -32768 -32768 -32768 -32768 -32768 -32768 -32768 -32768 204 202 201 201 203 214 214 227 237 252 275 285 294 298 299 274 254 244 236 231 223 218 238 308 320 320 325 317 366 363 313 341 332 330 338 336 340 356 406 432 429 438 422 379 351 313 339 364 383
-32768 -32768 -32768 -32768 -32768 -32768 -32768 -32768 -32768 -32768 -32768 -32768 -32768 -32768 -32768 -32768 -32768 -32768 -32768 -32768 -32768 -32768 -32768 -32768 -32768 -32768 -32768 -32768 -32768 -32768 -32768 -32768 -32768 -32768 -32768 -32768 -32768 -32768 -32768 -32768 -32768 -32768 -32768 -32768 -32768 -32768 -32768 -32768 196 193 193 192 195 212 261 261 265 274 294 296 295 288 273 262 253 243 234 223 213 212 235 292 298 306 317 324 332 334 349 344 351 352 353 357 380 400 404 416 409 397 376 327 276 242 239 251
-32768 -32768 -32768 -32768 -32768 -32768 -32768 -32768 -32768 -32768 -32768 -32768 -32768 -32768 -32768 -32768 -32768 -32768 -32768 -32768 -32768 -32768 -32768 -32768 -32768 -32768 -32768 -32768 -32768 -32768 -32768 -32768 -32768 -32768 -32768 -32768 -32768 -32768 -32768 -32768 -32768 -32768 -32768 -32768 -32768 -32768 -32768 -32768 192 190 188 188 194 240 266 299 292 284 282 284 285 286 288 288 284 277 258 246 232 232 250 244 263 294 296 293 284 273 286 297 300 308 336 338 349 347 337 320 306 285 264 266 242 215 196 180
-32768 -32768 -32768 -32768 -32768 -32768 -32768 -32768 -32768 -32768 -32768 -32768 -32768 -32768 -32768 -32768 -32768 -32768 -32768 -32768 -32768 -32768 -32768 -32768 -32768 -32768 -32768 -32768 -32768 -32768 -32768 -32768 -32768 -32768 -32768 -32768 -32768 -32768 -32768 -32768 -32768 -32768 -32768 -32768 -32768 -32768 -32768 -32768 -32768 -32768 186 187 235 245 276 305 299 304 298 292 279 285 301 294 301 292 280 256 257 242 241 250 259 271 277 268 258 250 251 256 263 273 280 280 283 282 271 251 239 231 227 225 212 197 176 163
-32768 -32768 -32768 -32768 -32768 -32768 -32768 -32768 -32768 -32768 -32768 -32768 -32768 -32768 -32768 -32768 -32768 -32768 -32768 217 224 222 222 -32768 -32768 -32768 -32768 -32768 -32768 -32768 -32768 226 255 275 249 261 234 -32768 -32768 233 222 216 -32768 -32768 -32768 -32768 -32768 -32768 -32768 -32768 -32768 -32768 -32768 220 246 254 275 281 291 297 288 278 294 291 272 263 245 233 223 223 232 247 257 264 263 254 240 240 240 243 259 277 267 251 241 233 224 208 200 195 193 194 181 169 157 162
-32768 -32768 -32768 -32768 -32768 -32768 -32768 -32768 -32768 -32768 -32768 -32768 -32768 -32768 -32768 -32768 -32768 -32768 -32768 214 235 232 219 -32768 230 219 230 232 233 -32768 -32768 -32768 236 258 293 302 282 248 262 272 256 222 -32768 214 199 -32768 -32768 -32768 -32768 -32768 -32768 -32768 -32768 -32768 -32768 -32768 -32768 213 222 229 230 214 -32768 219 -32768 224 216 214 213 221 225 237 246 243 238 242 233 264 239 239 255 249 256 261 218 203 191 176 167 159 168 187 162 150 172 196
-32768 -32768 -32768 -32768 -32768 -32768 -32768 -32768 -32768 -32768 -32768 -32768 -32768 -32768 -32768 -32768 -32768 -32768 -32768 -32768 -32768 -32768 -32768 -32768 228 237 245 254 250 232 221 -32768 233 244 251 256 255 254 291 260 -32768 -32768 -32768 -32768 -32768 -32768 -32768 -32768 -32768 -32768 -32768 -32768 -32768 -32768 -32768 -32768 -32768 -32768 -32768 -32768 -32768 -32768 -32768 -32768 -32768 -32768 203 202 207 218 220 225 230 227 224 221 220 257 264 268 252 258 266 260 213 181 164 151 140 133 136 146 138 145 201 261
-32768 -32768 -32768 -32768 -32768 -32768 -32768 -32768 -32768 -32768 -32768 -32768 -32768 -32768 -32768 -32768 -32768 -32768 -32768 -32768 -32768 -32768 -32768 -32768 -32768 236 255 263 246 238 224 -32768 -32768 -32768 -32768 -32768 -32768 -32768 -32768 -32768 -32768 -32768 -32768 -32768 -32768 -32768 -32768 -32768 -32768 -32768 -32768 -32768 -32768 -32768 -32768 -32768 -32768 -32768 -32768 -32768 -32768 -32768 -32768 -32768 -32768 -32768 -32768 201 203 203 215 215 216 215 212 208 206 207 219 228 241 242 260 265 245 194 149 134 125 145 129 129 140 166 184 194
-32768 -32768 -32768 -32768 -32768 -32768 -32768 -32768 -32768 -32768 -32768 -32768 -32768 -32768 -32768 -32768 -32768 -32768 -32768 -32768 -32768 -32768 -32768 -32768 -32768 -32768 231 228 217 -32768 -32768 -32768 -32768 -32768 -32768 -32768 -32768 -32768 -32768 -32768 -32768 -32768 -32768 -32768 -32768 -32768 -32768 -32768 -32768 -32768 -32768 -32768 -32768 -32768 -32768 -32768 -32768 -32768 -32768 -32768 -32768 -32768 -32768 -32768 -32768 -32768 -32768 200 197 196 200 205 206 204 201 196 191 191 200 205 206 205 210 212 223 177 149 127 113 127 129 142 159 189 202 172
-32768 -32768 -32768 -32768 -32768 -32768 -32768 -32768 -32768 -32768 -32768 -32768 -32768 -32768 -32768 -32768 -32768 -32768 -32768 -32768 -32768 -32768 -32768 -32768 -32768 -32768 -32768 -32768 -32768 -32768 -32768 -32768 -32768 -32768 -32768 -32768 -32768 -32768 -32768 -32768 -32768 -32768 -32768 -32768 -32768 -32768 -32768 -32768 -32768 -32768 -32768 -32768 -32768 -32768 -32768 -32768 -32768 -32768 -32768 -32768 -32768 -32768 -32768 -32768 -32768 -32768 -32768 -32768 191 192 194 194 198 197 193 185 178 177 181 187 190 192 197 193 195 221 293 182 148 141 190 185 188 195 197 181
