data/bioclim/bclim17.asc
NCOLS 300 
NROWS 196 
XLLCORNER -121.25 
YLLCORNER 31.1666666666667 
CELLSIZE 0.0416666666666667 
NODATA_value -32768 
[rows 0 to 57 of 196, columns 192 to 287 of 300]
46 42 39 40 40 38 38 38 38 39 37 37 36 35 34 33 33 33 34 37 44 53 70 85 103 94 62 58 61 73 67 57 54 68 87 87 78 59 57 60 77 90 113 121 111 103 85 77 94 86 93 76 65 52 47 47 47 47 46 45 45 45 45 48 45 40 39 37 37 37 41 47 49 46 43 40 36 43 65 73 82 86 92 98 93 87 82 86 91 93 82 68 64 61 61 61
43 40 38 38 38 38 38 38 39 39 39 37 36 36 35 35 34 34 35 37 41 50 61 86 89 81 57 57 67 86 78 61 52 57 73 72 73 57 58 70 89 97 118 122 115 106 87 74 78 72 59 54 52 49 44 44 44 44 45 47 49 50 50 51 43 40 38 37 37 35 37 43 41 43 46 41 38 42 47 54 77 92 94 96 94 90 89 93 90 79 76 76 69 61 57 52
40 38 38 41 38 38 38 38 39 39 39 39 38 36 36 36 35 36 37 39 41 46 53 61 67 69 59 56 69 84 70 60 51 52 61 64 59 56 67 84 97 106 120 115 111 96 98 78 96 87 75 52 46 44 43 41 41 43 44 50 56 59 59 62 57 42 38 37 37 35 36 40 37 38 45 44 36 41 47 53 61 75 91 98 89 95 92 95 88 76 68 65 65 61 56 50
37 37 37 40 40 38 38 38 39 39 39 39 39 38 37 36 36 38 39 39 42 44 49 57 60 64 78 70 69 80 66 64 51 51 56 56 56 61 80 95 102 111 122 109 89 79 81 74 82 76 62 47 44 41 41 40 40 41 41 41 43 51 62 62 46 40 40 40 39 36 40 49 46 44 38 38 41 44 47 52 58 69 83 95 88 92 92 85 72 65 60 58 57 55 51 48
37 35 35 36 36 37 38 38 40 41 41 39 39 39 39 39 41 39 39 40 42 44 46 50 56 64 83 94 66 77 72 63 51 51 51 52 56 63 80 95 97 110 119 107 101 96 81 64 79 74 49 44 41 40 39 38 38 39 38 40 41 43 45 46 43 40 38 37 37 34 35 47 47 46 41 35 44 48 52 55 57 62 75 81 85 83 77 81 79 68 61 55 51 49 48 48
36 33 33 35 35 37 38 40 44 43 41 41 41 41 41 41 41 42 41 42 43 46 48 51 58 71 98 94 66 73 74 63 54 50 51 54 58 65 71 74 85 102 115 115 105 108 92 70 58 49 45 42 41 39 38 38 37 37 38 41 40 42 45 49 46 45 40 37 35 34 33 38 46 38 33 35 41 41 45 51 58 67 65 72 75 75 67 64 61 64 61 55 49 49 48 47
33 32 33 34 35 36 38 45 51 50 43 42 41 41 41 41 44 44 44 43 44 46 51 54 62 80 106 90 66 79 83 65 55 51 51 56 60 68 86 89 102 115 109 90 81 86 98 87 70 49 42 41 39 40 38 38 37 37 41 43 40 36 36 40 43 46 40 36 34 33 32 34 38 33 32 33 38 41 47 55 58 65 60 67 64 69 69 57 51 50 49 47 46 48 48 47
33 32 33 34 35 37 44 60 51 48 44 43 43 43 43 43 44 44 44 44 48 48 54 57 71 92 113 94 68 70 76 63 54 51 53 57 60 68 78 95 99 111 111 100 86 77 74 72 69 52 43 41 41 39 37 37 37 39 40 44 37 37 37 35 37 37 35 35 32 32 32 32 32 32 32 32 35 38 45 46 49 50 53 57 57 59 59 55 50 48 47 46 46 46 46 47
31 32 32 33 36 40 56 65 51 48 46 45 44 44 45 45 45 46 46 46 48 51 55 62 81 100 111 101 80 67 65 57 52 51 58 60 68 77 82 85 80 89 97 88 79 80 80 64 46 43 41 41 40 38 37 37 38 41 41 41 40 40 40 40 40 37 34 34 32 32 32 32 32 32 32 32 35 35 38 43 44 47 47 50 49 50 49 49 48 48 47 46 46 45 45 45
32 32 33 33 36 48 59 59 53 50 48 47 47 46 46 46 46 47 47 47 50 53 59 68 83 102 108 98 89 73 66 54 53 53 55 60 58 65 76 73 73 72 76 80 79 70 55 52 39 39 40 41 38 37 37 38 42 40 41 43 40 42 43 46 43 42 37 34 31 32 32 32 32 32 32 32 35 35 37 40 41 44 44 44 47 47 48 48 46 46 46 46 46 45 45 45
32 32 33 34 39 59 62 61 57 51 49 49 48 48 49 49 48 48 48 50 52 60 77 95 100 97 98 93 82 72 58 53 52 52 55 55 51 56 57 67 58 65 76 74 65 49 41 38 37 40 44 38 37 36 38 42 47 43 47 49 46 46 47 49 49 46 40 32 31 31 32 32 32 32 32 34 35 35 37 38 40 41 42 44 45 46 47 47 48 47 46 46 45 45 45 47
30 31 33 36 43 60 64 62 56 52 49 49 49 49 49 52 49 49 51 52 55 70 93 107 113 99 88 83 75 58 53 52 54 53 58 60 56 75 68 72 56 65 76 74 64 47 37 35 38 37 38 35 34 35 40 46 47 50 52 50 49 48 47 46 46 46 38 29 29 29 32 32 32 32 32 33 35 35 37 40 40 40 42 45 47 48 48 46 46 49 50 49 50 48 47 46
30 31 33 36 43 55 60 49 49 49 52 51 51 51 51 52 50 51 52 54 58 81 98 110 99 91 79 69 57 51 50 52 57 53 59 68 64 76 84 78 68 65 72 69 44 38 35 35 35 32 33 31 32 37 44 50 51 54 51 52 49 48 48 46 43 42 33 29 29 29 32 32 32 32 32 32 35 35 38 40 40 40 42 45 48 50 51 49 47 49 52 55 53 51 49 48
30 32 33 36 46 49 49 46 47 52 55 56 56 56 56 56 54 58 59 60 65 77 96 95 92 82 69 57 51 49 49 53 62 59 55 64 78 98 98 93 89 76 67 63 44 41 38 37 35 32 31 31 32 38 44 42 40 45 47 48 46 45 42 40 39 33 29 29 29 29 29 32 32 32 32 32 33 35 37 38 41 42 42 44 45 48 49 50 49 48 52 56 60 56 52 56
30 32 33 38 44 41 42 45 49 58 57 60 64 60 62 60 59 68 77 85 81 76 84 89 90 78 62 51 48 49 52 63 62 59 59 79 91 104 115 111 98 84 72 70 51 44 37 35 32 31 30 30 32 37 35 34 39 45 45 45 45 41 39 35 35 30 30 30 29 29 30 31 32 33 33 33 34 37 37 40 45 48 45 44 44 46 49 49 49 48 52 57 56 46 55 66
33 35 38 43 40 40 42 45 49 53 57 65 70 68 70 70 72 81 89 88 90 94 98 96 82 66 55 51 52 65 81 81 72 59 56 90 108 103 112 98 100 97 82 73 57 50 37 32 31 29 29 31 31 31 28 34 40 42 42 39 39 36 35 34 30 30 30 31 29 31 31 32 34 34 35 34 36 37 42 43 48 50 46 48 48 45 45 49 52 53 52 51 49 50 63 64
42 47 51 42 40 41 43 45 49 53 59 62 68 70 71 73 76 89 94 86 91 100 100 86 63 56 52 52 73 103 107 98 76 61 56 88 105 105 102 86 98 100 80 66 57 37 31 31 31 29 31 31 34 33 28 33 37 36 36 33 33 32 31 31 30 31 31 31 32 32 33 34 35 35 37 37 36 40 42 45 48 48 50 50 49 49 46 45 47 53 53 58 53 59 64 73
68 53 45 42 41 41 43 46 49 58 69 62 65 69 71 71 76 83 89 86 86 85 79 66 57 55 52 56 77 108 112 105 75 56 57 93 122 96 86 86 85 89 82 60 44 32 31 31 29 28 31 32 32 31 27 30 31 31 30 30 29 29 30 30 31 31 32 32 32 34 34 37 37 37 37 37 37 38 42 44 49 52 53 52 52 49 48 47 46 49 56 61 62 62 67 76
74 54 49 46 42 43 44 47 51 62 78 67 65 71 77 74 83 102 88 81 81 71 75 67 64 55 57 83 96 99 102 90 64 47 74 105 103 88 94 77 76 76 76 53 37 33 31 29 31 29 28 29 33 36 30 28 27 27 27 27 28 27 28 30 32 33 34 34 34 34 37 37 37 37 40 40 37 39 41 45 49 52 54 56 54 50 45 48 47 48 53 57 65 76 76 104
67 57 60 53 45 44 45 48 54 65 86 82 73 73 76 75 91 111 100 92 92 95 96 69 67 64 77 96 112 106 93 76 51 46 72 90 88 87 79 70 64 69 86 69 45 34 31 30 31 29 28 28 31 33 30 25 24 24 25 26 27 26 27 30 32 34 37 36 37 40 37 37 38 40 40 40 41 38 42 46 49 52 54 56 57 48 43 47 51 55 53 57 65 77 91 111
64 56 54 50 47 45 48 51 56 68 87 92 88 88 87 81 97 111 107 103 115 106 93 78 55 61 82 107 104 95 83 63 44 51 76 79 77 73 66 53 54 73 93 77 51 34 33 31 29 28 27 26 25 25 25 24 24 24 24 25 25 25 27 30 31 34 36 37 40 40 40 40 40 40 43 42 42 38 41 44 46 50 52 46 50 45 45 48 53 55 57 56 60 70 84 111
57 52 50 49 48 48 48 53 59 73 95 93 85 87 80 82 94 101 106 110 121 114 93 66 53 55 69 87 99 92 76 51 43 66 72 66 61 51 39 39 52 87 109 85 54 37 31 31 31 28 26 25 27 27 25 25 24 26 24 25 24 25 27 28 30 31 34 36 37 41 43 43 40 42 46 42 41 37 41 46 47 52 51 46 42 45 48 55 53 55 57 57 60 67 81 116
56 57 59 52 48 48 50 54 62 79 97 89 74 77 73 78 92 101 107 119 127 119 110 80 55 50 55 80 92 98 75 47 50 76 71 67 61 45 33 35 52 83 97 79 57 42 37 31 28 28 27 25 25 25 28 27 24 25 24 24 24 24 25 27 28 31 31 34 35 41 43 42 41 43 46 44 38 35 38 41 49 51 47 45 43 52 55 55 55 53 54 57 61 68 83 114
61 61 63 52 48 49 51 57 69 86 97 75 66 66 69 74 84 95 103 111 118 125 106 89 60 49 49 62 89 83 57 47 71 81 73 70 64 55 42 36 39 57 64 58 48 45 40 37 31 26 25 26 25 24 24 24 24 24 24 24 24 25 25 25 27 28 31 33 37 42 43 43 43 43 46 39 38 38 38 38 45 50 45 42 42 46 52 56 56 54 55 57 59 64 70 81
58 54 52 47 49 51 53 64 90 92 80 63 63 64 66 70 83 101 108 105 106 115 100 84 59 52 56 70 87 73 48 45 84 86 77 71 66 61 52 45 36 39 42 39 36 34 34 32 31 28 25 25 25 25 28 26 24 26 25 25 25 25 25 28 30 28 31 34 40 42 45 45 43 44 46 41 44 41 41 42 44 47 46 43 45 45 48 56 58 56 56 57 59 62 64 68
53 49 49 49 49 52 55 60 73 82 66 61 61 61 61 66 84 94 99 104 108 109 90 75 50 52 75 80 87 65 44 48 84 86 80 71 68 65 58 49 49 59 51 42 39 39 39 34 29 30 25 25 25 25 27 24 26 26 27 26 27 27 27 28 28 30 30 34 38 41 44 46 46 48 45 44 45 42 42 41 42 45 43 43 45 52 55 56 58 56 55 57 59 62 64 67
48 48 48 49 52 53 56 59 63 66 61 62 62 62 62 68 86 95 100 106 112 102 80 60 50 46 59 71 80 57 43 54 84 84 77 71 68 68 66 62 74 91 78 64 51 45 51 48 36 35 28 27 25 28 27 26 27 27 30 28 28 28 28 28 31 34 31 32 35 38 44 46 46 46 49 44 41 42 42 42 41 43 43 44 45 45 50 52 55 56 56 55 56 57 61 67
48 48 49 52 52 55 57 60 68 75 75 73 70 75 71 78 83 92 98 108 109 88 65 48 46 52 55 56 53 48 45 62 83 84 75 75 75 75 72 71 85 108 102 92 72 59 53 50 45 34 33 28 27 28 30 30 30 36 41 36 36 31 30 30 31 35 37 31 37 38 41 40 39 44 49 44 44 42 43 42 40 43 44 44 45 45 47 52 55 54 56 56 56 56 58 62
48 51 53 56 58 60 61 69 77 84 90 87 83 84 79 73 79 87 95 98 89 78 58 49 51 69 83 83 62 46 47 59 78 81 78 78 79 81 81 77 96 111 110 105 104 85 56 48 43 42 40 31 28 30 31 35 39 53 68 58 47 35 31 31 31 33 34 34 32 35 38 40 42 43 48 44 43 41 42 39 42 45 45 44 45 47 47 48 56 55 55 56 56 56 57 58
51 59 65 65 68 78 76 76 81 87 90 94 83 70 67 76 81 85 88 88 85 73 70 60 64 76 92 81 66 51 46 51 62 74 82 84 85 88 88 83 105 109 106 106 96 78 60 50 46 43 40 33 30 32 33 36 42 59 88 68 47 40 35 32 32 34 34 32 31 36 37 39 42 44 47 44 41 39 39 42 45 45 46 45 46 47 47 48 52 56 55 56 56 56 56 59
55 63 65 65 74 76 76 74 76 81 83 79 66 62 70 81 83 89 86 82 76 64 73 76 79 96 93 79 67 58 49 54 73 81 87 89 92 92 93 94 105 104 90 92 100 89 69 50 46 43 42 33 30 33 36 36 43 57 80 74 47 37 34 31 33 35 36 38 30 33 34 38 40 43 41 41 40 41 44 45 46 47 49 47 48 49 50 50 49 56 56 56 56 56 61 62
55 58 60 67 75 72 71 71 76 76 71 66 63 64 83 80 86 81 81 76 64 56 73 89 98 102 89 79 66 59 54 60 80 91 85 86 89 86 84 92 95 86 69 71 76 76 64 50 47 46 45 36 33 36 39 39 42 47 57 55 45 37 34 32 31 31 32 35 31 33 36 42 44 41 39 40 37 43 46 49 51 50 50 49 50 50 50 52 54 55 57 56 62 59 64 64
57 58 62 67 67 67 67 68 74 74 66 63 63 70 79 87 82 75 72 63 55 57 71 86 97 93 84 76 67 61 54 64 83 96 92 90 89 80 68 70 69 69 57 53 57 53 49 46 43 40 41 41 36 39 39 42 42 43 62 62 43 37 34 32 31 32 31 34 31 33 38 40 39 39 39 41 41 44 47 48 50 52 55 52 51 51 57 53 58 57 58 62 64 62 62 62
58 60 60 62 63 63 64 69 71 66 64 63 67 74 87 82 87 81 66 56 54 56 69 77 87 89 80 72 61 57 54 70 92 99 86 86 88 68 57 57 54 50 51 48 44 45 43 43 40 39 41 42 37 37 37 37 37 40 60 66 48 43 38 33 31 31 31 32 31 31 34 36 36 37 42 42 46 49 49 50 49 52 57 56 57 57 53 60 82 65 65 68 64 62 60 60
58 60 60 60 62 62 65 67 64 65 64 64 73 79 82 89 82 71 62 54 52 56 69 79 88 84 80 70 58 54 57 71 93 96 74 62 68 54 50 49 46 45 45 43 42 40 40 41 36 38 41 42 37 33 34 34 33 35 40 43 51 70 47 36 30 29 31 28 28 29 31 34 36 36 42 45 49 52 52 56 56 57 67 69 61 60 58 61 72 77 84 75 66 62 59 59
60 63 63 60 60 63 69 64 64 65 66 73 83 88 89 92 82 71 62 52 52 58 64 75 84 76 74 64 58 56 58 67 81 85 68 53 51 49 46 51 43 43 41 41 40 37 37 39 35 37 40 42 39 32 33 33 30 30 30 33 41 47 38 32 30 28 28 31 28 30 32 33 36 36 39 44 47 52 54 59 59 69 69 72 64 64 64 69 84 88 104 88 69 62 59 59
62 63 63 60 60 62 64 65 67 74 73 81 92 99 95 89 85 72 63 54 54 58 67 69 77 74 65 58 56 56 61 67 80 62 53 50 47 44 41 42 44 41 39 37 37 36 35 37 35 35 37 40 41 34 30 30 29 29 30 30 31 33 33 33 35 31 27 26 27 28 31 33 36 39 41 47 45 49 52 57 57 59 70 71 61 61 61 64 83 84 90 84 66 60 59 56
61 64 63 60 60 63 69 76 79 85 81 87 99 99 93 84 76 75 70 63 59 56 63 68 69 65 61 60 56 57 62 71 91 73 55 50 47 41 40 40 40 40 37 36 35 34 33 33 35 35 35 37 39 37 30 30 30 27 27 29 29 30 33 36 33 28 28 26 28 31 33 33 36 39 42 45 51 57 54 64 64 56 61 70 57 53 53 53 61 64 67 66 62 58 56 53
64 61 60 60 62 70 88 92 88 97 99 103 100 92 85 82 83 79 72 65 57 55 63 64 63 60 57 56 58 59 62 70 87 71 53 48 47 44 43 40 37 37 37 37 35 35 32 32 33 35 33 34 34 36 33 30 30 29 27 28 29 28 33 36 28 28 28 25 28 31 34 34 33 36 39 44 47 55 60 56 63 61 67 65 56 50 47 50 55 58 57 58 58 56 53 52
64 61 61 63 64 72 86 96 99 107 114 110 100 90 85 80 76 71 69 62 56 58 70 68 61 59 57 54 51 51 54 59 72 57 51 50 50 45 43 40 36 35 34 35 34 35 33 31 30 32 33 33 31 33 38 30 29 28 28 29 26 26 27 29 29 26 25 28 26 31 33 34 34 35 37 40 43 50 59 62 67 65 65 58 53 47 45 49 50 53 52 51 52 52 52 50
62 61 61 64 72 81 77 83 87 97 110 105 98 90 81 77 76 73 65 57 57 66 73 67 63 62 57 51 46 46 48 53 51 51 58 54 51 45 42 43 40 36 33 33 33 31 30 30 30 29 30 31 30 31 36 36 27 26 26 26 25 26 26 26 26 26 26 30 29 28 28 34 39 40 36 39 42 48 48 52 62 68 59 53 56 47 43 44 47 50 49 48 49 49 48 49
63 61 64 67 81 96 94 89 92 104 108 103 98 90 81 74 70 67 62 59 63 74 77 69 67 63 55 49 46 46 46 47 48 52 62 58 51 46 45 45 45 43 36 33 33 30 30 33 31 28 28 28 28 30 33 36 28 24 23 23 23 23 23 24 23 26 26 31 34 28 31 34 39 43 39 37 41 41 45 48 53 60 57 49 49 45 43 42 45 46 46 45 47 48 48 45
66 63 68 84 95 98 91 94 92 99 102 98 95 89 82 76 71 65 61 62 70 81 74 69 67 55 49 48 44 42 45 46 49 52 50 48 48 47 43 44 41 39 36 32 30 29 28 28 28 27 28 28 28 29 31 33 29 23 23 23 23 23 23 23 26 26 29 31 31 34 29 33 32 33 37 42 46 41 43 45 48 50 51 47 43 41 42 40 40 43 44 43 45 45 46 44
65 65 76 87 97 93 90 84 81 85 95 95 91 86 81 75 69 67 64 68 77 80 72 71 59 53 50 47 43 42 42 42 44 45 46 42 44 47 43 41 39 39 39 36 36 30 29 29 29 28 28 26 26 26 28 29 30 25 22 23 23 23 23 23 26 26 28 31 31 31 34 34 33 35 35 39 39 40 43 45 45 45 45 44 42 39 38 41 40 40 42 41 43 42 45 43
62 68 79 76 87 93 84 81 77 81 80 78 86 85 79 73 69 66 68 68 73 79 75 73 65 53 48 46 43 41 41 42 42 43 42 40 43 43 41 40 41 38 36 39 39 39 31 27 26 25 26 25 25 24 26 26 28 29 24 21 21 23 23 23 24 26 28 29 31 34 37 38 36 32 34 35 36 39 42 43 45 44 42 41 40 38 35 39 40 38 40 40 41 41 42 41
62 66 72 72 84 80 80 69 72 77 71 70 78 81 77 70 66 64 62 64 76 78 75 69 57 53 49 48 44 43 44 42 43 41 39 37 37 39 37 37 37 37 37 36 35 36 39 33 26 24 24 24 24 24 24 24 25 26 26 23 22 21 23 23 24 26 28 29 33 34 35 34 31 31 32 34 37 38 42 43 45 42 40 37 37 34 34 38 38 35 37 37 39 40 40 40
62 62 66 76 83 75 67 65 69 67 67 69 71 71 71 64 63 65 59 61 70 67 63 58 54 50 51 51 46 41 44 41 41 40 36 36 36 35 35 35 32 32 32 35 33 32 35 40 35 25 24 24 24 24 23 21 24 24 26 23 21 23 23 23 24 26 29 29 31 34 31 28 28 30 31 35 37 40 41 44 43 41 39 37 34 33 33 35 35 34 36 35 36 38 38 38
62 61 65 70 75 72 67 65 64 64 69 71 67 66 63 60 62 62 60 59 59 56 55 55 50 50 48 48 45 40 41 38 40 38 36 36 37 37 37 35 32 28 29 30 35 34 30 37 43 39 29 24 21 21 21 21 21 21 24 23 21 23 24 23 26 26 29 29 30 29 26 26 28 28 31 33 35 38 40 42 40 39 37 34 33 31 32 33 32 34 33 34 36 38 38 36
58 62 59 64 66 67 68 62 64 68 73 69 64 61 61 57 59 57 57 58 56 53 51 51 49 50 48 47 42 41 38 38 36 39 38 33 36 36 36 35 30 28 27 27 30 30 27 32 35 40 43 30 21 21 21 21 21 21 21 21 21 23 24 26 26 26 26 26 26 23 23 26 26 28 29 32 35 38 38 40 37 32 34 34 32 31 31 33 32 32 32 32 33 36 34 35
54 61 55 57 59 64 65 65 65 66 67 62 59 57 56 61 60 57 57 55 52 51 51 52 51 46 45 45 45 41 37 37 35 36 36 31 33 35 32 28 27 28 27 23 27 24 22 25 21 24 37 43 33 24 21 21 21 21 22 24 24 21 23 26 29 24 23 21 23 23 24 26 27 29 31 30 32 35 37 36 32 29 29 32 33 29 29 30 30 32 31 31 31 32 33 33
52 53 53 55 56 57 56 61 63 61 59 59 58 56 56 63 56 56 57 55 52 52 52 54 54 46 45 45 45 38 34 33 35 33 33 31 28 31 28 26 25 26 27 24 23 23 20 20 23 20 28 40 40 36 24 21 21 21 21 22 21 21 21 21 23 21 26 23 23 23 26 26 27 29 31 32 31 30 35 32 29 28 28 31 32 29 29 30 33 32 32 32 31 31 33 33
45 47 48 51 53 55 54 57 58 56 56 55 55 56 58 58 56 53 52 52 50 51 52 53 49 49 46 41 40 37 36 34 35 31 29 30 27 26 26 25 23 23 23 25 21 19 19 19 20 19 21 26 32 38 22 20 19 20 21 21 21 21 21 25 21 23 23 23 23 23 26 26 28 29 30 32 35 32 30 30 28 26 29 29 29 29 29 29 31 32 33 32 31 33 33 33
50 55 53 52 51 53 53 57 58 59 56 56 58 57 57 56 53 52 52 51 49 50 49 47 50 46 42 39 38 39 36 31 31 29 28 25 25 24 26 26 23 20 20 20 22 20 19 19 19 18 19 21 23 25 19 18 20 20 21 21 21 21 26 29 22 27 23 23 23 26 26 26 27 29 30 32 35 32 31 28 27 25 29 29 28 29 30 30 30 32 34 34 32 33 35 35
53 55 53 55 55 58 57 62 59 59 59 59 61 59 57 56 53 52 52 52 48 47 47 47 47 44 41 41 41 41 35 29 29 29 27 25 24 23 23 23 23 20 20 18 18 18 18 18 19 17 17 19 18 18 18 19 21 22 24 23 22 24 26 30 23 30 25 23 25 26 26 26 26 28 30 31 32 30 30 28 26 26 28 28 28 29 30 30 30 30 32 33 32 33 38 36
60 58 56 54 57 62 65 60 60 60 59 59 60 60 57 54 53 50 51 51 48 44 47 47 44 43 43 44 43 36 34 32 29 29 28 28 27 23 21 20 20 20 20 20 18 17 17 17 17 17 19 20 19 22 19 20 32 42 30 28 25 25 30 30 25 26 26 24 26 26 26 26 26 28 30 31 30 28 28 27 26 26 29 29 29 30 30 31 30 30 32 32 33 35 35 35
53 52 53 52 52 53 58 57 59 56 56 56 55 62 54 51 50 47 46 45 45 44 44 44 42 42 45 47 45 35 34 31 29 29 29 28 27 28 21 20 20 20 20 20 18 17 17 17 17 17 20 23 20 25 20 25 49 58 33 30 28 25 30 33 27 27 28 26 33 26 26 29 29 28 29 30 30 28 27 27 26 27 28 32 29 29 30 30 31 31 33 33 33 34 34 33
48 49 52 53 50 50 51 56 54 54 57 57 53 53 48 47 45 45 45 45 44 43 42 42 42 44 47 47 43 37 36 33 33 31 29 27 30 30 24 20 18 18 20 18 17 16 16 16 16 16 17 19 25 26 19 25 29 32 30 29 30 28 32 34 30 27 30 29 35 27 26 27 27 29 30 30 28 27 27 27 27 27 30 30 29 29 29 29 32 32 33 33 33 35 35 33
47 49 52 53 53 50 49 50 50 51 58 54 52 48 47 45 44 43 44 43 43 42 42 42 44 49 49 47 41 40 40 38 36 36 33 32 30 27 24 20 18 18 18 16 15 15 15 16 17 16 18 18 20 25 20 23 28 30 30 30 32 29 31 34 28 27 30 34 31 26 26 27 27 29 30 30 28 27 27 27 28 27 32 29 29 29 29 29 30 33 33 35 35 35 34 34
