data/bioclim/bclim14.asc
NCOLS 300 
NROWS 196 
XLLCORNER -121.25 
YLLCORNER 31.1666666666667 
CELLSIZE 0.0416666666666667 
NODATA_value -32768 
[rows 0 to 68 of 196, columns 96 to 191 of 300]
13 16 23 25 21 14 13 13 13 14 15 17 17 16 17 18 21 23 24 24 20 19 18 18 18 19 21 24 21 18 18 18 18 19 20 19 21 21 20 20 21 22 25 25 23 25 21 19 19 20 22 27 25 22 22 20 17 16 16 26 30 30 35 37 36 22 12 12 12 12 19 32 33 33 29 25 12 9 8 8 8 8 9 10 12 12 11 9 9 8 9 9 13 24 18 17
15 22 22 26 17 13 13 13 13 14 16 20 18 17 17 18 20 23 23 25 21 18 18 18 19 19 19 20 19 18 18 18 18 19 22 21 21 20 20 21 27 29 28 28 25 27 21 19 19 20 22 26 24 24 22 22 22 17 18 26 33 32 35 31 34 23 12 12 12 14 21 30 33 38 35 30 14 9 8 8 8 9 10 11 15 16 14 11 9 9 9 9 20 20 16 15
17 23 22 21 14 13 13 13 14 16 18 20 19 17 17 19 22 22 24 23 19 17 17 18 21 19 19 20 18 18 18 18 19 20 21 22 21 21 21 22 28 31 29 30 28 27 22 20 20 20 23 25 22 23 25 25 21 19 19 24 30 30 34 29 22 15 13 12 13 20 27 31 32 35 31 24 13 9 8 8 9 10 12 13 21 21 16 12 9 9 9 11 18 21 17 14
20 26 24 16 14 13 13 13 15 19 21 22 19 18 18 19 21 21 23 21 19 17 17 22 24 20 18 19 18 18 18 18 19 20 21 21 20 20 23 20 22 27 26 28 30 27 23 21 21 21 22 22 21 21 24 29 25 20 19 21 24 27 30 32 19 14 13 12 14 19 29 27 27 31 29 20 11 9 9 9 9 11 14 15 18 19 15 11 10 9 9 17 27 24 19 14
22 26 21 15 13 13 13 14 17 23 23 21 19 18 17 17 18 20 24 23 21 17 18 25 25 20 17 17 17 17 18 18 19 20 20 20 19 21 21 19 21 24 25 27 28 27 25 23 22 21 21 21 20 21 27 33 28 22 20 20 23 29 28 31 20 14 13 12 18 22 22 20 17 17 15 12 9 9 9 9 11 13 14 13 14 16 16 15 11 9 9 16 27 22 17 14
24 21 14 13 13 13 14 15 19 23 23 22 20 18 17 17 18 19 22 24 23 18 20 26 23 17 16 17 17 17 18 20 20 21 20 19 19 19 19 19 21 24 25 29 29 28 28 25 23 22 20 19 20 21 24 31 30 24 20 19 21 27 27 21 17 14 13 13 20 25 20 16 15 13 11 10 9 9 9 9 10 12 14 12 12 14 17 18 13 9 9 10 18 20 16 13
22 15 12 12 13 13 14 16 18 23 26 24 21 18 17 17 17 19 22 25 24 22 21 25 21 16 16 16 16 17 19 24 23 21 20 18 18 18 18 19 20 23 24 27 28 27 27 25 23 22 22 19 19 19 21 29 31 24 20 20 21 24 27 23 17 14 13 14 25 30 27 25 17 13 10 10 9 9 9 9 9 10 11 10 11 12 16 18 18 15 10 9 12 13 14 12
19 12 12 12 12 12 14 16 19 23 25 24 19 17 17 17 18 20 23 23 20 22 19 22 21 16 16 16 16 17 19 24 23 20 18 17 17 18 18 18 19 22 25 27 26 26 25 23 22 22 20 19 18 18 20 27 28 24 21 21 21 24 26 21 16 14 14 15 19 28 34 30 22 15 11 10 9 9 9 9 9 9 9 9 10 11 19 22 23 23 15 11 10 11 12 11
15 11 11 11 11 12 15 19 20 22 23 20 17 16 17 17 19 22 24 21 16 18 17 22 22 16 16 16 16 17 18 20 23 21 18 17 16 17 18 17 18 21 24 29 27 26 25 23 21 21 20 19 18 18 19 25 28 26 22 21 23 26 26 21 17 15 14 14 17 27 38 32 26 20 13 10 9 9 9 9 9 9 9 9 9 11 14 18 22 24 17 13 11 11 11 11
12 11 11 11 11 13 15 18 21 22 21 18 16 16 17 18 20 23 22 18 16 15 16 22 18 17 19 16 16 17 17 18 19 20 20 17 16 17 18 16 17 20 24 31 27 25 23 23 21 20 19 18 17 17 18 24 30 26 23 24 26 26 27 25 17 15 14 14 15 25 34 31 29 27 20 13 10 10 12 13 16 12 11 10 10 10 12 13 17 22 16 14 12 11 12 11
12 11 11 11 11 12 15 17 20 20 19 16 15 16 17 21 23 22 18 16 15 15 18 19 17 20 23 17 16 17 18 17 18 19 20 17 16 16 15 15 17 21 24 31 28 26 24 22 21 21 21 18 17 17 18 24 27 26 23 25 27 26 29 24 17 15 14 14 14 23 32 31 27 23 19 15 12 11 12 17 18 14 13 12 11 10 11 12 14 17 17 13 12 11 13 11
17 11 10 10 11 13 17 20 22 19 16 15 15 16 21 24 25 23 16 15 15 16 22 19 17 23 19 18 16 16 17 17 17 19 21 18 17 16 15 15 16 19 24 28 27 23 23 22 21 21 20 17 17 17 19 25 26 24 24 24 26 25 26 22 17 15 14 14 14 20 30 32 29 24 19 15 13 11 11 14 17 19 19 16 13 11 11 13 15 15 15 11 11 12 13 11
21 11 10 10 11 15 22 29 24 19 15 15 15 17 22 28 24 20 16 15 15 16 22 18 16 17 17 18 16 17 16 16 17 18 21 19 20 18 15 14 15 17 19 21 21 22 22 22 22 21 20 17 17 17 21 25 25 23 24 24 24 25 23 20 16 15 14 14 14 20 29 28 27 26 19 14 12 11 11 12 17 21 21 18 16 12 12 17 16 14 13 11 11 12 11 11
20 11 10 10 11 16 22 30 26 20 16 15 15 20 23 28 24 19 15 14 15 17 21 16 15 15 18 18 18 16 16 16 17 20 22 21 20 17 15 14 14 15 16 18 19 23 22 21 20 18 17 17 17 17 23 26 24 23 23 25 25 23 21 18 17 15 15 14 14 18 24 24 23 27 18 13 11 11 11 12 16 16 17 21 18 14 15 17 14 13 12 11 11 12 11 11
17 11 10 10 12 14 19 24 22 21 18 15 15 19 23 27 24 18 14 14 16 19 20 18 15 15 18 19 17 16 16 16 18 22 21 19 19 17 14 14 14 15 15 17 19 21 22 20 18 17 17 17 17 19 22 24 23 22 23 26 25 21 19 17 17 18 16 15 15 17 21 22 21 23 17 12 12 12 13 13 13 14 15 20 17 12 13 18 14 12 11 11 10 10 10 10
13 10 10 11 14 18 23 21 20 20 16 15 14 19 21 24 21 17 14 14 17 21 23 21 16 15 16 18 16 16 16 17 19 21 20 18 17 15 14 14 14 14 15 18 18 19 21 19 17 17 17 17 17 21 25 24 22 21 21 25 29 22 18 16 17 20 19 16 15 16 18 19 19 18 15 12 13 15 17 16 14 13 14 13 12 11 12 20 16 14 12 10 10 10 10 10
13 9 10 11 14 19 22 21 20 17 15 14 15 18 20 21 19 16 14 15 18 23 23 23 15 14 16 18 16 15 17 18 19 19 18 16 15 14 14 14 14 14 16 20 20 19 20 19 17 17 17 17 17 21 24 24 21 20 20 22 27 21 18 17 17 18 20 18 16 16 17 17 16 16 14 13 14 17 21 19 16 15 15 11 10 10 11 16 18 15 12 10 9 9 9 12
12 9 9 12 15 18 17 16 17 15 14 14 15 19 20 18 17 15 14 17 19 18 20 21 14 14 15 15 15 16 18 19 19 19 17 15 14 13 14 14 14 14 17 21 21 20 19 19 18 17 16 16 16 18 21 22 20 19 19 20 23 19 17 17 17 18 20 19 17 16 16 16 15 14 14 14 15 18 22 19 17 16 13 11 10 10 10 16 22 19 15 11 9 9 10 16
9 9 10 12 17 17 15 13 14 15 14 15 18 20 16 14 16 17 14 15 17 15 15 14 13 13 14 15 15 15 17 18 18 18 15 14 13 13 14 14 14 15 21 21 20 20 20 19 17 17 16 16 16 16 18 20 21 21 18 19 22 18 17 17 17 17 18 19 17 16 16 17 15 15 14 14 16 17 21 19 17 16 13 12 11 10 10 14 19 20 14 10 9 9 14 20
8 9 11 14 15 15 13 12 13 14 15 18 20 18 14 13 13 14 14 16 16 13 12 12 13 14 17 15 15 15 16 17 17 15 14 13 13 13 13 13 14 15 20 21 22 20 19 18 16 15 15 15 15 16 17 21 22 19 17 18 21 18 16 16 16 16 18 19 17 17 17 17 16 15 15 15 16 17 22 21 18 17 14 12 11 11 11 14 17 16 13 9 9 9 16 22
8 10 13 17 13 12 11 11 12 15 15 18 16 15 13 12 14 15 17 18 18 13 12 12 13 14 16 15 15 15 16 16 17 15 13 13 13 13 13 13 13 15 18 22 21 20 17 16 15 15 15 15 15 15 17 22 18 17 17 18 20 17 16 16 16 16 16 17 17 17 17 18 17 15 15 15 16 17 21 22 18 17 14 13 12 11 11 14 20 16 11 9 9 10 15 19
8 10 12 12 11 10 10 13 16 17 17 18 18 14 12 12 14 15 17 18 17 13 12 12 12 14 16 15 15 15 15 15 15 13 13 13 13 13 13 13 13 16 18 20 21 19 16 15 15 14 14 14 14 14 18 18 16 16 16 18 18 20 17 15 15 15 16 16 19 19 19 17 17 15 15 14 15 16 18 19 18 17 15 14 12 12 12 15 20 15 11 10 10 11 14 16
8 8 9 9 9 9 10 12 17 18 18 19 19 13 11 11 12 14 18 18 17 13 12 12 12 15 16 15 15 15 15 14 14 12 12 12 12 13 13 13 15 18 20 20 19 17 15 15 14 14 14 14 14 15 18 17 16 16 16 16 16 18 16 15 15 15 15 16 18 19 21 19 17 15 15 14 15 16 17 18 18 16 15 14 13 13 14 17 21 15 13 12 11 13 14 16
11 10 8 8 8 9 9 11 14 17 19 20 17 14 11 11 12 14 18 18 17 13 12 12 12 13 14 16 15 14 15 15 12 12 12 12 12 12 13 14 18 22 23 19 17 16 15 14 14 14 13 13 14 15 18 17 15 15 17 15 15 19 17 15 15 15 15 16 16 19 21 21 18 16 15 15 14 15 17 19 17 16 15 14 14 14 16 21 20 15 14 13 13 13 15 16
16 12 9 8 8 8 9 10 12 13 15 16 14 14 11 11 11 13 17 17 16 14 11 11 12 12 13 16 14 14 14 14 12 12 12 12 12 12 13 15 18 24 22 18 16 15 14 14 13 13 13 13 14 15 16 16 15 16 16 14 14 16 17 15 14 14 15 17 17 20 20 18 18 18 17 15 15 14 16 18 19 18 16 15 14 15 19 22 18 16 15 15 13 14 15 15
13 11 9 8 7 8 9 11 13 12 12 12 11 11 10 11 11 12 15 16 15 13 11 11 12 12 13 14 15 14 13 13 12 12 12 12 12 13 14 15 19 24 19 16 14 14 14 13 13 13 13 14 15 14 15 15 16 16 14 14 14 15 16 15 14 14 15 17 20 20 18 17 17 17 17 19 17 15 15 17 20 19 16 15 14 14 17 19 19 17 17 16 13 13 14 13
10 10 9 8 7 8 10 13 15 13 11 13 10 10 10 10 10 12 14 15 13 12 11 12 12 12 13 14 14 13 12 12 12 12 12 12 13 16 17 17 20 20 16 14 13 13 15 14 13 12 12 13 14 13 14 15 16 14 13 13 14 15 16 15 14 14 14 16 20 20 17 16 15 15 16 19 20 15 15 16 18 20 17 16 15 14 15 17 18 16 15 15 13 12 12 12
9 9 8 7 7 9 11 14 12 13 10 12 11 10 10 10 10 11 13 14 13 11 11 12 12 12 12 12 11 11 11 11 12 12 12 14 16 19 19 19 19 16 14 13 13 13 13 13 13 13 12 12 13 13 13 15 15 13 12 13 14 15 15 14 13 13 13 14 16 18 16 15 14 14 15 17 18 15 14 15 18 21 18 16 15 15 15 15 16 15 14 14 15 12 12 12
8 10 7 6 6 8 9 11 11 10 10 12 12 10 10 10 10 11 13 14 14 12 12 12 12 14 12 11 11 11 11 12 12 13 15 18 18 21 18 17 16 14 13 12 12 13 12 12 13 14 13 12 12 12 12 13 13 12 12 12 13 13 13 13 13 12 13 13 14 17 19 16 14 13 13 15 18 16 14 15 16 20 19 16 15 15 14 15 16 16 14 13 14 12 11 12
8 9 7 6 6 6 7 9 10 9 9 11 11 10 10 10 11 12 13 15 14 12 12 12 13 14 13 12 11 11 11 12 13 14 16 19 21 19 16 16 14 13 12 12 12 13 11 11 12 14 14 13 12 11 12 12 12 11 11 11 11 12 13 14 12 12 12 12 13 14 16 16 14 13 13 15 17 16 15 14 15 16 18 17 16 14 14 15 14 15 14 13 12 12 11 12
8 8 6 6 6 6 6 7 9 8 8 10 11 10 9 10 11 13 14 15 15 12 12 12 14 14 13 11 11 11 11 12 13 15 17 19 19 16 14 14 13 12 12 12 12 11 11 11 11 12 14 16 14 12 11 11 12 11 11 10 11 12 13 17 13 12 11 12 12 13 14 15 14 13 13 15 18 16 15 14 14 15 16 17 16 14 13 14 13 14 14 12 12 11 12 12
7 8 6 6 6 6 6 6 7 7 8 9 9 9 9 10 12 14 17 17 14 12 12 12 13 15 13 11 10 10 11 12 14 16 16 18 16 15 14 13 12 12 12 11 11 12 11 11 11 12 13 16 15 13 11 11 12 11 10 10 10 11 12 17 14 12 11 11 11 12 12 13 13 13 14 15 17 17 15 14 14 15 15 14 14 14 13 12 12 12 12 11 11 11 12 12
8 8 6 6 6 6 6 6 8 8 8 8 9 9 10 12 13 14 17 17 14 12 12 12 13 15 14 11 10 10 10 12 14 16 14 14 14 14 13 12 12 12 11 12 12 11 11 11 11 12 13 16 15 12 10 11 12 10 10 10 10 10 11 15 14 12 11 11 11 11 11 12 11 12 13 16 18 17 15 14 15 16 15 13 12 13 12 12 12 12 11 11 11 11 12 12
6 6 6 6 6 6 6 6 8 8 8 8 8 9 10 12 13 16 16 17 15 13 12 12 13 14 14 12 10 10 10 12 14 14 13 12 12 12 13 15 12 11 12 13 13 10 10 10 11 12 13 13 13 12 10 11 11 10 9 9 9 11 12 15 15 12 12 11 10 10 11 11 11 12 13 15 16 17 15 14 14 13 12 12 11 11 11 11 11 11 11 11 11 11 12 12
6 6 6 6 6 6 6 7 7 7 8 8 8 9 10 11 12 13 13 15 15 14 12 12 12 13 15 12 10 10 11 12 13 12 11 11 11 11 13 16 12 12 13 14 13 10 10 10 10 12 13 11 11 11 10 11 10 9 9 9 9 10 11 15 17 12 11 11 11 10 10 10 11 12 13 13 14 15 14 13 12 11 11 11 11 11 11 11 11 11 11 11 11 12 12 12
6 6 6 6 6 6 6 7 7 8 8 8 8 9 10 11 11 11 12 13 14 14 13 12 12 12 15 13 10 10 11 12 12 11 10 10 10 10 11 15 12 12 13 15 11 10 10 10 10 12 12 10 10 9 10 11 10 9 9 9 9 9 10 12 14 11 10 10 10 10 10 10 11 12 13 13 12 13 14 12 11 11 11 11 11 11 11 11 11 11 11 11 11 12 12 12
6 6 7 7 6 7 7 8 9 9 8 9 9 9 10 10 11 11 11 12 13 15 13 12 11 11 12 11 10 10 11 11 11 10 10 10 10 10 10 14 12 13 13 13 11 10 10 10 10 10 11 9 9 10 10 11 10 9 9 8 9 9 10 11 11 10 9 9 9 9 10 10 11 13 14 13 12 12 12 11 11 11 11 11 11 11 11 11 11 11 11 11 12 12 12 12
6 7 8 8 7 7 7 9 11 11 10 9 9 9 10 10 10 10 11 11 12 14 14 12 11 11 11 10 10 10 11 12 11 10 10 9 9 9 10 11 12 13 12 12 11 10 10 10 10 9 9 8 9 10 10 11 10 9 8 8 9 9 9 10 10 9 9 8 8 9 10 10 11 13 13 12 11 11 11 11 10 10 11 11 11 11 11 11 11 11 12 13 12 12 12 12
7 8 9 8 7 7 7 9 11 12 11 10 10 9 10 10 10 10 10 10 11 13 13 12 11 11 11 11 10 11 11 11 10 10 9 9 9 9 10 11 12 13 12 13 12 11 10 11 9 9 8 8 9 9 10 11 10 9 8 8 9 10 10 10 12 10 8 8 8 9 10 11 12 12 12 11 11 11 11 11 10 10 10 11 11 11 11 11 11 11 13 14 13 13 12 12
8 8 8 7 7 7 7 7 8 10 11 11 10 9 9 9 10 10 10 10 10 12 13 12 11 10 11 11 11 11 11 10 9 9 9 9 9 9 10 11 12 13 13 13 13 13 11 10 8 8 9 9 9 10 11 12 9 9 8 8 9 10 10 10 11 10 8 8 9 9 10 11 11 11 11 11 11 11 12 12 11 11 11 11 11 11 11 11 11 11 14 15 14 13 13 13
8 7 7 7 7 7 7 7 7 8 10 11 11 9 9 9 10 9 9 9 10 11 12 11 10 10 10 11 11 10 10 10 9 9 9 9 9 9 12 12 13 14 12 13 15 13 10 9 8 8 9 8 8 9 9 9 9 8 8 8 9 11 10 9 9 8 8 8 9 10 11 12 11 11 11 11 11 12 12 12 12 12 11 11 11 11 11 11 12 12 12 13 14 14 14 13
8 7 7 7 7 7 7 7 8 8 10 11 11 10 9 9 10 9 9 9 9 11 11 10 10 10 10 11 11 10 10 9 9 9 9 9 10 10 12 11 12 11 11 12 12 10 8 8 7 8 8 8 8 9 9 8 8 8 9 9 10 11 10 9 8 8 8 8 8 9 10 11 11 11 10 11 11 11 11 11 11 11 11 11 11 11 11 12 13 12 13 13 14 15 15 14
7 7 7 7 7 8 8 8 9 9 9 10 10 10 9 10 9 9 9 9 9 10 10 10 9 9 10 12 12 10 10 9 9 9 10 12 11 10 9 9 9 10 9 12 12 10 8 7 7 8 7 8 9 10 9 8 8 8 9 10 12 11 10 9 8 9 9 9 9 9 10 10 10 10 10 11 11 11 12 12 12 11 12 11 11 11 12 12 14 13 14 14 14 16 17 16
8 7 7 9 11 11 9 9 9 9 9 9 10 9 9 9 9 9 8 8 8 9 11 9 9 9 10 11 13 11 10 10 10 10 11 13 11 9 9 8 8 8 9 11 10 9 8 7 6 7 8 8 11 11 9 8 8 8 9 11 13 11 10 8 8 10 10 10 10 10 10 9 9 10 10 10 10 11 12 13 11 11 13 12 12 12 13 12 13 13 14 16 16 14 14 14
7 7 7 9 10 11 9 9 9 9 9 9 9 9 9 9 9 8 8 8 8 9 10 9 9 9 9 11 12 10 9 9 9 9 10 12 13 10 9 8 8 8 8 10 9 8 8 7 6 6 7 9 12 12 9 8 8 8 9 10 12 11 10 9 8 10 12 11 10 10 10 10 10 10 10 11 9 10 11 13 12 11 11 12 13 13 12 13 15 15 15 17 18 15 12 12
7 7 7 7 8 8 8 8 8 9 9 9 9 9 8 8 8 8 8 8 8 10 10 9 9 9 10 12 12 10 9 8 8 9 10 11 14 11 9 8 7 7 7 8 9 9 9 8 6 6 6 8 9 10 9 8 7 8 8 10 10 11 10 9 7 9 11 10 10 10 10 10 10 10 10 11 9 8 10 12 11 11 11 10 10 11 11 12 13 15 15 17 19 18 14 11
8 8 7 7 7 8 8 8 8 8 8 9 8 8 8 9 8 8 8 8 9 10 10 9 9 9 12 12 10 9 8 8 8 8 9 10 12 10 9 8 7 7 7 7 8 10 10 8 6 6 6 7 8 8 8 7 7 7 8 10 11 11 9 8 7 8 9 9 8 9 11 11 11 10 9 9 8 8 8 9 9 11 11 10 9 9 10 11 13 14 15 19 21 15 13 11
9 8 7 7 6 7 9 8 9 8 8 9 8 9 9 9 9 8 9 9 10 11 11 10 9 10 12 10 9 8 8 7 7 7 8 9 11 9 8 8 7 7 7 7 8 12 11 9 7 6 6 7 7 7 7 7 7 7 8 9 12 11 9 8 7 6 8 8 7 9 10 12 11 10 8 8 8 7 7 8 10 10 9 8 8 8 9 12 15 18 18 20 18 13 11 10
9 8 7 6 6 6 8 8 8 8 8 9 9 9 9 9 9 9 10 10 10 11 11 10 10 11 11 9 8 7 7 7 7 7 7 7 7 8 8 8 7 7 7 6 7 10 10 9 8 6 5 6 6 7 7 7 7 8 9 10 10 9 8 7 7 7 6 6 7 8 9 9 8 8 7 7 7 7 6 7 8 8 8 7 7 8 9 11 13 16 18 13 12 11 9 10
8 7 7 6 6 6 6 7 7 8 9 9 10 9 9 9 9 9 9 10 10 10 11 11 10 11 10 10 10 8 7 7 7 7 7 7 7 7 8 8 8 7 6 6 6 7 9 8 8 6 6 5 6 7 7 7 9 8 9 10 8 7 6 6 7 7 6 6 7 8 9 7 7 7 6 6 6 6 6 6 7 7 7 7 8 9 9 9 11 11 11 10 10 8 8 8
7 6 6 6 6 6 6 6 7 7 7 8 8 8 8 8 9 9 9 10 10 11 11 11 11 11 9 9 8 8 7 7 7 7 7 7 7 7 8 8 9 7 6 6 6 7 8 7 7 7 6 5 5 6 6 8 8 8 9 7 6 6 6 7 6 6 5 6 6 7 8 7 7 7 7 6 6 6 6 6 7 7 6 7 8 9 7 8 9 9 9 8 7 7 7 7
6 6 5 6 5 5 6 6 6 6 7 7 8 7 7 7 8 8 8 8 9 10 10 9 11 9 8 7 6 6 7 7 7 8 7 7 7 7 8 8 8 7 6 6 6 7 7 7 6 6 6 5 5 5 6 9 8 7 8 6 5 5 6 6 6 5 5 5 6 6 6 6 6 6 6 6 6 5 6 7 10 9 7 6 6 6 6 7 7 7 7 7 6 6 7 7
7 5 6 7 6 5 5 5 6 6 6 6 7 7 7 7 7 8 8 8 8 8 8 8 9 9 7 6 6 6 7 8 7 7 7 7 7 7 7 7 9 8 6 6 6 6 6 7 6 6 6 6 6 5 5 8 8 7 6 5 5 6 6 5 5 5 4 5 5 5 5 5 6 6 6 5 5 5 6 7 11 10 7 6 6 5 5 6 6 6 6 6 6 7 7 9
5 6 8 8 6 6 5 5 5 6 6 6 6 6 6 7 7 8 9 9 8 7 7 8 8 8 7 6 6 6 7 7 7 6 6 7 7 7 8 9 9 9 7 6 5 5 5 6 6 6 7 6 5 4 4 7 6 6 5 5 5 6 5 5 5 5 4 5 5 5 5 5 5 6 6 5 5 5 5 7 9 8 9 7 6 5 5 5 5 5 5 6 6 7 8 9
6 8 8 8 7 6 6 5 5 5 6 6 6 6 6 7 7 8 9 9 8 7 7 7 8 7 6 6 5 5 6 6 7 6 6 7 8 8 8 9 9 7 7 6 6 6 5 5 5 5 8 6 5 4 4 5 5 5 5 5 6 5 5 5 4 4 5 6 6 5 5 5 5 5 5 5 4 4 5 5 6 7 10 8 6 5 5 5 5 5 5 7 8 7 8 10
7 9 10 8 7 6 6 6 5 5 6 6 5 6 6 6 6 7 8 8 8 7 6 7 8 7 6 6 5 5 5 6 6 6 7 7 7 8 7 7 8 6 5 6 6 5 5 5 4 5 8 8 5 4 4 4 4 4 6 6 5 4 4 4 5 6 7 8 7 6 5 4 5 5 5 4 4 4 4 4 5 6 8 8 6 5 5 5 5 5 5 6 6 6 7 9
8 9 10 9 7 7 6 6 5 6 7 5 5 5 6 6 7 6 7 7 7 6 7 8 8 6 6 5 5 5 5 5 6 6 7 7 7 6 5 6 7 6 5 5 6 5 4 4 4 5 8 9 5 4 4 4 4 5 6 5 4 4 4 4 5 8 9 9 6 5 5 4 4 4 4 4 4 4 4 4 4 5 5 5 5 5 5 5 5 5 5 6 6 6 8 9
5 8 9 9 8 7 7 7 6 6 6 5 5 5 6 6 6 7 7 7 6 6 8 8 8 6 6 6 5 5 5 5 5 6 6 7 6 5 5 5 7 6 5 5 6 6 5 4 4 4 7 8 5 4 4 4 4 5 5 5 4 4 3 4 5 7 9 9 7 5 5 4 4 4 4 4 4 4 4 4 4 5 4 5 7 6 6 6 5 6 6 7 7 7 9 9
3 5 7 7 8 7 6 5 5 5 4 4 5 6 6 5 5 6 7 6 5 6 6 6 7 6 5 5 5 4 5 5 4 5 7 7 6 5 4 4 7 5 5 5 5 6 6 6 6 5 6 9 5 4 4 4 4 5 5 5 4 3 3 4 4 5 6 7 6 5 5 4 4 4 4 4 4 4 4 3 4 6 6 8 8 7 8 8 7 8 8 8 8 9 10 9
3 3 4 5 6 7 6 5 4 4 4 4 5 6 6 5 5 5 6 5 5 5 5 5 5 6 6 5 4 4 4 4 4 4 6 6 7 6 4 4 7 5 5 4 5 7 7 7 6 5 6 9 6 5 4 3 3 4 5 4 4 3 3 4 4 4 6 6 5 4 4 4 4 3 4 3 3 3 3 3 4 8 8 10 10 8 8 9 8 9 9 8 8 8 10 10
2 2 3 4 6 6 6 5 4 4 4 4 4 5 6 4 4 5 5 5 4 4 4 4 5 5 5 5 4 4 4 4 4 4 5 5 7 6 4 4 6 5 5 4 5 6 6 8 7 6 8 10 6 5 4 3 3 4 4 4 4 3 3 3 4 4 4 4 4 4 4 4 3 3 3 3 3 3 3 4 6 10 10 12 11 8 10 11 10 11 10 8 8 8 9 10
2 2 2 3 3 5 5 5 5 4 4 4 4 4 4 4 4 4 4 4 4 4 4 4 4 6 6 5 4 4 3 3 4 5 5 5 6 5 4 4 5 5 5 4 5 5 5 7 7 8 9 9 6 5 4 3 3 3 3 3 3 3 3 3 3 4 4 3 3 3 3 3 3 3 3 3 3 3 4 5 9 11 12 10 10 9 9 10 9 9 9 8 8 8 8 10
2 2 2 2 3 3 3 4 5 5 4 4 4 4 4 4 4 4 4 4 4 4 4 4 4 5 4 4 4 4 4 4 5 5 5 5 5 4 4 4 6 5 4 4 5 6 5 7 8 10 11 8 6 5 4 3 4 4 3 3 3 3 3 3 3 3 3 3 3 3 3 3 3 3 3 4 4 4 4 6 8 9 9 8 8 9 9 9 9 9 9 9 8 8 8 9
2 2 2 2 2 2 3 3 4 6 5 4 4 4 4 3 3 4 3 3 3 3 4 4 4 4 4 4 4 4 5 5 5 5 5 4 4 4 4 4 6 4 4 5 6 6 6 7 10 14 11 8 7 6 4 3 4 5 4 3 3 3 3 3 3 3 3 3 3 3 3 3 3 4 4 5 5 5 6 7 7 8 7 7 7 9 9 9 9 9 9 9 9 8 8 9
2 2 2 2 2 2 2 2 2 3 4 4 4 4 3 3 3 3 3 3 3 3 3 3 4 4 4 4 3 3 4 6 6 5 5 4 4 4 4 4 4 4 4 4 6 6 6 8 12 14 11 9 7 5 4 4 5 4 4 3 3 3 3 3 3 3 3 3 3 3 3 3 4 5 6 8 9 8 7 6 7 7 8 6 7 8 9 9 9 9 9 9 9 9 9 9
2 2 2 2 2 2 2 2 2 2 3 4 4 4 4 3 3 3 3 3 3 3 3 3 3 4 4 4 3 3 4 4 4 4 4 4 4 4 4 4 4 4 4 4 5 5 7 11 13 11 10 9 8 5 4 4 4 4 3 3 3 3 3 3 3 3 2 3 3 3 3 3 4 5 7 11 10 7 6 5 6 7 7 7 8 8 9 9 10 10 10 9 9 9 9 9
2 2 3 3 2 2 1 1 1 2 2 4 4 4 4 3 3 3 3 3 3 3 3 3 3 3 3 3 3 4 4 4 4 4 4 4 4 4 4 4 4 4 4 4 4 5 7 12 11 9 8 8 8 6 4 3 4 3 3 3 3 3 3 3 3 3 2 2 3 3 3 3 3 4 6 8 9 6 6 6 5 6 6 6 8 9 10 10 10 10 10 9 9 9 10 12
3 3 5 5 3 2 1 1 1 2 2 4 4 5 5 3 3 3 3 3 3 3 3 3 3 3 3 3 4 5 6 5 5 4 4 4 4 5 4 4 4 4 4 4 4 5 6 10 9 7 7 8 8 5 4 3 3 3 3 3 3 3 3 3 3 3 3 2 2 2 3 3 3 4 4 5 7 5 5 5 5 5 5 6 7 8 9 10 10 10 10 10 10 9 11 12
3 3 5 6 4 3 2 1 1 1 2 3 4 5 5 4 3 3 3 3 3 3 3 3 3 3 3 3 4 5 8 7 6 6 5 5 6 5 5 5 5 4 4 4 4 4 5 7 6 6 8 8 6 5 4 3 3 3 3 3 3 3 3 3 3 3 3 2 2 2 2 3 3 3 4 4 6 5 5 4 4 4 5 7 9 9 9 10 10 10 10 10 10 9 11 12
