data/bioclim/bclim19.asc
NCOLS 300 
NROWS 196 
XLLCORNER -121.25 
YLLCORNER 31.1666666666667 
CELLSIZE 0.0416666666666667 
NODATA_value -32768 
[rows 48 to 95 of 196, columns 96 to 191 of 300]
52 42 37 35 35 35 42 46 45 47 50 52 54 58 58 58 58 59 65 67 71 77 79 75 73 79 82 73 63 57 56 55 55 55 56 59 62 65 68 63 59 56 53 51 62 85 88 76 70 52 43 49 49 55 61 61 64 69 77 99 97 89 76 64 63 66 59 60 66 77 93 89 84 79 73 78 76 73 71 80 88 90 91 88 89 99 107 117 123 138 150 126 123 119 104 107
48 43 38 35 35 35 37 42 42 46 58 58 63 58 62 61 61 64 67 71 74 78 82 82 80 85 79 79 76 61 58 55 54 54 54 56 56 62 68 68 65 59 53 50 52 61 76 70 70 55 44 43 49 58 67 66 79 76 83 96 74 66 60 60 71 63 53 57 66 83 86 77 76 73 69 71 70 71 71 77 81 84 84 82 96 102 104 109 120 121 120 115 111 100 95 98
41 37 37 35 35 36 37 40 40 43 46 50 55 54 53 56 60 65 68 71 77 81 85 87 87 83 73 76 66 63 57 55 55 59 56 56 59 62 68 73 76 59 53 49 50 61 67 67 64 61 49 43 43 52 55 73 79 77 83 70 58 53 54 67 63 56 48 56 63 76 78 71 70 71 73 67 68 68 66 77 89 89 82 84 100 105 93 104 111 108 107 100 89 89 91 90
40 38 37 38 37 37 38 38 40 40 42 46 51 50 50 51 56 59 62 65 68 77 78 74 85 77 62 58 55 54 60 60 57 67 61 57 59 62 68 68 74 59 51 48 49 61 58 58 57 55 52 46 43 43 52 85 77 71 73 56 49 49 61 59 55 53 47 53 62 66 66 64 66 69 68 65 65 64 69 84 105 105 87 75 74 81 80 88 91 86 90 86 81 81 87 91
43 38 40 43 39 38 38 39 39 40 40 43 47 49 49 49 53 57 62 62 62 62 64 67 75 76 61 54 53 56 61 69 63 61 63 59 61 62 65 68 80 68 54 48 48 53 53 59 55 52 52 52 55 40 45 73 74 66 61 49 47 56 55 54 51 50 47 51 57 57 58 61 64 68 68 67 62 61 70 88 113 112 91 81 76 69 69 76 79 74 77 74 75 84 89 101
40 42 51 51 43 40 40 40 40 42 42 42 43 45 46 49 53 62 71 69 62 59 59 65 69 65 59 53 51 54 60 66 63 58 59 60 64 66 74 84 83 79 66 51 51 48 46 55 52 52 67 52 48 40 40 64 58 55 47 44 52 64 52 53 47 47 47 53 56 54 55 58 63 64 69 64 60 58 67 83 101 101 103 93 81 73 67 68 69 67 71 77 82 84 92 105
45 55 63 53 47 43 42 42 41 42 43 42 43 43 46 51 56 63 74 74 65 59 58 60 65 62 56 53 52 52 56 61 61 59 60 63 71 74 74 83 80 64 63 56 52 53 42 42 42 47 76 61 44 40 38 49 49 46 43 53 56 50 47 47 44 47 56 63 63 57 53 59 61 61 63 60 57 56 62 70 79 91 112 98 81 69 67 64 66 68 73 85 94 90 93 110
51 69 79 64 53 47 45 43 43 43 46 43 42 44 48 50 53 56 67 70 65 59 56 61 72 65 58 53 52 51 54 57 60 60 63 65 71 73 68 71 74 56 50 59 57 49 41 40 40 42 74 76 46 38 36 39 40 43 58 58 49 45 43 43 50 62 78 83 72 66 55 54 56 58 57 57 55 54 56 60 65 83 97 94 86 69 63 65 68 70 72 78 82 85 87 104
59 75 90 72 59 50 48 46 45 48 50 45 42 44 46 49 56 56 57 60 64 59 68 68 71 62 62 55 52 52 54 54 59 60 67 71 68 60 53 61 68 54 45 48 62 47 39 39 40 42 74 85 47 37 35 37 39 48 64 53 45 42 40 45 58 85 100 92 68 62 56 53 53 53 54 54 54 54 51 54 55 68 71 71 68 72 69 68 69 72 73 76 82 81 92 100
45 66 82 84 72 59 53 52 48 52 47 44 41 44 48 48 52 59 65 65 56 58 74 75 76 62 57 62 56 53 54 57 54 57 65 69 65 55 47 50 71 56 45 42 56 60 42 41 41 41 64 85 49 38 35 35 37 48 55 51 45 39 39 45 56 76 98 97 77 63 65 54 51 51 51 51 51 54 51 51 51 64 61 71 90 82 77 79 75 80 83 87 88 88 101 100
37 46 63 64 72 62 49 46 45 44 42 41 45 50 51 46 48 53 59 53 52 58 62 61 68 62 58 58 52 50 54 53 51 54 71 73 66 56 46 45 68 54 45 43 51 61 57 60 53 45 60 90 53 41 36 35 36 50 51 51 45 39 39 45 51 61 71 76 66 62 65 53 50 48 48 51 51 51 51 48 51 73 84 98 102 85 96 98 85 97 95 92 97 99 102 100
31 34 44 47 49 65 51 45 42 41 40 39 45 58 52 45 45 49 56 50 48 52 55 55 56 64 62 56 52 49 48 46 46 51 60 62 69 65 45 43 71 57 45 42 54 72 72 69 63 54 65 97 59 44 38 35 35 43 48 46 45 39 39 42 47 53 64 67 56 53 53 50 48 46 49 46 48 48 48 49 61 95 98 112 117 101 98 106 98 109 104 96 95 91 104 101
28 28 34 45 53 53 56 48 43 41 40 38 38 44 51 42 43 45 52 49 46 46 49 50 53 58 59 56 55 49 46 45 45 51 54 59 71 64 43 40 66 56 45 43 48 66 63 81 72 66 79 103 63 47 38 35 34 38 39 42 42 39 36 39 44 47 52 50 50 50 50 49 47 44 48 43 43 45 48 57 76 116 109 124 120 101 109 117 109 115 106 96 93 90 97 102
28 28 25 34 38 47 48 48 47 42 40 38 38 38 42 41 41 43 46 46 44 45 48 49 54 65 63 59 55 49 48 48 52 60 60 60 62 53 40 41 50 54 48 43 48 54 54 70 78 81 95 96 62 48 41 35 35 34 36 39 37 36 36 38 42 45 46 44 44 46 46 46 43 42 42 43 46 48 51 66 102 124 129 111 116 104 108 113 105 105 102 96 93 91 91 102
28 28 25 28 31 35 37 40 48 48 44 41 38 38 38 39 39 41 42 42 43 44 51 53 55 58 55 55 54 53 52 54 57 60 60 63 55 44 40 39 63 54 45 46 52 60 57 68 89 105 112 90 65 53 42 35 40 39 36 38 35 36 36 36 39 42 44 43 44 43 43 42 40 43 47 51 54 54 60 77 100 107 100 94 99 102 104 102 102 105 102 99 92 90 88 96
28 28 25 25 27 28 30 32 44 54 48 42 38 38 38 37 38 41 39 41 41 43 46 49 49 52 54 55 55 58 59 60 66 63 57 55 48 42 41 44 60 45 40 46 60 62 59 77 112 148 121 93 72 59 44 36 47 49 42 39 36 34 36 36 36 39 42 43 43 43 40 40 46 55 58 65 68 67 82 88 90 93 91 89 89 100 102 102 102 102 101 101 95 92 90 89
29 28 25 25 25 26 27 25 28 38 45 42 39 38 39 37 37 38 38 39 41 43 46 49 52 56 58 54 54 55 58 66 66 66 60 52 46 42 41 45 48 40 37 42 63 60 69 92 133 151 123 102 77 56 42 41 50 50 43 39 36 36 36 36 36 39 39 42 43 43 37 44 52 62 74 96 102 93 88 79 85 88 93 84 89 95 100 102 103 103 102 100 97 93 91 89
30 28 26 25 25 24 23 23 25 28 34 41 42 40 40 37 37 38 38 38 39 41 42 43 46 52 55 55 52 54 55 57 54 54 54 51 44 42 41 43 40 37 37 41 54 59 76 117 139 124 109 102 85 58 43 40 49 46 39 37 36 36 36 42 42 39 36 39 43 42 39 46 54 62 89 119 108 83 78 73 81 85 83 84 93 95 101 103 103 103 101 99 97 96 91 93
33 31 36 41 31 25 22 21 21 24 28 39 49 49 44 37 37 37 37 38 38 39 41 41 41 42 44 46 52 58 59 57 54 53 50 49 46 46 44 41 39 37 37 42 46 58 83 133 125 97 94 94 89 71 43 37 41 40 37 36 36 36 39 45 42 42 36 36 42 40 42 49 50 57 76 92 100 75 75 72 71 75 75 75 96 100 103 106 103 104 102 99 98 96 101 111
36 39 62 65 42 28 22 22 21 24 29 42 48 57 57 39 36 37 37 37 37 38 38 38 38 39 41 44 55 64 69 66 61 59 55 55 56 57 52 47 42 38 37 38 41 49 71 114 100 80 84 93 88 60 41 40 34 34 36 36 36 37 42 46 42 42 39 36 39 39 42 45 49 54 60 69 83 72 69 67 66 66 67 75 81 92 102 107 106 105 102 99 97 94 109 114
42 45 65 69 48 34 25 22 21 22 28 40 50 59 64 49 35 37 37 37 37 37 37 38 38 38 40 45 55 69 94 81 75 70 69 65 67 64 63 60 52 46 41 35 34 40 55 83 71 70 85 95 71 50 40 37 31 33 35 36 37 39 43 46 45 42 42 39 36 36 39 42 48 51 54 60 72 64 63 61 61 61 64 82 102 100 102 108 107 105 102 102 97 94 107 113
57 55 73 71 45 32 26 22 21 22 25 31 41 52 52 56 39 36 35 35 35 35 38 40 41 40 42 48 54 63 83 108 109 93 105 83 80 78 77 81 69 58 49 38 33 33 41 49 57 67 73 78 61 48 40 34 31 34 37 37 39 42 46 49 45 45 44 39 38 36 38 42 48 49 51 54 55 57 58 56 56 58 65 84 106 112 110 107 108 106 103 100 97 96 100 112
98 75 68 72 52 38 28 22 21 21 28 29 32 39 51 65 51 41 37 35 35 34 36 37 45 45 47 55 50 54 63 86 118 110 117 126 105 101 98 92 79 69 55 41 33 31 34 38 51 77 70 55 57 51 40 34 33 37 40 40 42 46 56 54 51 49 48 39 36 36 38 47 54 57 57 52 51 51 54 52 53 57 68 84 104 117 113 108 109 116 113 100 98 96 99 116
99 94 72 77 77 54 34 25 21 20 25 37 37 37 44 47 51 47 44 34 34 34 36 37 39 46 47 50 49 47 54 66 96 114 103 133 158 144 127 112 103 81 66 50 40 35 31 31 33 37 40 41 42 42 39 37 37 43 40 43 49 51 51 46 45 50 44 36 36 38 43 54 60 70 62 57 53 49 47 49 52 56 73 84 93 114 110 106 103 101 100 96 98 96 95 108
83 74 77 99 72 56 36 27 22 20 21 31 54 43 51 47 41 40 38 34 34 34 37 40 40 43 46 52 45 41 46 55 74 100 92 123 158 164 175 137 124 91 65 54 47 40 34 31 30 30 30 31 32 32 34 34 37 41 43 49 58 58 46 45 44 42 39 36 36 39 47 56 60 69 66 63 53 46 44 47 51 56 78 81 85 100 106 103 106 101 100 98 93 94 92 88
60 64 77 116 121 80 40 28 22 20 20 25 54 48 50 51 43 40 37 34 34 34 37 51 48 40 45 43 40 40 43 49 59 71 83 114 155 206 150 130 100 81 69 62 61 41 34 31 30 30 29 28 28 28 29 32 34 37 40 43 51 54 46 42 41 41 42 45 35 39 48 56 63 70 78 70 51 42 44 46 48 56 75 82 91 103 103 103 103 102 103 101 97 91 85 86
51 77 95 131 132 80 44 28 23 20 20 23 60 57 51 54 48 44 40 37 34 34 37 46 51 40 41 40 40 40 41 47 55 70 78 92 129 165 173 141 106 88 90 86 65 47 34 33 31 30 30 28 28 28 34 33 31 32 36 40 40 41 41 44 43 48 45 39 35 41 47 54 64 75 73 61 50 41 43 47 48 58 74 79 100 109 106 103 104 107 106 90 90 94 77 86
41 59 102 161 126 65 45 29 22 20 20 23 46 63 63 55 52 53 43 40 35 34 34 43 54 46 38 40 39 40 41 43 45 57 64 77 98 98 128 109 115 106 88 75 57 43 37 34 33 31 30 30 28 31 37 30 29 31 32 35 35 36 43 42 41 42 39 35 35 39 47 57 63 71 58 50 44 41 41 44 50 68 87 96 100 109 106 104 112 109 107 87 69 73 68 75
35 51 105 154 145 78 49 31 24 21 20 21 31 52 77 66 56 58 52 43 40 38 32 37 49 49 43 38 38 38 40 41 41 47 53 62 66 80 92 101 93 94 61 52 47 42 38 36 33 33 31 30 30 31 34 31 28 28 29 31 31 34 33 35 40 34 34 35 35 35 44 61 62 56 48 38 41 44 38 41 61 74 79 100 106 106 106 105 109 110 114 105 74 64 67 72
35 48 85 129 143 80 48 34 27 21 20 20 26 55 75 73 57 56 52 46 54 40 32 35 45 43 57 44 38 38 39 40 41 44 47 50 54 66 82 79 81 98 64 52 56 41 37 36 34 33 33 32 30 29 31 31 31 31 28 29 31 31 40 43 44 34 34 35 35 35 35 41 47 45 40 38 47 41 41 44 65 80 79 84 94 100 103 103 106 110 108 111 88 67 63 59
35 41 74 118 148 83 55 38 27 21 20 19 24 43 57 66 52 46 43 46 49 43 32 35 48 36 42 56 44 38 38 38 41 43 44 46 47 52 61 64 74 84 75 49 51 43 39 37 36 36 33 33 32 31 31 34 40 37 29 29 31 41 51 51 45 38 34 35 37 37 35 35 38 47 39 40 50 47 52 68 71 72 74 76 75 82 91 96 87 102 98 104 91 65 67 73
35 46 87 111 124 94 63 44 29 23 20 19 34 66 60 60 54 46 40 40 44 41 32 30 40 34 35 52 62 41 37 38 39 41 42 43 46 49 54 58 68 78 80 52 48 44 41 39 37 36 35 35 35 37 35 37 44 46 34 32 31 40 52 61 46 40 35 36 38 38 38 37 37 41 38 44 52 50 65 78 76 74 73 73 75 71 76 92 74 85 93 94 67 55 66 94
35 45 89 110 88 63 54 47 34 27 21 19 21 34 49 53 47 51 46 40 37 36 33 29 32 35 34 45 65 44 38 37 38 40 40 42 43 46 49 55 81 100 92 63 52 45 44 40 39 37 38 39 44 46 41 41 43 43 41 40 31 37 48 60 48 40 37 40 41 41 41 41 44 44 42 53 55 54 78 85 81 79 77 57 62 71 83 72 66 77 95 95 67 57 50 79
35 39 79 82 57 51 43 40 34 29 24 21 19 21 30 33 33 35 40 46 39 32 33 27 27 31 32 38 57 44 40 40 38 39 40 40 43 43 47 55 67 94 97 67 57 48 48 46 43 40 40 42 53 47 41 38 36 37 40 40 32 35 40 52 45 39 38 44 44 44 47 47 52 46 47 61 58 61 86 88 85 82 67 59 57 71 75 66 74 97 104 87 82 64 54 64
36 35 64 77 60 63 48 48 39 33 27 24 22 20 19 22 27 31 36 46 45 31 28 27 25 28 31 34 43 38 40 43 43 40 40 40 40 41 47 55 61 82 70 59 68 57 51 48 45 45 48 47 57 46 36 34 34 37 38 43 37 31 34 46 44 40 41 45 47 50 53 53 50 47 53 63 61 65 81 79 88 85 82 77 67 71 71 68 74 70 80 97 84 61 51 67
52 35 41 51 59 56 47 48 38 30 27 30 35 27 22 19 19 28 36 42 48 33 28 25 25 28 31 40 41 37 40 46 49 48 49 43 38 38 40 45 52 68 61 54 63 57 48 45 48 48 48 51 51 39 34 34 37 40 42 46 34 31 31 38 42 40 41 46 50 55 61 59 55 47 50 58 69 83 77 85 88 85 82 68 75 71 68 68 65 68 77 98 70 60 51 70
61 44 35 47 53 44 39 36 32 33 35 45 43 36 27 20 19 19 27 30 41 33 31 31 28 28 31 35 35 37 45 66 60 57 52 46 39 38 38 39 46 55 64 53 48 48 45 42 42 45 51 51 41 34 34 37 42 43 46 46 34 34 37 40 44 41 43 47 51 57 64 70 62 52 47 53 74 91 97 92 85 83 82 80 77 64 55 71 63 68 72 75 66 57 51 76
45 61 39 39 38 37 34 33 35 39 39 45 40 33 31 25 19 18 20 22 25 28 28 28 26 27 34 37 37 40 61 82 75 59 49 43 41 38 37 37 40 47 60 56 45 42 45 42 44 48 48 42 36 35 36 40 48 50 49 40 33 34 40 43 47 44 43 46 50 56 64 70 64 53 47 47 53 65 76 91 88 83 82 79 67 67 54 74 72 57 54 57 57 48 64 76
42 70 44 34 38 37 36 37 50 42 36 36 33 30 33 28 21 19 19 19 21 25 22 22 22 24 28 31 34 39 55 83 92 64 50 49 51 46 38 37 38 45 61 54 44 42 44 48 48 51 51 42 40 39 39 43 55 56 50 37 31 30 37 44 50 47 44 44 47 53 59 67 61 53 48 47 45 48 52 67 76 82 81 74 79 77 68 63 69 70 71 62 60 58 61 67
39 50 50 36 42 59 46 44 47 39 39 36 32 36 39 30 21 19 18 18 18 19 19 19 21 22 24 27 30 34 40 55 54 50 49 52 55 56 49 39 38 40 51 59 42 39 44 51 54 63 62 51 48 43 43 49 62 62 49 40 31 28 35 40 46 49 44 44 48 55 59 64 58 50 49 44 44 44 45 48 56 79 88 83 80 74 63 71 73 72 71 68 64 72 74 73
45 69 65 43 35 43 56 59 65 53 44 42 39 36 33 26 23 22 21 20 18 18 18 19 20 21 22 26 27 30 33 37 40 40 46 46 49 53 61 48 45 48 53 52 42 40 45 60 65 83 71 59 57 51 48 49 56 62 53 43 33 28 31 37 44 51 47 44 47 53 59 56 53 56 51 44 44 44 44 45 56 79 93 87 79 72 77 77 74 74 75 62 69 76 81 82
66 72 54 40 34 40 46 53 59 56 56 42 36 30 32 33 31 29 28 27 24 24 22 21 20 21 21 24 26 29 33 39 43 43 46 46 46 49 53 59 65 59 48 42 40 43 49 67 71 97 86 67 65 61 53 51 53 59 59 40 34 30 30 36 44 60 56 47 47 47 50 53 65 70 53 44 43 43 43 43 46 56 79 85 80 83 83 77 75 74 69 65 72 81 83 85
42 43 40 36 34 34 37 40 49 50 46 40 35 32 32 35 41 43 41 42 54 48 38 27 21 21 21 24 27 30 35 40 49 46 49 49 46 49 59 74 80 56 46 42 40 43 49 60 68 95 86 71 69 65 59 55 54 59 53 40 34 30 30 37 46 67 62 50 47 47 48 53 65 79 56 44 42 42 42 43 43 47 59 70 85 94 89 80 76 71 70 71 78 81 81 83
38 37 37 37 40 40 38 50 68 61 57 54 51 42 42 51 57 56 57 65 77 81 80 43 24 21 21 24 31 37 40 46 50 52 49 48 48 52 65 106 94 60 49 42 41 42 45 54 62 83 80 71 67 63 62 59 59 59 46 40 33 30 30 35 43 57 58 50 47 47 50 53 67 97 62 46 42 42 41 41 42 43 46 53 79 96 86 74 71 71 73 75 79 78 82 83
43 49 40 42 50 46 43 46 53 57 51 45 52 59 58 54 57 56 48 54 57 66 75 54 29 21 21 24 27 36 45 53 57 60 55 52 50 52 59 68 74 68 58 48 42 42 45 48 55 66 75 77 66 62 59 59 60 54 46 38 33 30 30 33 39 53 57 53 50 48 50 56 71 91 70 54 45 41 40 40 40 43 44 48 75 79 72 69 69 71 74 83 81 83 83 87
52 62 62 59 62 50 49 46 49 49 47 44 45 45 50 69 62 54 48 47 45 46 46 39 27 21 21 24 28 34 43 56 55 59 61 56 55 55 56 61 82 80 74 58 44 42 45 49 55 65 77 77 66 60 57 56 56 56 46 39 34 30 30 31 36 47 57 55 50 50 50 56 65 76 90 79 55 42 39 39 39 40 45 47 60 73 68 69 71 72 74 80 86 87 86 87
76 65 56 65 77 62 56 49 46 51 51 49 47 44 45 50 47 46 41 43 41 37 36 30 24 21 21 22 27 36 45 48 46 52 61 60 58 58 59 62 68 82 74 55 46 45 46 51 61 70 79 74 66 60 56 53 53 52 47 43 37 33 30 30 36 41 47 56 56 56 53 53 56 62 90 79 61 46 38 41 38 41 57 54 54 70 67 74 75 77 77 83 93 93 92 90
73 68 52 49 52 52 57 52 44 48 64 65 50 44 41 38 35 33 33 33 33 33 33 30 22 21 21 21 23 27 33 36 41 49 56 66 62 63 64 66 72 84 65 52 48 49 53 60 73 81 80 72 69 59 53 51 50 49 50 49 43 37 33 30 34 39 44 53 62 64 59 54 51 54 68 82 58 46 38 35 37 42 60 74 59 57 66 78 84 85 90 99 96 90 90 85
