data/bioclim/bclim1.asc
NCOLS 300 
NROWS 196 
XLLCORNER -121.25 
YLLCORNER 31.1666666666667 
CELLSIZE 0.0416666666666667 
NODATA_value -32768 
[rows 42 to 83 of 196, columns 0 to 93 of 300]
162 163 164 164 164 164 164 165 165 165 165 165 164 164 164 163 164 163 164 163 163 162 158 157 155 150 139 140 135 138 134 135 125 120 126 97 91 106 91 72 55 46 46 44 24 35 47 54 63 63 57 63 41 24 8 5 8 16 30 57 62 65 68 71 73 87 104 117 122 116 66 11 -9 9 25 48 76 98 111 112 103 89 79 82 91 97 96 99 102 96 89 96 109 115
161 163 163 164 164 164 165 165 165 165 165 165 164 164 164 164 164 164 164 163 163 163 162 159 156 154 147 147 139 135 136 134 133 128 119 105 85 100 105 89 69 58 49 47 45 42 59 65 69 93 63 54 46 35 30 11 0 -1 12 10 21 30 70 84 92 101 108 120 126 125 88 39 4 9 24 33 50 80 102 113 112 98 95 90 81 78 66 59 77 83 89 106 116 117
158 162 163 164 164 164 165 165 165 165 165 165 165 165 164 165 165 165 164 163 162 161 161 160 157 156 155 151 143 145 144 141 141 139 133 124 121 90 93 86 69 50 48 62 73 69 67 69 96 85 56 37 28 10 19 16 5 0 -1 0 20 8 75 108 106 107 115 122 126 127 103 65 31 14 18 30 49 65 90 108 114 112 107 100 91 82 70 62 65 79 90 99 113 115
154 160 162 163 164 165 165 165 165 165 165 165 165 165 165 165 164 164 163 162 161 162 162 162 158 157 154 154 147 146 152 148 146 145 137 139 128 106 107 91 84 72 61 71 89 88 80 89 98 84 74 53 23 18 23 19 22 15 11 -1 7 5 78 116 119 115 117 122 128 131 118 74 39 19 31 41 56 68 86 94 108 114 108 95 87 91 85 73 70 79 98 111 119 123
154 159 162 163 164 164 164 165 165 165 165 165 165 165 165 165 165 164 164 163 162 163 163 163 162 160 159 156 154 151 149 147 150 151 147 141 139 130 124 116 92 76 59 72 100 104 107 111 77 63 74 70 50 48 49 41 20 7 -4 -8 -9 24 75 110 117 120 125 128 131 132 124 87 58 21 32 52 67 95 107 91 110 112 102 85 74 75 82 74 67 87 109 117 121 123
155 158 161 163 164 164 164 165 165 165 165 165 165 165 165 165 165 164 164 164 164 164 164 164 164 162 161 160 157 154 151 151 155 156 158 145 146 145 139 129 113 94 87 67 89 115 125 106 87 66 57 72 74 67 54 33 24 7 -8 -11 7 29 12 82 96 106 120 127 131 134 131 98 59 42 51 77 97 113 106 118 135 132 112 108 100 88 84 86 96 107 114 116 113 113
154 159 161 162 164 164 165 165 165 165 165 165 165 165 165 164 164 164 164 164 164 164 164 164 164 163 162 161 159 157 157 157 157 158 155 148 141 132 141 135 124 116 95 76 86 107 118 78 57 39 46 43 55 61 64 34 5 9 -4 -6 0 -3 16 64 79 90 94 103 127 134 136 115 72 60 72 98 115 116 99 129 145 146 139 127 85 94 110 114 117 119 109 103 104 101
153.000000000000000 156 161 162 163 164 165 165 165 165 165 165 165 165 165 164 164 164 164 164 164 164 164 164 164 164 163 162 160 159 159 161 160 157 152 155 146 140 132 127 124 133 110 86 86 111 118 58 46 45 47 38 26 25 52 40 18 6 5 13 0 -11 8 45 54 40 45 62 108 136 137 125 74 67 74 96 118 101 95 129 146 152 148 142 109 78 123 136 141 138 125 119 113 99
153 156 159 162 164 164 165 165 165 166 166 165 165 165 165 164 164 164 164 164 164 164 164 164 164 165 165 164 162 162 163 161 159 155 155 158 151 146 146 146 139 139 135 107 98 123 121 75 70 64 54 44 35 26 32 46 37 40 24 -3 -2 -8 4 28 29 10 26 34 94 134 138 137 109 86 70 77 79 67 91 105 136 156 156 155 135 105 122 149 154 149 136 116 103 85
151 153 157 160 164 164 165 165 166 165 166 165 165 165 165 165 164 164 164 164 164 164 164 165 164 164 165 165 165 163 162 162 161 159 159 157 155 148 151 156 149 150 147 134 124 135 115 103 76 61 48 35 33 30 29 25 19 15 16 18 8 -12 -2 4 16 1 15 22 64 112 136 140 132 114 89 63 60 66 79 89 120 155 160 161 145 125 116 136 160 158 144 125 106 95
149 151 156 161 163 164 165 165 166 166 166 165 165 165 165 165 165 165 165 164 164 164 165 165 165 165 165 165 165 165 164 163 163 163 159 159 158 157 159 151 154 160 157 154 150 124 98 88 72 61 52 41 27 40 43 36 36 21 9 9 0 -5 -11 -11 5 -9 9 36 65 101 128 140 141 117 94 79 66 78 78 95 120 151 153 161 163 152 134 115 161 166 156 136 120 112
148 150 158 159 163 165 165 166 166 166 166 165 165 165 165 165 165 165 165 165 165 165 165 165 165 165 165 165 165 165 165 165 165 162 160 159 160 161 162 154 159 155 155 128 130 117 94 95 84 67 71 48 35 35 48 41 46 33 13 3 -6 -8 -5 17 -1 -14 2 18 50 88 108 135 143 111 74 68 64 68 88 101 120 126 141 145 163 165 161 116 147 168 167 146 129 122
150 154 159 161 163 164 164 165 165 165 166 166 166 166 165 165 165 165 165 165 165 165 165 165 165 165 165 165 165 165 165 166 166 165 164 164 165 162 163 163 162 157 155 134 122 112 101 113 108 84 86 67 49 43 48 62 40 33 26 15 4 3 1 21 21 13 -5 -11 28 84 114 133 142 126 62 48 58 55 81 93 110 105 123 122 156 162 150 112 135 161 175 168 150 147
150 151 155 158 157 159 162 164 165 165 166 165 165 165 165 166 165 165 165 166 165 165 166 166 166 166 166 166 166 165 166 166 166 166 166 166 166 165 165 162 161 162 157 151 147 135 135 128 129 99 91 82 69 61 70 58 33 26 24 18 10 19 39 28 29 4 -6 -9 11 76 119 136 143 130 80 49 52 34 68 91 108 112 115 108 130 144 129 113 115 155 174 178 179 165
144 140 151 156 158 158 160 162 163 165 165 165 165 165 165 165 165 166 166 165 166 166 166 166 166 166 166 166 166 166 166 167 166 167 167 166 167 166 165 165 165 165 164 160 155 152 152 145 149 124 117 101 62 70 83 51 38 33 50 34 27 26 63 66 31 8 -1 7 0 53 114 139 145 134 81 46 30 36 70 109 126 125 119 115 110 126 124 93 98 147 170 164 183 182
139 145 148 153 155 159 159 161 161 162 164 165 165 166 165 165 165 166 166 166 166 166 166 166 166 166 166 166 166 166 167 167 167 167 167 167 168 167 165 166 166 167 162 158 157 161 159 155 155 130 145 113 81 99 82 54 44 52 68 65 77 63 54 34 8 11 11 -2 -6 38 100 139 146 145 109 73 45 38 70 120 147 146 137 122 107 145 132 81 103 143 147 138 169 190
136 135 142 149 149 153 157 157 157 157 161 164 165 165 165 165 165 166 166 166 166 166 166 166 167 166 166 167 166 167 167 167 167 168 167 168 168 168 168 168 168 168 166 160 158 158 157 167 160 151 159 154 134 115 99 91 65 55 85 86 33 21 24 18 10 31 14 12 9 13 61 135 147 148 132 99 69 68 110 145 163 169 164 144 134 163 128 82 84 130 103 96 148 183
140 143 134 147 147 146 152 153 154 156 158 162 164 164 165 165 165 165 166 166 166 166 166 167 167 167 167 167 167 167 167 168 168 168 168 168 169 169 169 169 169 169 168 164 161 165 166 165 159 146 150 162 160 153 145 136 128 125 99 57 45 52 27 20 26 55 28 21 4 5 69 124 145 149 146 127 92 71 113 153 176 181 177 168 173 172 132 111 100 121 102 94 124 165
144 144 139 139 146 139 137 143 149 154 157 161 163 164 164 165 165 166 166 167 167 167 167 167 167 167 167 168 167 168 168 168 168 168 168 169 169 169 169 169 169 170 169 168 168 165 166 161 162 154 140 137 148 116 99 90 114 116 117 97 99 95 66 62 75 43 13 1 2 6 69 115 140 149 151 147 119 58 72 131 185 190 188 190 178 141 125 141 131 128 99 85 108 155
146 143 143 138 139 136 135 139 151 156 157 159 161 163 164 165 165 165 166 166 167 167 167 167 167 167 167 167 168 168 168 168 168 169 169 169 170 170 170 170 170 170 169 169 168 167 164 159 159 155 148 131 119 118 91 83 95 71 85 71 66 75 82 79 59 51 38 22 6 7 57 108 131 145 150 152 139 67 62 105 176 195 197 197 190 162 140 153 142 137 103 96 119 169
145 144 143 139 136 134 129 137 151 153 149 150 156 161 163 164 164 165 166 166 167 167 167 167 168 168 168 168 168 168 168 168 169 169 169 169 170 170 170 170 169 169 170 169 166 168 164 158 161 154 156 156 141 115 92 77 78 60 63 59 39 49 65 65 36 12 2 15 2 -3 35 94 120 139 149 152 150 93 43 76 130 190 198 199 199 190 174 151 150 131 124 107 136 166
147 148 140 139 136 132 130 132 147 150 145 145 151 160 162 164 164 165 166 166 167 167 168 168 168 168 168 168 168 169 168 169 169 169 170 169 170 169 170 170 170 169 170 169 169 169 169 165 164 163 157 146 143 132 119 99 82 68 55 42 37 48 39 36 42 15 -9 -1 -13 -13 19 55 108 130 144 151 153 129 63 57 99 159 198 199 199 197 189 156 153 136 134 119 132 162
146 142 145 139 136 139 137 142 149 149 145 143 149 157 162 163 164 165 166 167 167 168 168 168 168 168 169 169 169 169 169 169 169 169 170 169 170 169 169 170 169 170 170 170 170 170 170 169 167 161 159 157 154 142 139 117 102 89 73 55 43 25 18 22 16 18 -11 7 2 -7 -13 29 89 118 130 138 153 151 112 48 74 99 160 180 187 191 190 168 148 129 129 139 133 165
143 144 137 135 125 128 140 144 148 151 152 153 154 158 158 161 163 164 166 167 167 168 168 168 168 169 169 169 169 169 169 169 169 169 170 169 170 169 169 170 169 169 170 170 170 169 170 170 167 161 161 163 152 151 143 141 135 103 82 76 66 37 19 20 12 4 5 12 17 5 -9 -2 61 104 121 136 151 154 139 84 65 67 86 129 127 143 169 166 132 108 115 129 144 168
136 143 144 142 130 123 133 131 135 143 146 150 151 154 153 156 160 163 165 166 167 168 168 169 169 169 169 169 170 170 170 170 170 170 170 170 170 169 169 169 169 170 170 170 170 169 170 171 170 168 167 164 157 162 148 140 155 137 110 92 83 83 72 57 23 -3 1 17 36 8 -8 -11 14 72 112 131 147 154 154 141 109 90 65 98 109 104 115 138 126 95 95 116 139 159
137 142 145 145 142 134 129 127 133 140 140 138 138 146 144 145 149 158 163 165 166 168 168 169 169 170 170 170 170 170 170 170 170 170 170 170 170 169 169 169 169 169 170 170 170 170 170 171 169 168 170 166 161 167 156 157 162 133 149 140 117 97 85 52 12 14 -3 2 41 11 -2 -4 -5 17 68 116 139 154 155 156 149 130 98 73 92 107 111 103 109 113 108 124 147 150
139 140 146 143 142 140 136 131 123 127 135 142 143 147 143 137 137 148 158 164 166 168 168 169 169 170 170 170 170 170 170 170 170 170 170 170 170 169 169 169 169 169 169 170 170 170 171 171 172 172 171 171 167 168 156 162 165 165 151 115 91 59 54 44 16 21 33 34 49 20 15 9 1 16 28 67 126 154 156 156 156 152 132 97 93 110 119 121 121 156 166 162 146 128
143 135 145 145 146 138 139 134 128 128 125 131 137 138 138 136 144 151 156 162 166 168 168 169 169 169 170 170 170 170 171 171 170 170 170 170 170 169 169 169 169 169 169 170 170 170 171 171 172 172 171 172 170 171 166 165 170 157 135 132 110 91 52 46 17 15 27 47 51 12 15 27 19 22 26 70 120 154 156 156 156 156 145 103 88 115 123 126 135 163 186 193 177 121
146 147 148 147 147 143 140 139 133 128 131 125 121 115 118 128 142 150 154 160 166 168 169 169 170 170 170 170 171 171 171 171 171 170 170 170 170 169 169 169 169 169 170 170 170 170 171 171 172 172 172 173 173 173 170 168 166 158 120 104 73 64 40 18 12 13 18 42 58 35 32 34 35 34 27 56 108 152 156 156 156 153 143 123 98 119 129 134 140 163 195 198 196 170
148 147 146 145 144 141 141 140 127 124 125 129 122 113 108 108 123 128 141 151 158 166 169 170 171 170 170 171 171 171 172 172 171 171 171 170 170 169 169 169 169 169 170 170 171 170 171 171 171 171 172 173 173 171 166 167 156 151 142 123 99 59 46 32 40 39 14 41 70 47 43 43 47 46 35 47 90 150 155 155 152 144 138 136 130 128 126 129 144 169 189 196 198 188
147 148 147 146 144 143 144 145 141 128 118 119 125 122 114 116 118 124 128 128 140 156 167 170 171 171 171 172 172 172 172 172 172 172 171 170 170 169 169 169 169 169 170 170 170 170 171 171 171 171 172 171 171 171 168 165 155 126 119 95 82 61 41 35 54 67 44 37 72 36 29 25 46 51 47 44 105 152 154 151 140 120 117 129 132 124 123 124 146 161 164 190 198 195
144 147 148 147 147 147 147 148 142 141 134 126 124 124 133 137 137 141 140 137 147 154 165 170 172 172 173 173 173 173 173 173 173 172 172 171 170 170 169 169 170 170 170 170 170 171 171 171 171 171 172 172 171 171 172 170 162 126 141 143 113 69 57 44 60 83 63 46 79 52 46 40 37 49 38 32 100 148 152 145 130 102 91 108 119 120 119 132 146 146 134 174 191 197
138 145 147 148 148 146 144 142 146 143 134 133 127 128 126 134 142 150 155 157 161 163 166 171 173 173 174 174 174 174 174 174 173 173 172 171 171 170 170 170 170 170 170 171 171 171 171 171 172 172 172 172 171 171 169 167 166 156 165 156 120 90 98 64 69 88 85 79 78 92 76 56 50 61 52 42 102 137 149 142 129 101 84 92 87 105 120 135 145 134 118 160 187 195
137 140 146 148 148 148 146 144 143 145 143 134 128 132 130 127 128 134 146 160 167 169 170 171 173 174 175 175 176 175 175 174 174 173 173 172 171 171 170 170 170 171 171 171 171 171 172 172 172 172 172 173 173 173 173 171 167 162 169 159 131 125 106 64 59 72 88 93 90 94 53 47 52 62 65 55 64 120 146 146 135 121 95 89 79 92 113 125 140 131 109 160 184 195
136 140 143 146 148 148 148 146 145 146 142 142 135 125 130 140 136 135 143 157 166 171 172 173 174 175 176 177 177 176 176 175 175 174 173 172 172 171 171 171 171 171 171 171 171 172 172 172 172 173 173 173 174 174 175 174 173 169 170 164 144 120 117 102 80 81 100 105 106 91 57 53 55 56 59 62 66 116 143 144 124 121 110 107 95 97 110 118 134 124 90 138 180 197
126 136 140 143 146 148 149 148 148 148 143 143 143 136 129 132 145 147 149 158 164 166 171 172 174 174 175 177 178 177 176 176 175 174 174 173 172 172 171 171 171 171 171 171 172 172 172 173 173 173 173 174 175 175 173 176 177 178 175 153 114 95 95 77 67 73 90 98 85 88 74 59 59 55 63 75 56 104 146 146 125 128 128 126 125 115 109 114 119 112 85 130 172 193
131 133 133 135 142 146 148 150 149 146 147 146 142 139 138 129 129 144 154 154 160 166 164 167 172 172 170 173 177 177 177 176 175 174 174 173 173 172 172 171 172 172 172 172 172 172 173 173 173 174 174 175 176 177 177 176 176 177 169 156 149 124 116 82 58 91 111 96 55 58 69 57 68 72 84 72 58 105 148 158 151 140 135 146 145 127 117 111 107 112 96 118 169 188
134 135 135 130 133 137 143 148 150 148 145 143 141 137 141 138 132 126 132 147 152 157 160 165 168 171 171 168 170 174 176 176 175 175 174 173 173 172 172 172 172 172 172 172 172 173 173 173 174 174 175 176 177 177 178 178 176 176 171 166 144 140 113 72 89 112 119 86 45 50 56 57 67 79 94 91 77 82 137 158 159 153 143 154 153 139 126 121 110 112 116 128 158 186
135 136 136 137 135 132 136 141 149 149 147 145 143 139 146 143 136 134 135 130 131 134 144 153 162 167 170 172 171 170 173 175 175 175 174 173 173 173 172 172 172 172 172 173 173 173 173 174 174 175 176 177 177 178 178 178 179 175 163 152 123 103 87 83 102 117 123 102 73 46 65 80 92 100 98 91 87 76 113 156 159 149 138 163 171 158 143 133 113 109 118 130 157 177
132 134 137 138 139 135 133 139 142 149 147 145 143 145 142 138 135 140 143 144 135 125 125 137 146 154 162 170 173 171 172 174 175 174 174 173 173 173 172 172 172 172 172 173 173 174 174 174 175 176 176 177 178 178 179 177 175 175 174 158 148 128 102 89 89 109 126 91 71 44 48 64 82 97 99 74 73 75 95 134 158 146 147 174 179 176 169 158 125 111 117 129 144 173
132 132 134 137 139 140 139 141 145 147 147 147 146 147 143 143 140 135 143 150 148 143 137 136 149 156 162 166 171 172 171 172 174 174 173 173 173 173 172 172 172 172 172 173 173 173 174 174 176 176 177 178 178 179 180 180 179 176 170 165 159 146 131 100 76 107 135 110 67 63 56 73 77 99 92 76 73 88 100 135 164 166 168 174 179 179 174 167 139 121 116 137 160 177
127 132 133 132 135 139 141 139 142 147 149 150 148 149 148 147 144 142 138 146 153 153 152 148 145 155 165 168 169 172 172 172 173 173 173 173 172 172 172 172 172 172 172 173 173 174 174 175 175 176 177 178 179 179 180 181 180 178 172 158 157 147 125 97 74 83 121 140 86 56 64 74 92 101 101 82 85 95 112 138 166 173 173 176 177 179 180 175 157 149 138 135 165 186
