data/bioclim/bclim6.asc
NCOLS 300 
NROWS 196 
XLLCORNER -121.25 
YLLCORNER 31.1666666666667 
CELLSIZE 0.0416666666666667 
NODATA_value -32768 
[rows 48 to 95 of 196, columns 0 to 95 of 300]
17 20 21 21 21 21 22 23 24 24 25 26 27 27 27 27 26 24 23 23 23 22 22 20 20 19 18 17 14 13 12 12 12 12 10 4 -2 -8 -3 -7 -14 -20 -33 -43 -39 -29 -23 -46 -60 -76 -71 -73 -65 -62 -61 -83 -109 -106 -119 -120 -115 -118 -101 -74 -69 -66 -66 -63 -54 -51 -51 -64 -81 -86 -82 -76 -71 -71 -77 -64 -53 -52 -58 -65 -81 -78 -72 -69 -67 -66 -69 -71 -70 -70 -73 -74
17.000000000000000 18 21 21 21 21 22 23 23 24 24 25 26 26 26 25 23 22 22 22 22 21 20 20 20 20 18 17 16 14 14 16 15 12 8 10 3 -2 -8 -11 -14 -9 -23 -37 -38 -25 -21 -58 -69 -71 -68 -77 -89 -90 -68 -77 -97 -108 -110 -102 -115 -125 -107 -82 -79 -87 -85 -79 -61 -49 -49 -57 -79 -82 -81 -75 -68 -74 -77 -63 -50 -46 -50 -54 -71 -83 -65 -58 -54 -56 -61 -63 -66 -71 -77 -75
16 17 19 21 22 22 22 22 23 23 23 24 24 24 23 23 22 21 20 20 20 20 20 20 20 20 19 18 17 17 17 15 14 11 10 13 7 3 2 2 -4 -5 -8 -25 -30 -17 -19 -44 -46 -52 -62 -72 -80 -89 -83 -72 -80 -78 -91 -117 -116 -122 -111 -91 -91 -106 -94 -91 -66 -49 -47 -49 -66 -75 -80 -79 -80 -84 -77 -73 -57 -42 -42 -43 -58 -72 -64 -48 -45 -48 -55 -64 -69 -77 -74 -64
15 15 18 20 23 23 23 23 23 23 23 23 23 23 22 22 22 21 20 20 20 20 20 20 20 19 19 19 19 17 17 17 16 14 14 13 11 5 7 11 4 5 2 -7 -14 -8 -21 -29 -43 -54 -67 -79 -81 -84 -86 -89 -95 -99 -99 -97 -107 -126 -116 -111 -100 -114 -101 -97 -76 -58 -47 -46 -53 -63 -73 -82 -85 -83 -79 -76 -65 -41 -38 -37 -49 -62 -66 -54 -38 -40 -49 -59 -67 -71 -67 -59
14 14 17 21 23 23 23 23 23 23 23 22 22 22 22 21 21 21 20 20 19 19 19 20 19 19 19 19 19 19 18 17 18 17 14 14 14 13 15 8 10 16 13 9 6 -14 -30 -35 -44 -55 -63 -73 -87 -75 -72 -79 -79 -94 -105 -105 -114 -119 -125 -125 -110 -123 -107 -88 -75 -62 -51 -45 -46 -60 -70 -76 -81 -77 -78 -73 -64 -44 -42 -36 -35 -44 -55 -64 -37 -33 -41 -52 -60 -63 -63 -60
13 14 19 19 23 25 24 24 23 23 23 23 22 21 21 21 21 21 20 19 19 19 19 19 19 18 18 18 19 19 19 19 19 17 16 15 15 17 17 11 15 12 12 -9 -10 -18 -31 -32 -37 -48 -45 -67 -80 -79 -67 -74 -70 -82 -101 -111 -119 -122 -119 -98 -116 -128 -113 -98 -81 -65 -59 -47 -43 -60 -76 -79 -81 -80 -74 -70 -63 -59 -50 -48 -34 -32 -36 -63 -46 -31 -31 -46 -55 -58 -53 -51
14 16 21 22 24 24 23 24 23 23 23 22 22 22 21 20 20 20 20 19 19 19 19 19 19 18 18 18 18 18 19 19 20 19 19 19 19 18 19 19 18 15 13 -4 -14 -20 -27 -21 -24 -36 -37 -48 -65 -72 -67 -56 -75 -82 -88 -99 -110 -111 -113 -94 -95 -102 -119 -125 -91 -65 -55 -47 -42 -53 -80 -86 -82 -84 -74 -71 -65 -67 -60 -60 -38 -35 -43 -64 -52 -35 -24 -29 -42 -43 -44 -45
14 14 18 19 17 18 21 22 22 22 22 22 21 21 21 20 20 19 20 20 19 19 19 19 19 18 18 18 18 18 19 19 20 20 20 20 21 20 20 19 18 19 15 10 7 -4 -4 -11 -11 -29 -34 -39 -47 -54 -48 -58 -81 -88 -90 -96 -104 -95 -79 -88 -88 -111 -121 -123 -104 -68 -52 -44 -40 -50 -71 -85 -84 -94 -79 -70 -64 -63 -62 -65 -55 -46 -55 -62 -61 -39 -24 -21 -20 -31 -40 -44
10 7 14 17 19 17 19 20 21 22 22 22 21 20 20 20 19 19 19 19 19 18 18 19 19 18 18 18 18 18 19 20 20 21 21 21 22 22 21 21 21 21 21 18 14 11 11 4 7 -14 -20 -28 -52 -46 -41 -63 -76 -81 -67 -81 -87 -89 -64 -64 -86 -107 -115 -108 -114 -78 -52 -41 -38 -46 -69 -85 -94 -92 -77 -62 -55 -56 -59 -61 -63 -56 -56 -70 -68 -43 -27 -31 -17 -17 -27 -40
7 9 11 14 15 18 17 18 17 19 21 21 21 21 20 19 20 19 19 19 19 18 18 19 19 18 18 18 18 19 19 20 20 21 22 22 23 23 21 22 22 22 20 17 16 20 17 14 13 -9 2 -21 -38 -31 -40 -60 -70 -63 -53 -58 -53 -62 -68 -82 -106 -104 -103 -116 -120 -84 -57 -40 -36 -38 -57 -72 -86 -90 -76 -56 -41 -42 -49 -57 -63 -44 -50 -74 -65 -44 -41 -46 -26 -10 -11 -25
5 4 6 10 8 11 14 14 13 13 17 19 20 20 20 19 19 19 19 19 19 19 18 18 19 19 18 18 19 19 19 20 21 22 22 23 23 24 24 24 24 23 22 19 17 17 16 23 18 9 17 11 -8 -21 -31 -37 -53 -61 -44 -46 -81 -93 -91 -96 -104 -85 -101 -102 -105 -102 -72 -41 -34 -35 -45 -61 -74 -75 -58 -41 -27 -23 -28 -43 -49 -30 -51 -73 -72 -51 -63 -67 -39 -15 -1 -6
7 7 2 7 7 5 9 9 10 11 13 17 18 19 19 18 18 19 19 18 18 19 19 18 19 19 18 18 19 19 20 21 21 22 23 24 24 24 25 25 25 24 24 22 20 22 23 22 18 5 9 19 17 9 0 -9 -16 -20 -35 -60 -71 -66 -87 -94 -89 -69 -88 -94 -110 -109 -68 -45 -35 -34 -37 -48 -63 -73 -55 -34 -15 -11 -16 -25 -20 -22 -48 -59 -64 -54 -63 -66 -52 -27 0 7
9 8 4 2 5 1 -1 2 5 9 12 16 17 17 18 18 17 18 18 19 18 18 19 19 19 19 19 20 20 20 21 21 21 23 23 24 25 25 25 25 25 25 24 24 23 22 23 20 21 13 -1 -3 5 -19 -29 -34 -25 -23 -25 -37 -38 -41 -57 -61 -56 -75 -101 -112 -112 -109 -66 -47 -37 -33 -32 -35 -50 -78 -72 -44 -7 -2 -5 -4 -15 -42 -51 -43 -48 -50 -63 -70 -59 -33 -2 12
11 7 5 1 1 -1 -2 -1 6 11 11 12 14 16 17 17 17 17 18 18 19 19 19 19 19 19 19 20 20 21 21 21 22 23 24 24 26 26 25 25 25 25 25 24 24 23 22 18 18 14 7 -7 -16 -18 -32 -37 -32 -46 -40 -49 -54 -50 -49 -51 -64 -69 -78 -92 -108 -108 -72 -49 -40 -34 -31 -31 -39 -73 -76 -57 -13 2 2 2 -4 -27 -42 -35 -41 -44 -61 -64 -52 -24 -2 13
11 7 5 1 0 -2 -4 -2 5 6 3 2 8 14 16 16 17 17 17 18 18 19 19 19 20 20 19 20 20 21 21 21 22 23 24 24 24 25 25 25 24 24 25 24 23 23 22 17 20 14 15 14 -1 -19 -30 -39 -39 -54 -52 -57 -75 -66 -56 -57 -78 -101 -111 -99 -112 -117 -83 -54 -44 -36 -31 -30 -32 -60 -84 -69 -43 -2 4 4 3 -5 -19 -34 -36 -46 -49 -58 -43 -25 -1 17
13 10 2 1 -1 -3 -5 -5 1 3 -1 -1 3 11 14 15 16 17 17 17 18 19 19 19 19 20 20 20 20 21 21 21 22 23 24 24 24 24 24 25 25 24 24 23 24 24 23 22 22 21 15 5 1 -8 -17 -28 -38 -47 -59 -71 -76 -67 -75 -78 -73 -98 -121 -114 -126 -125 -96 -72 -47 -39 -33 -29 -29 -42 -73 -77 -58 -25 3 4 3 1 -6 -30 -33 -42 -43 -51 -44 -27 -4 15
12 5 5 1 -2 -1 -3 -2 2 1 -2 -3 0 8 13 14 15 16 17 18 19 19 19 20 20 20 20 21 21 21 21 22 22 23 24 24 24 24 24 24 23 24 24 23 23 23 23 23 22 19 18 15 11 -1 -4 -19 -27 -34 -44 -59 -71 -88 -95 -91 -97 -95 -123 -106 -111 -120 -126 -87 -55 -43 -38 -35 -27 -29 -50 -81 -68 -57 -23 -10 -6 -3 -5 -21 -35 -45 -45 -39 -43 -24 -3 9
7 7 0 -1 -6 -5 -3 -1 1 2 3 3 4 9 7 11 13 15 16 17 18 19 19 19 20 20 20 21 22 22 22 22 22 22 22 22 23 23 23 24 23 23 23 23 23 22 23 23 22 19 19 19 10 7 0 -3 -8 -27 -38 -43 -51 -76 -94 -93 -101 -109 -108 -102 -97 -109 -122 -115 -68 -48 -41 -35 -27 -26 -35 -62 -72 -71 -63 -43 -44 -35 -20 -22 -42 -55 -51 -44 -36 -21 -8 6
2 4 3 1 -5 -8 -6 -7 -7 -4 -2 0 1 4 2 5 9 13 15 17 18 19 19 19 20 21 20 21 21 22 22 22 23 22 22 22 22 22 22 22 22 23 22 22 23 22 23 23 23 23 22 20 14 17 4 -3 8 -7 -24 -34 -41 -42 -50 -59 -90 -115 -111 -97 -79 -106 -121 -123 -100 -62 -44 -36 -28 -25 -25 -34 -50 -59 -72 -57 -52 -55 -49 -38 -45 -60 -60 -50 -38 -26 -15 1
3 3 3 2 -1 -5 -8 -9 -9 -6 -6 -8 -8 -4 -5 -5 -2 6 12 15 17 18 19 19 20 21 21 21 21 22 22 22 22 21 22 22 22 22 22 22 22 22 23 22 23 23 23 24 23 23 24 21 17 20 10 11 13 -10 0 -8 -23 -34 -41 -63 -100 -98 -115 -110 -75 -102 -115 -117 -119 -97 -65 -42 -31 -23 -23 -24 -29 -39 -55 -68 -59 -52 -50 -55 -52 -50 -53 -45 -33 -31 -26 -7
3 1 4 0 -1 -3 -6 -9 -11 -11 -9 -7 -6 -4 -7 -10 -10 -3 6 12 16 17 19 19 19 21 22 22 22 21 22 22 22 21 21 22 22 21 21 21 22 22 22 22 22 23 24 24 25 25 24 24 21 21 11 14 15 14 3 -22 -35 -56 -60 -69 -97 -92 -80 -79 -68 -94 -98 -104 -112 -98 -87 -65 -37 -23 -22 -23 -23 -26 -38 -55 -57 -50 -46 -45 -45 -26 -20 -23 -32 -42 -38 -22
6 0 4 1 1 -4 -5 -9 -11 -12 -13 -12 -10 -9 -10 -11 -6 -1 3 9 15 17 18 20 20 20 21 22 22 22 22 22 22 22 21 21 20 20 20 20 20 22 21 23 22 23 24 24 24 25 24 25 23 23 18 17 19 8 -8 -11 -25 -36 -62 -67 -96 -98 -86 -68 -67 -101 -99 -88 -95 -92 -89 -63 -38 -22 -21 -22 -22 -23 -30 -51 -59 -46 -43 -41 -37 -21 -7 -3 -13 -45 -53 -35
14 11 10 5 2 -2 -5 -7 -10 -12 -13 -14 -14 -15 -15 -13 -8 -2 1 7 13 16 18 19 20 21 21 21 22 22 22 22 22 21 21 20 20 20 19 20 20 20 21 21 23 23 23 24 24 25 25 25 26 25 21 19 16 9 -16 -26 -44 -51 -73 -94 -100 -99 -94 -72 -62 -79 -82 -80 -80 -81 -87 -69 -43 -22 -20 -21 -21 -24 -29 -41 -53 -43 -38 -36 -33 -20 -1 1 0 -16 -36 -42
21 15 9 3 0 -3 -5 -6 -12 -13 -14 -14 -15 -16 -17 -16 -15 -14 -8 -1 5 13 17 19 20 21 21 21 22 22 23 22 22 21 20 20 19 18 18 18 19 20 21 21 22 23 24 24 24 24 24 25 25 23 18 18 9 4 -3 -16 -29 -55 -66 -81 -73 -74 -99 -73 -54 -69 -72 -73 -71 -72 -81 -73 -51 -22 -20 -20 -23 -28 -31 -33 -36 -38 -39 -37 -30 -16 -4 0 1 -6 -19 -38
21 18 12 6 1 -1 -1 -2 -6 -13 -14 -15 -15 -16 -16 -16 -16 -15 -14 -13 -8 3 14 18 20 21 21 22 22 22 22 22 22 21 20 20 19 18 18 18 18 20 20 21 22 22 23 24 24 24 23 23 23 22 19 16 8 -11 -16 -29 -38 -53 -71 -77 -60 -52 -70 -76 -52 -78 -85 -89 -71 -69 -72 -75 -43 -19 -19 -22 -28 -38 -40 -35 -34 -39 -40 -39 -28 -20 -18 -3 1 -1 -12 -31
16 17 15 10 8 4 2 1 -6 -8 -13 -15 -16 -16 -15 -14 -13 -10 -10 -11 -5 1 11 17 20 21 21 22 22 22 22 22 22 21 20 19 18 17 18 18 18 19 19 21 21 22 23 23 23 23 23 22 21 21 21 19 13 -11 -3 -4 -21 -46 -56 -68 -55 -41 -55 -67 -47 -65 -69 -74 -78 -69 -78 -83 -44 -21 -19 -24 -32 -47 -53 -45 -39 -40 -41 -34 -27 -28 -34 -13 -3 1 -3 -17
8 15 15 13 9 4 0 -4 -1 -5 -13 -15 -16 -17 -16 -15 -10 -5 0 2 5 8 12 17 20 21 22 22 22 22 22 22 21 21 20 19 19 18 17 17 18 19 19 20 20 21 22 22 22 22 22 22 21 20 19 17 15 7 13 5 -16 -33 -30 -51 -48 -38 -41 -46 -47 -41 -50 -63 -67 -62 -68 -75 -42 -25 -20 -24 -32 -46 -56 -52 -56 -47 -39 -32 -27 -33 -42 -20 -5 0 -1 -6
8 9 14 14 12 8 3 -1 -4 -3 -7 -14 -17 -18 -17 -16 -16 -13 -7 4 12 14 15 16 20 21 22 22 23 23 22 22 21 21 20 19 18 17 18 18 18 19 19 20 20 21 21 21 21 22 22 21 20 20 20 19 16 11 15 7 -10 -14 -25 -51 -55 -47 -39 -37 -40 -38 -63 -69 -66 -60 -60 -66 -62 -33 -21 -22 -27 -35 -49 -53 -59 -53 -42 -36 -28 -33 -46 -19 -6 0 3 1
8 10 11 13 13 11 7 3 -1 -2 -7 -9 -14 -17 -16 -12 -14 -13 -9 1 11 16 17 18 19 21 22 23 23 23 22 22 21 20 20 19 18 18 17 18 18 18 18 19 20 20 21 21 21 21 21 21 21 21 21 20 19 16 16 11 -2 -16 -19 -27 -41 -41 -31 -30 -30 -39 -60 -64 -63 -63 -63 -62 -61 -34 -21 -21 -32 -34 -40 -43 -49 -49 -42 -39 -30 -36 -56 -29 -8 1 6 8
2 7 9 10 12 13 11 7 3 1 -5 -7 -9 -13 -16 -14 -8 -7 -5 2 7 10 15 17 18 19 20 22 23 23 22 22 21 20 19 19 18 18 18 17 18 17 19 19 19 19 20 21 21 21 21 21 21 21 20 21 22 21 19 4 -18 -28 -29 -41 -48 -45 -36 -33 -41 -41 -49 -60 -60 -64 -60 -54 -65 -39 -19 -19 -30 -30 -30 -32 -33 -38 -42 -40 -37 -42 -58 -33 -12 -1 6 9
7 5 3 3 8 10 10 12 7 0 -1 -3 -8 -12 -13 -15 -15 -8 -2 -1 4 9 7 10 16 15 14 17 21 22 22 21 21 20 19 18 18 18 17 18 18 18 18 18 19 19 20 20 20 21 21 21 22 22 22 21 21 21 14 5 0 -13 -18 -38 -55 -34 -24 -33 -60 -58 -52 -60 -54 -53 -47 -55 -64 -38 -17 -13 -17 -22 -25 -21 -21 -31 -37 -41 -43 -41 -51 -39 -13 -3 3 8
12 10 6 0 0 2 5 10 10 4 -2 -5 -8 -12 -10 -12 -14 -15 -12 -6 -2 1 4 8 10 14 14 12 13 18 20 21 20 19 18 18 18 17 17 17 17 17 18 17 19 18 19 20 20 21 21 22 22 22 22 22 20 20 16 12 -2 -5 -19 -43 -34 -22 -19 -39 -68 -64 -60 -60 -54 -48 -40 -43 -52 -50 -21 -13 -13 -16 -21 -16 -17 -24 -31 -35 -41 -40 -39 -32 -16 -4 2 7
15 13 11 8 3 -2 -1 2 11 7 2 -2 -6 -10 -6 -9 -12 -13 -11 -13 -12 -11 -6 -1 5 10 13 15 14 13 17 19 19 18 18 17 17 16 16 16 16 17 17 17 18 18 19 20 20 21 21 22 22 23 23 22 22 19 10 2 -12 -22 -33 -36 -26 -19 -17 -29 -47 -67 -54 -45 -39 -35 -37 -42 -45 -53 -33 -13 -12 -17 -22 -12 -10 -15 -22 -27 -39 -42 -36 -30 -17 -7 -1 7
13 13 14 12 9 2 -1 1 2 8 2 -2 -5 -5 -8 -10 -12 -10 -9 -7 -11 -12 -12 -9 -4 0 6 13 15 14 15 17 18 18 17 17 17 16 16 15 16 16 16 17 18 18 18 19 20 21 21 22 22 23 23 22 19 19 17 6 0 -11 -23 -32 -32 -22 -15 -35 -47 -69 -65 -55 -44 -37 -36 -52 -53 -53 -42 -22 -12 -17 -17 -8 -6 -8 -10 -14 -31 -39 -37 -30 -22 -9 -7 3
16 13 11 12 12 10 6 5 7 7 4 1 -1 -2 -6 -8 -9 -11 -8 -4 -5 -7 -9 -9 -3 1 5 9 13 15 13 15 17 16 16 16 16 15 16 15 15 16 16 16 17 18 18 19 20 20 21 22 22 23 23 23 22 20 14 10 6 -2 -10 -25 -40 -23 -11 -24 -50 -53 -59 -48 -47 -35 -40 -50 -53 -45 -38 -20 -9 -9 -9 -8 -7 -7 -8 -10 -23 -33 -36 -25 -14 -7 -4 -6
12 15 13 8 10 11 10 5 5 9 8 6 1 0 -3 -4 -7 -8 -9 -6 -2 -2 -2 -4 -5 0 7 10 11 14 14 14 15 15 15 15 15 15 15 14 15 15 15 15 17 17 18 19 19 20 21 22 23 23 24 24 23 21 16 6 4 -1 -12 -26 -41 -36 -16 -9 -37 -58 -53 -47 -38 -33 -34 -46 -45 -39 -31 -18 -8 -7 -8 -7 -7 -7 -6 -7 -12 -16 -23 -25 -10 -3 -1 -5
10 9 10 14 9 8 9 9 6 8 7 6 4 0 -2 -3 -4 -5 -7 -8 -4 0 -1 -3 -5 -3 1 9 11 11 13 12 14 14 14 15 14 14 14 14 14 14 15 15 16 16 17 18 19 20 21 22 23 23 24 24 23 21 16 10 2 -6 -15 -29 -36 -24 -10 -11 -29 -49 -47 -45 -40 -24 -34 -29 -30 -38 -28 -22 -9 -7 -6 -6 -5 -5 -5 -5 -7 -10 -17 -14 -5 0 1 -3
18 11 8 11 13 12 9 8 7 7 9 6 5 3 -1 -2 -3 -4 -6 -6 -6 -4 0 0 -3 -3 0 5 9 10 11 11 12 13 13 14 13 13 14 13 13 14 14 14 15 16 17 18 19 20 21 22 23 24 24 24 22 18 7 -3 -1 -5 -15 -31 -30 -22 -16 -2 -13 -30 -34 -42 -32 -15 -22 -16 -21 -36 -24 -14 -7 -7 -6 -6 -6 -5 -5 -4 -5 -7 -8 -6 -2 2 2 1
19 21 12 11 14 13 14 13 10 5 4 4 3 4 2 1 0 -2 -4 -4 -5 -4 -2 -1 -3 -2 -3 0 5 8 10 11 11 11 12 13 13 12 13 12 13 13 14 14 14 15 16 17 19 20 22 22 23 24 25 25 23 18 12 0 0 -3 -9 -14 -27 -22 -11 -2 -4 -15 -12 -22 -18 -7 -6 -8 -14 -31 -33 -13 -7 -7 -6 -6 -5 -5 -4 -4 -4 -4 -4 -4 1 2 3 3
36 29 20 7 6 11 12 13 8 3 3 3 3 3 2 2 1 0 -1 -2 -3 -2 -2 -4 -4 -4 1 4 6 8 9 9 9 10 10 11 12 12 12 12 12 12 12 13 13 14 15 17 19 20 21 22 23 24 25 25 23 17 8 -1 1 -3 -9 -23 -25 -16 -3 3 0 -2 -2 -1 -3 -4 -16 -30 -19 -25 -30 -15 -7 -7 -7 -6 -6 -5 -4 -3 -3 -2 -2 -1 2 3 3 4
41 39 33 25 15 10 8 12 10 5 3 1 2 2 2 2 0 0 0 0 0 -1 -3 -4 -4 -4 -2 2 3 6 7 7 7 9 10 10 10 11 11 11 12 11 11 12 13 13 14 16 18 20 22 23 23 24 24 25 24 16 8 1 2 -7 -14 -24 -20 -10 3 -1 2 1 -2 -1 -7 -12 -27 -37 -33 -26 -16 -18 -5 -6 -6 -6 -5 -4 -3 -3 -2 0 0 0 2 3 4 5
-32768 -32768 40 37 32 21 11 7 8 8 6 5 5 5 4 3 1 0 -2 -1 -2 -1 -2 -3 -4 -3 -3 -2 0 3 4 6 7 8 9 9 9 10 11 10 10 10 11 11 12 13 14 16 18 20 22 23 24 25 24 24 24 18 8 2 7 -3 -13 -16 -9 3 4 -7 -8 -11 -18 -7 -4 -16 -31 -33 -28 -19 -14 -5 -3 -4 -5 -4 -4 -3 -2 -2 -1 -1 0 0 2 3 3 2
-32768 -32768 -32768 40 39 35 27 18 9 10 10 11 10 9 6 4 3 1 0 -1 -1 -2 -2 -1 -2 -2 -2 -1 0 1 2 4 6 7 7 8 9 10 10 10 10 10 10 11 12 12 14 16 19 21 23 25 26 27 27 28 26 21 9 4 4 -8 -5 3 -1 -1 -9 -15 -12 -24 -26 -8 -5 -10 -21 -23 -15 -6 -4 -2 -2 -2 -2 -2 -1 0 0 0 0 0 0 1 2 2 1 1
-32768 -32768 -32768 -32768 39 40 37 31 21 15 13 11 12 13 9 5 3 3 1 0 0 -1 -1 -1 -1 -1 -1 -1 -1 -1 0 2 5 6 7 8 8 9 10 10 10 10 10 11 11 13 15 17 19 22 24 25 26 27 29 30 30 28 17 6 -2 3 -1 -3 -17 -4 -13 -28 -29 -32 -35 -21 -10 -10 -21 -14 -8 -2 -1 -1 -1 -1 0 0 1 2 2 2 1 1 1 2 2 1 1 2
-32768 -32768 -32768 -32768 -32768 42 45 40 38 32 19 13 12 15 14 7 5 4 2 0 0 0 0 0 0 0 0 -1 0 0 -1 0 3 5 6 7 8 9 9 10 10 9 10 10 12 13 15 18 20 23 25 27 28 28 28 30 30 28 19 13 11 2 -16 -23 -20 -8 -18 -32 -44 -43 -29 -25 -16 -14 -20 -12 -5 -2 -1 0 0 -7 1 2 3 1 5 4 3 2 2 2 2 2 2 1
-32768 -32768 -32768 -32768 -32768 -32768 -32768 45 46 41 33 22 14 13 16 14 8 5 4 2 1 1 0 0 0 0 0 0 0 0 0 -1 1 3 5 7 8 9 10 11 10 10 9 10 12 14 16 19 21 24 26 28 30 31 32 33 34 34 31 16 5 2 -8 -23 -16 -5 -8 -18 -38 -38 -34 -29 -13 -19 -18 -12 -4 -1 0 0 0 -1 -3 3 3 4 5 6 2 -1 3 3 3 2 0 0
-32768 -32768 -32768 -32768 -32768 -32768 -32768 -32768 -32768 48 44 34 18 12 15 18 13 7 5 4 2 0 1 2 1 2 2 1 1 1 1 0 0 1 4 6 8 9 10 10 10 10 10 11 13 15 17 19 22 24 26 29 31 32 33 32 33 33 31 25 15 7 -1 -5 -5 -2 -6 -10 -15 -21 -31 -26 -8 -11 -14 -8 -3 0 0 0 1 1 1 1 2 4 7 7 5 4 4 1 3 2 0 -3
-32768 -32768 -32768 -32768 -32768 -32768 -32768 -32768 -32768 55 53 50 40 23 16 14 16 12 8 7 6 4 2 2 2 3 3 2 3 3 3 3 2 0 2 5 7 8 9 10 10 11 11 13 14 16 18 20 22 24 27 29 31 32 33 34 34 33 31 26 21 12 7 1 -1 -5 -10 -4 -3 -5 -15 -16 -6 -8 -9 -3 -1 0 1 1 2 2 2 2 4 4 5 4 4 5 4 4 3 0 -4 -3
