data/bioclim/bclim4.asc
NCOLS 300 
NROWS 196 
XLLCORNER -121.25 
YLLCORNER 31.1666666666667 
CELLSIZE 0.0416666666666667 
NODATA_value -32768 
[rows 0 to 36 of 196, columns 84 to 167 of 300]
7049 7112 7209 7547 7636 7664 7666 7624 7415 7592 7782 7783 7767 7453 7031 6919 7228 7779 7924 7944 7981 7942 7829 7689 7648 7743 7719 7659 7447 7289 7240 7269 7601 7758 7837 7880 7838 7794 7653 7435 7764 8028 8039 8043 8106 8039 8005 8014 7887 7954 8035 8027 7968 7871 7743 7744 7910 7766 8019 8081 8099 8091 8041 7760 7862 8054 8064 8095 8116 8107 8086 7815 7652 7646 7260 7163 7233 7920 8289 8340 8364 8319 7994 7527
7170 7260 7244 7598 7640 7648 7633 7537 7374 7415 7727 7740 7589 7020 7033 6835 7518 7914 7958 7971 7966 7880 7719 7413 7584 7732 7721 7670 7495 7296 7320 7144 7522 7746 7807 7829 7715 7751 7738 7652 7877 7990 8024 8065 8095 8006 7831 7890 7901 7976 8015 7968 7608 7511 7550 7585 7797 7679 7985 8070 8075 8096 8005 7819 7948 7989 8055 8051 7998 8117 8074 7806 7428 7447 7237 7576 7364 7870 8315 8345 8333 8220 7960 7675
7171 7293 7532 7591 7625 7519 7343 7315 7291 7474 7672 7621 7387 6981 7077 7203 7766 7928 7967 7957 7925 7719 7514 7352 7466 7648 7694 7630 7297 7293 7216 7252 7571 7742 7780 7658 7414 7553 7655 7601 7880 7966 8013 8026 8026 7963 7849 7822 7907 7936 7935 7905 7516 7337 7509 7452 7625 7679 7964 8072 8071 8070 7982 7892 8053 8014 7903 7877 8031 8064 8052 7893 7577 7573 7276 7682 7900 8140 8283 8364 8268 7981 7778 7580
7285 7411 7527 7563 7456 7210 6970 7018 7210 7572 7562 7426 7149 6788 6937 7529 7844 7926 7967 7957 7770 7403 7264 7249 7492 7620 7655 7584 7321 7357 7214 7381 7431 7679 7651 7358 7237 7413 7541 7576 7809 7929 7966 7992 7951 7912 7863 7895 7969 7932 7836 7996 7863 7612 7694 7596 7469 7693 7921 8000 8049 8058 8020 8010 8064 8061 7937 7649 7878 8031 8049 7949 7877 7766 7534 7461 7970 8186 8305 8336 8235 8013 7667 7749
7442 7472 7510 7446 7236 7006 6851 7013 7239 7531 7416 7210 6987 6790 7103 7750 7947 7975 7961 7929 7653 7116 7097 7277 7489 7571 7638 7615 7512 7394 7112 7201 7305 7531 7440 7096 7149 7343 7549 7684 7811 7897 7910 7867 7835 7796 7876 7929 7986 7918 7929 8037 7957 7776 7757 7688 7560 7671 7783 7914 7973 8035 8053 8028 8064 8038 7797 7323 7718 7936 8025 8017 7904 7633 7674 7465 7994 8214 8312 8336 8089 7898 7917 8008
7481 7474 7410 7254 6991 6984 7054 7205 7454 7434 7249 7010 6815 7071 7830 7978 7998 7991 7951 7839 7419 7054 7069 7173 7305 7503 7585 7554 7508 7392 7184 7095 7167 7369 7309 7036 7197 7370 7535 7678 7776 7816 7705 7586 7647 7712 7829 7932 7959 7955 8032 8054 7925 7772 7746 7428 7456 7604 7618 7814 7913 7989 8028 8040 8043 8027 7904 7386 7487 7914 8000 8007 7951 7737 7733 7910 8077 8208 8283 8280 7970 7812 7971 8133
7468 7456 7371 7142 6892 7048 7267 7363 7421 7311 7110 6977 7017 7683 7962 8022 7986 7963 7891 7718 7484 7055 6869 6951 7244 7498 7573 7527 7444 7345 7188 7015 7079 7180 7228 7080 7232 7366 7536 7643 7709 7720 7552 7399 7452 7656 7760 7959 8010 7985 8041 8005 7977 7839 7754 7526 7548 7655 7597 7801 7910 7952 7965 8028 8019 8015 7977 7545 7366 7867 7991 8004 7955 7862 7697 7855 8102 8244 8292 8236 7805 7497 7691 7847
7350 7433 7360 7163 6888 7105 7267 7339 7312 7207 7008 6797 7256 7886 7984 8010 8018 7951 7791 7599 7304 6981 6892 6951 7352 7514 7502 7465 7383 7275 7103 7093 7262 7158 7250 7176 7223 7396 7529 7603 7682 7729 7565 7339 7409 7646 7852 7991 8045 7998 7984 8048 8006 7830 7671 7483 7593 7680 7743 7865 7924 7945 7982 8007 8026 8029 8009 7683 7567 7879 7972 7985 7919 7855 7743 7959 8111 8214 8273 8219 8013 7587 7151 7508
7314 7434 7418 7244 7096 7155 7251 7271 7202 7014 6741 6874 7512 7956 7990 8058 8022 7976 7697 7343 7230 7049 6981 7243 7466 7528 7467 7403 7258 7129 6994 7202 7402 7310 7338 7202 7190 7403 7464 7585 7656 7677 7608 7522 7425 7561 7816 7972 8058 8006 7969 8066 8014 7873 7705 7290 7458 7611 7767 7888 7935 7960 7967 8009 8009 8006 7990 7819 7563 7761 7959 7927 7877 7733 7695 7946 8097 8220 8283 8263 8113 7646 6908 7289
7307 7493 7501 7366 7118 7182 7273 7188 7078 6839 6667 7026 7730 7936 7990 8033 8004 7853 7601 7349 7100 7021 7072 7356 7495 7495 7412 7322 7233 7045 7118 7328 7440 7428 7381 7176 7275 7355 7306 7516 7619 7649 7631 7639 7614 7636 7712 7937 8057 8038 8000 8104 8002 7904 7663 7105 7474 7659 7789 7856 7924 7945 7956 8010 7993 8005 7984 7798 7327 7673 7897 7871 7700 7679 7606 7794 8087 8208 8277 8295 8206 7755 7122 7310
7427 7567 7549 7300 7015 7127 7192 7086 6887 6639 6833 7012 7709 7936 7991 8004 7944 7819 7557 7329 7173 7148 7249 7482 7525 7502 7352 7151 7017 7070 7306 7448 7484 7464 7326 7263 7362 7245 7167 7444 7600 7618 7610 7727 7721 7665 7650 7906 8046 8083 8126 8141 8054 7855 7591 7075 7311 7535 7696 7825 7910 7927 7904 7963 7986 7977 7957 7764 7533 7678 7867 7744 7564 7651 7421 7801 8103 8197 8269 8288 8271 7907 7209 7315
7542 7611 7569 7367 7132 7081 7151 7012 6764 6491 6766 6915 7283 7967 8011 8025 7914 7657 7317 7075 6986 7214 7456 7501 7526 7465 7149 6909 6901 7025 7404 7488 7529 7391 7146 7270 7402 7141 7342 7438 7645 7669 7671 7756 7770 7705 7587 7845 7952 8061 8149 8146 8082 7917 7535 7263 7403 7725 7713 7825 7870 7889 7934 7997 7991 7968 7941 7700 7582 7776 7816 7777 7681 7663 7640 7929 8134 8234 8289 8317 8286 8009 7352 7186
7569 7659 7583 7374 7142 7050 7036 7059 6956 6622 6688 6603 6944 7917 8029 8026 7835 7480 6898 6486 6798 7234 7467 7521 7505 7347 6997 6671 6894 7172 7430 7535 7536 7392 7129 7325 7486 7389 7470 7449 7636 7645 7731 7786 7792 7723 7580 7757 7747 7922 8131 8184 8172 8075 7914 7837 7792 7791 7740 7775 7775 7893 7902 8014 7991 7953 7906 7638 7616 7782 7757 7769 7742 7679 7811 8011 8162 8262 8298 8313 8317 8062 7410 7508
7628 7718 7565 7308 6958 7028 7087 6913 6875 6813 6608 6715 6992 7894 8004 7959 7774 7377 6862 6455 6684 7071 7402 7488 7442 7148 6978 6683 6901 7222 7473 7562 7510 7354 7160 7446 7602 7591 7422 7425 7538 7682 7783 7816 7752 7611 7480 7600 7730 7987 8151 8202 8197 8162 8075 7993 7913 7649 7692 7811 7868 7959 8006 8046 8009 7985 7773 7500 7701 7808 7793 7652 7651 7789 7961 8090 8186 8270 8292 8308 8315 8104 7701 7745
7713 7718 7536 7258 6982 7025 7072 6874 6976 6974 6901 7097 7214 7831 7982 7883 7695 7438 7117 6744 6867 6987 7218 7458 7486 7203 6909 6731 6868 7288 7529 7560 7454 7255 7208 7349 7566 7662 7439 7418 7581 7721 7814 7816 7683 7373 7553 7756 7787 7974 8168 8210 8199 8150 8123 8030 7905 7791 7734 7894 7970 8040 8023 8030 8030 7959 7811 7633 7761 7855 7770 7521 7602 7917 8093 8167 8173 8121 8229 8290 8292 8213 7990 7899
7807 7720 7560 7325 7048 7186 7193 6924 6915 7211 7118 7107 7427 7893 7927 7817 7494 7168 6815 6902 7053 7083 7315 7473 7473 7166 7003 6861 7097 7367 7587 7575 7358 7099 7034 7205 7543 7734 7602 7487 7665 7791 7817 7770 7624 7415 7589 7817 7963 8097 8189 8201 8209 8171 8128 7921 7940 7847 7781 7920 8009 8063 8055 8039 8017 7792 7516 7570 7767 7886 7850 7577 7249 7855 8145 8217 8201 7977 8108 8242 8292 8247 8152 8124
7845 7806 7673 7532 7367 7404 7324 7194 7152 7289 7397 7172 7508 7911 7883 7727 7416 7037 6850 6931 7026 7270 7415 7472 7449 7232 7109 7043 7206 7428 7615 7535 7292 6999 7052 7019 7617 7808 7671 7532 7734 7817 7787 7734 7556 7593 7759 7970 8071 8153 8206 8227 8204 8205 8102 7726 7736 7844 7734 7884 7988 8041 8069 8058 8030 7799 7490 7606 7786 7887 7960 7785 7334 7832 8137 8215 8213 8120 7972 8148 8266 8291 8243 8222
7817 7887 7816 7632 7549 7531 7287 7304 7375 7496 7594 7452 7580 7979 7861 7581 7332 7120 7207 7308 7291 7358 7444 7451 7387 7178 7104 7302 7290 7475 7608 7374 7300 7329 7283 7198 7787 7865 7781 7786 7834 7833 7624 7598 7581 7594 7817 8047 8167 8224 8224 8227 8224 8204 7969 7646 7637 7769 7771 7855 7886 8014 8069 8093 8095 7976 7761 7687 7826 7902 7984 7943 7590 7983 8165 8205 8209 8144 7916 8028 8236 8266 8280 8275
7727 7897 7943 7877 7857 7733 7704 7518 7591 7518 7591 7839 7912 7934 7797 7503 7198 7189 7350 7506 7432 7367 7432 7380 7266 7075 7394 7506 7431 7370 7593 7508 7374 7558 7647 7805 7922 7916 7834 7868 7868 7854 7742 7637 7649 7689 7985 8155 8207 8199 8220 8227 8216 8137 7533 7516 7617 7653 7674 7741 7950 8009 8089 8084 8100 8049 7949 7789 7730 7771 8008 7976 7702 8036 8159 8220 8211 8178 8017 7924 8208 8254 8240 8178
7680 7746 7847 7999 8017 8002 7971 7817 7855 7876 7929 7993 7984 7840 7607 7382 7296 7316 7500 7629 7526 7428 7358 7226 7063 7199 7526 7661 7607 7522 7632 7521 7522 7814 7922 7951 7951 7854 7637 7826 7863 7880 7767 7664 7709 7918 8109 8179 8238 8210 8212 8221 8215 8054 7554 7467 7444 7635 7707 7853 8013 8058 8083 8124 8113 8091 7977 7619 7558 7882 8043 7969 7730 8025 8156 8199 8217 8203 8002 7903 8168 8173 8184 8130
7663 7772 7816 7889 8099 8126 8106 8045 8014 8083 8076 8063 7941 7671 7403 7175 7426 7537 7643 7645 7568 7367 7376 7151 7311 7466 7644 7727 7556 7492 7398 7294 7338 7869 8011 8005 7952 7878 7745 7814 7854 7851 7789 7786 7745 7985 8148 8179 8233 8240 8208 8192 8183 8059 7723 7379 7464 7626 7840 7944 8035 8079 8112 8120 8119 8146 7978 7586 7875 8018 8042 7953 7792 8009 8132 8205 8189 8207 8126 8093 8061 8043 8091 8041
7830 7877 7979 7913 7967 8160 8197 8215 8189 8173 8125 8060 7905 7724 7504 7544 7614 7707 7756 7526 7307 7241 7268 7210 7164 7481 7729 7760 7556 7543 7360 7332 7429 7845 8017 8033 7970 7885 7685 7813 7826 7849 7861 7830 7864 8108 8209 8200 8183 8179 8221 8208 8123 7915 7660 7528 7415 7613 7898 7991 8043 8079 8115 8132 8133 8123 7794 7831 7991 8012 8043 7919 7952 7762 8030 8165 8175 8178 8176 8123 7903 7886 7928 8050
7989 7838 7991 8052 8040 8137 8234 8238 8245 8189 8048 7949 7902 7824 7743 7762 7811 7802 7773 7531 7224 7087 7172 7062 7140 7561 7751 7803 7729 7636 7286 7354 7472 7840 7970 8017 8010 7802 7645 7795 7823 7875 7843 7908 8051 8155 8194 8192 8170 8182 8179 8160 7915 7613 7429 7502 7613 7811 7959 8031 8079 8103 8122 8152 8146 8074 7781 7847 8005 8048 7982 8023 8025 7901 8057 8146 8171 8168 8165 8085 7927 7829 7676 7863
7967 7730 7929 8108 8075 8069 8251 8265 8283 8174 7998 7713 7573 7631 7845 7873 7881 7882 7792 7645 7398 7187 7004 7003 7223 7503 7792 7797 7793 7624 7299 7265 7394 7825 8000 8034 8047 7992 7797 7656 7742 7847 7728 7817 8145 8154 8172 8181 8181 8168 8151 8012 7608 7219 7205 7548 7736 7866 7968 8051 8079 8114 8137 8129 8123 7995 7717 7829 7984 8012 7897 8062 8059 7765 7956 8126 8136 8164 8121 8090 8019 7759 7650 7630
8035 7757 7965 8111 8076 8108 8326 8307 8326 8239 8045 7634 7155 7481 7788 7912 7924 7910 7834 7723 7558 7485 7403 7320 7522 7553 7832 7803 7829 7691 7319 7325 7474 7793 8027 8073 8062 8045 7899 7572 7822 7906 7853 7949 8127 8171 8174 8163 8158 8121 8087 7878 7532 7030 7191 7634 7809 7923 7984 7996 8107 8109 8107 8094 8005 7988 7882 7897 7975 7887 7888 8109 8058 7958 7885 8041 8146 8143 8083 7963 7903 7696 7694 7867
8048 8004 8060 8150 8093 8238 8344 8343 8343 8315 8169 7851 7417 7595 7786 7866 7936 7907 7794 7656 7511 7557 7579 7630 7737 7771 7893 7841 7890 7758 7528 7480 7627 7855 8035 8089 8091 8072 7964 7778 7744 7877 7993 8035 8123 8156 8149 8139 8156 8053 7919 7808 7433 7008 7436 7742 7915 8010 7973 8010 8079 8111 8083 7981 7942 8010 7965 7955 7900 7910 8089 8129 8096 7986 7887 8020 8102 8123 8047 7870 7590 7644 7811 7934
7976 7946 7934 8126 8277 8358 8379 8386 8386 8355 8204 7945 7635 7676 7714 7851 7966 7865 7687 7500 7367 7538 7651 7583 7807 7841 7938 7911 7932 7819 7647 7520 7784 7968 8050 8062 8076 8061 7942 7742 7778 7977 8073 8095 8116 8122 8119 8116 8006 7653 7542 7546 7305 7341 7667 7865 8010 8010 7845 7962 8072 8101 8101 8018 7991 8038 7983 7937 7859 8016 8148 8117 8052 7925 7879 8006 8110 8135 8066 7922 7599 7574 7827 7959
7852 7658 7681 8108 8379 8409 8398 8398 8398 8356 8227 8032 7783 7737 7886 7996 8005 7806 7599 7436 7596 7532 7763 7672 7745 7894 7893 7949 7937 7883 7752 7590 7783 8015 8049 8063 8014 7988 8012 7993 8089 8106 8093 8124 8063 8065 8035 7841 7615 7263 7293 7344 7351 7615 7808 7952 8016 7966 7980 8012 8047 8044 8060 8114 7986 8068 7983 7835 7896 8106 8166 8122 8031 7911 7944 8065 8114 8135 8086 8017 7892 7707 7872 7990
7687 7411 7908 8307 8426 8446 8453 8424 8400 8334 8246 8076 7783 7685 7945 8054 8032 7916 7781 7651 7643 7796 7809 7630 7651 7881 7942 7982 7949 7881 7790 7632 7660 7964 8015 8002 7892 7744 7906 8049 8086 8092 8114 8065 7963 7913 7681 7375 7357 7098 7383 7518 7567 7796 7911 7999 8023 7879 8019 8074 7940 7912 7964 8084 8121 8109 8040 7983 8026 8163 8169 8141 8090 8045 8058 8096 8130 8152 8121 8086 7997 7742 7657 7920
7880 7891 8167 8417 8483 8470 8393 8320 8350 8317 8213 8076 7907 7800 8001 8120 8096 8084 7975 7853 7778 7886 7934 7729 7720 7847 7961 7986 7918 7847 7661 7512 7625 7864 7974 7923 7707 7630 7784 7990 8110 8116 8101 7979 7775 7722 7509 7244 7049 7267 7523 7570 7745 7901 7951 8007 7980 7909 8047 8070 8001 7866 7791 7943 8039 8138 8124 8074 8079 8185 8217 8233 8171 8143 7997 7928 8138 8171 8144 8130 8077 7978 7846 7832
8178 8319 8428 8502 8427 8207 8053 8092 8246 8299 8198 8072 7890 7899 8061 8146 8152 8149 8128 8031 7877 7951 7999 7787 7751 7887 7974 7972 7889 7732 7606 7498 7498 7841 7932 7814 7610 7596 7781 7976 8104 8104 8063 7952 7749 7593 7376 7160 7228 7538 7681 7753 7871 7923 7963 8003 7946 8035 8078 8071 8055 7974 7837 7635 7835 8035 8174 8096 8063 8152 8245 8248 8240 8120 7994 7667 8023 8172 8184 8158 8131 8077 8003 7920
8394 8431 8480 8446 8195 7600 7341 7866 8111 8246 8219 8107 7961 7916 8100 8182 8181 8178 8179 8166 8071 8080 8080 8003 7971 8010 8010 7935 7758 7527 7154 7199 7591 7825 7883 7816 7668 7483 7703 7967 8113 8101 8063 7942 7678 7457 7450 7247 7428 7617 7717 7813 7897 7936 7985 8000 7988 7985 8067 8085 8043 7968 7835 7588 7645 7902 8122 8131 8036 8152 8249 8286 8281 8182 8030 7569 7870 8110 8173 8207 8176 8133 8096 8056
8457 8470 8450 8326 8116 7940 7711 7899 8024 8261 8309 8193 7955 7933 8102 8210 8214 8210 8211 8191 8039 8065 8102 8085 8053 8063 7979 7795 7648 7456 7191 7152 7565 7774 7825 7752 7646 7457 7612 7951 8111 8122 8076 7901 7646 7439 7571 7593 7700 7723 7762 7803 7898 7937 7949 7901 7898 8020 8060 8058 8031 7940 7819 7588 7608 7920 8120 8061 7939 8148 8260 8287 8314 8212 8079 7744 7794 8053 8121 8210 8205 8180 8148 8132
8431 8448 8374 8141 7867 7644 7761 8176 8093 8362 8435 8379 8238 8139 8185 8268 8243 8246 8237 8202 8067 8076 8125 8124 8091 8058 7940 7766 7561 7267 7256 7128 7414 7641 7767 7743 7681 7539 7492 7867 8083 8082 8042 7854 7544 7558 7741 7836 7863 7882 7762 7553 7840 7920 7856 7757 7795 8040 8064 8042 8015 7889 7807 7820 7758 7933 8161 8055 8058 8143 8274 8287 8302 8148 7999 7695 7676 7959 7986 8109 8230 8231 8176 8212
8359 8413 8391 8237 8125 7926 8080 8330 8447 8526 8484 8454 8340 8192 8243 8292 8276 8247 8249 8215 8173 8166 8152 8144 8091 8071 7971 7870 7696 7609 7562 7372 7282 7528 7675 7745 7730 7620 7417 7726 8029 8061 7968 7790 7643 7752 7889 7949 7946 7914 7742 7395 7790 7840 7767 7574 7741 8041 8057 8036 8009 7823 7757 7914 7972 8040 8100 7959 8079 8182 8250 8271 8297 8169 8019 7702 7508 7963 8095 8070 8117 8220 8288 8274
8065 8331 8530 8571 8582 8548 8487 8436 8560 8524 8500 8454 8405 8316 8249 8287 8288 8270 8253 8191 8168 8157 8136 8144 8135 8091 8037 7922 7853 7798 7711 7619 7370 7423 7650 7718 7775 7701 7392 7657 7987 7986 7908 7739 7815 7892 7958 7989 7993 7969 7836 7497 7763 7784 7648 7479 7826 8012 8022 8026 8025 7839 7834 7985 8086 8129 8055 7897 8090 8200 8257 8300 8297 8206 8082 7845 7711 8050 8202 8251 8223 8217 8277 8216
7383 8121 8594 8752 8790 8804 8615 8372 8487 8408 8379 8365 8350 8295 8161 8155 8257 8186 8182 8121 8003 8019 8079 8104 8126 8107 8054 8005 7941 7864 7814 7714 7557 7326 7479 7685 7761 7810 7693 7817 7951 7955 7888 7779 7788 7926 7984 8023 8010 8016 7965 7556 7701 7635 7637 7682 7856 7951 7997 7981 7997 8016 7906 8048 8185 8087 7990 7909 8066 8205 8262 8272 8259 8196 8101 7994 8000 8182 8261 8299 8364 8274 8228 8159
