data/bioclim/bclim12.asc
NCOLS 300 
NROWS 196 
XLLCORNER -121.25 
YLLCORNER 31.1666666666667 
CELLSIZE 0.0416666666666667 
NODATA_value -32768 
[rows 42 to 83 of 196, columns 188 to 281 of 300]
404 433 454 434 377 361 381 477 550 569 526 549 529 574 602 576 554 519 477 443 415 381 363 369 410 477 434 408 393 328 307 296 279 273 279 286 298 315 311 299 301 298 270 275 260 248 223 196 180 176 169 170 165 158 158 158 160 171 187 206 177 134 130 125 130 130 131 133 146 158 176 188 199 211 179 204 202 210 240 273 300 269 287 305 317 336 343 315 287 267 273 268 270 285
455 410 402 404 384 379 436 505 568 543 525 489 473 499 554 555 537 508 476 442 416 399 385 405 458 475 430 425 354 324 310 294 275 265 271 267 276 287 290 270 283 296 272 262 251 245 246 226 220 186 174 175 174 166 162 155 151 154 170 176 186 143 122 123 126 130 130 138 148 157 170 187 189 197 217 223 209 226 225 253 257 264 286 296 304 306 297 295 284 260 247 272 267 271
501 432 401 396 384 402 466 445 507 546 494 477 450 482 471 462 509 506 469 442 422 404 410 416 441 477 450 441 398 333 307 294 282 262 260 268 274 275 270 254 269 274 262 256 264 242 233 247 252 246 193 160 154 147 152 149 150 141 150 158 166 172 140 122 122 126 131 136 144 153 165 178 200 219 236 248 238 208 217 226 239 259 279 290 302 295 284 278 270 250 234 261 260 255
532 501 420 391 386 397 429 425 497 475 474 406 431 461 423 422 468 492 464 429 411 400 392 402 466 475 464 425 358 335 318 306 285 277 284 273 277 267 250 238 237 247 238 235 239 238 236 233 221 227 245 209 155 144 137 139 140 138 134 145 149 157 152 130 128 126 130 137 145 157 172 187 210 218 228 218 203 195 206 219 240 253 280 295 302 283 272 252 243 228 225 249 254 235
567 441 410 395 387 393 403 460 498 451 409 392 419 405 406 426 438 445 436 402 402 410 383 391 436 418 400 367 346 325 327 327 296 262 289 265 271 257 230 231 231 227 228 219 205 208 209 222 212 199 220 254 221 153 141 135 137 138 131 127 137 142 156 135 126 135 134 136 147 161 178 188 204 219 204 173 174 190 204 227 247 263 282 300 295 281 264 248 227 217 222 233 228 227
511 416 387 357 393 390 407 425 456 441 412 394 392 394 423 437 417 412 407 383 396 402 386 382 380 365 360 354 332 325 316 314 293 261 262 254 260 246 235 223 234 236 236 227 200 173 184 189 217 216 184 242 278 252 179 137 127 126 124 121 128 126 143 134 129 136 145 145 155 167 179 192 194 189 163 163 174 184 204 218 236 261 281 289 280 265 257 236 220 210 216 221 216 229
415 392 342 352 372 401 381 398 408 409 424 385 397 423 455 434 408 386 390 371 383 378 372 380 364 348 339 336 324 333 314 307 271 265 249 246 236 250 247 213 233 234 233 218 192 173 159 165 185 185 164 201 224 261 284 191 132 121 122 119 120 121 125 128 132 142 149 166 165 168 174 160 154 142 150 160 171 184 190 214 237 262 263 278 256 221 228 227 221 210 206 222 216 218
364 324 309 321 352 396 358 364 381 400 406 404 414 418 423 398 381 372 367 397 388 374 376 367 348 342 343 347 340 308 297 294 293 270 237 235 224 233 232 193 207 223 204 173 167 178 167 140 164 152 126 154 126 153 246 286 216 143 122 123 124 120 133 141 142 129 138 165 186 153 139 133 134 146 153 163 174 192 205 198 216 233 259 249 212 200 198 217 225 203 203 203 205 211
287 286 291 288 346 345 343 361 363 366 358 389 400 393 386 380 377 366 372 412 374 371 378 372 353 345 349 364 351 314 299 297 300 248 224 211 225 211 213 196 178 189 178 155 149 160 167 145 131 139 114 116 138 114 174 264 265 240 146 119 119 125 130 136 133 130 129 130 142 129 166 141 139 150 162 166 180 192 212 224 203 200 239 219 199 187 194 211 214 194 196 209 229 221
256 257 276 292 309 313 323 340 343 354 348 363 372 360 361 362 365 369 383 386 366 354 354 355 336 338 353 356 329 328 304 274 266 248 232 213 225 196 185 188 167 163 159 152 142 141 142 152 121 112 110 110 123 110 124 163 207 252 133 116 115 118 125 121 126 126 129 157 130 145 142 142 143 153 162 170 182 194 204 225 237 215 203 204 191 178 200 204 198 199 202 203 217 225
239 265 283 326 342 362 357 344 335 342 343 366 376 376 363 371 382 375 381 374 358 350 354 343 332 334 326 317 337 310 282 262 257 259 233 199 200 184 171 159 153 147 158 159 147 121 116 119 126 117 109 109 114 109 110 124 139 156 115 111 119 118 126 128 133 129 163 189 140 178 144 147 150 167 164 172 181 192 204 222 236 218 215 194 185 175 207 207 192 205 208 208 208 223
260 266 296 343 351 364 361 359 359 375 366 407 385 384 385 395 404 393 380 373 354 350 354 355 325 320 323 327 319 295 278 272 268 269 229 192 181 180 172 159 150 140 138 147 139 123 116 107 105 105 106 102 107 104 101 109 104 106 107 115 128 135 145 142 143 146 168 198 147 206 158 145 160 178 169 172 178 190 202 216 217 205 207 195 181 180 194 198 194 208 217 215 210 213
304 289 301 366 396 381 365 353 368 408 431 394 395 395 391 396 403 402 385 366 353 340 349 353 332 307 315 318 297 290 289 295 289 242 223 210 188 181 179 176 167 144 130 126 121 117 112 115 105 105 103 102 100 106 116 116 112 132 115 126 213 294 206 175 164 159 197 209 158 173 167 159 179 175 175 178 178 190 204 218 210 198 193 186 180 181 198 201 201 215 218 221 215 218
258 269 278 343 357 352 351 343 340 344 374 377 389 370 367 370 372 415 365 346 335 317 315 316 308 299 296 293 283 283 304 316 298 232 222 204 190 182 190 178 172 176 128 121 124 124 119 116 109 101 102 100 99 99 117 139 121 158 125 163 345 409 229 196 178 167 205 223 184 182 186 177 230 180 178 199 195 191 200 213 205 194 188 185 183 186 201 222 211 206 215 220 222 225
259 257 299 330 329 334 348 348 336 329 330 363 359 350 381 382 356 359 325 316 309 305 308 312 299 289 287 283 285 298 322 322 291 248 238 222 217 199 180 165 193 196 148 118 107 103 120 111 105 95 92 93 96 95 100 114 157 171 117 159 192 213 203 194 203 183 218 234 207 182 204 194 251 191 179 187 191 197 206 208 193 191 188 185 189 189 212 217 209 205 207 213 229 229
284 286 339 334 327 332 350 349 342 330 322 325 328 340 387 367 346 319 314 306 297 293 296 291 287 288 287 289 304 331 335 324 272 268 266 254 246 235 215 206 191 167 151 118 108 104 105 96 89 86 90 92 99 97 103 107 120 157 130 146 183 203 202 204 215 196 211 240 186 185 212 235 218 181 179 184 193 196 213 206 198 192 193 192 202 196 227 214 203 203 207 208 221 236
322 327 346 337 331 330 334 336 332 333 326 327 332 340 369 336 305 304 300 288 284 287 289 292 298 299 301 306 327 353 346 346 294 278 275 280 267 259 245 247 247 239 163 124 105 103 85 81 83 92 101 95 96 103 108 113 125 127 138 147 159 189 214 222 226 215 223 259 239 198 225 288 212 196 191 186 198 205 232 223 226 214 204 205 208 215 212 205 205 207 215 219 217 223
314 303 352 344 330 327 329 330 330 330 325 324 318 309 305 296 293 288 286 278 281 290 296 302 309 317 318 330 356 380 367 367 306 291 291 298 291 282 267 274 270 242 142 129 109 99 100 100 96 103 124 117 98 95 104 107 114 120 121 134 146 161 174 202 240 229 253 280 278 213 289 247 216 216 212 197 215 223 238 227 219 211 205 205 200 199 202 205 205 211 219 223 224 218
311 301 328 352 340 328 327 327 326 330 331 330 320 311 298 291 283 280 279 280 289 300 307 311 318 330 336 380 404 407 401 370 292 319 315 318 307 296 293 306 250 154 129 124 119 119 122 134 127 117 135 133 111 110 127 142 141 138 145 144 145 151 170 196 240 251 284 295 312 288 329 290 245 234 246 241 210 215 213 206 204 202 199 197 198 201 207 207 200 204 213 224 233 229
310 304 306 352 345 336 325 323 325 329 336 340 332 318 296 288 282 281 280 283 299 309 317 321 331 342 365 433 443 434 415 350 267 312 327 335 315 310 320 246 158 132 125 142 162 166 162 161 145 141 144 153 132 121 124 148 162 167 168 169 168 167 160 192 232 281 296 290 305 297 311 308 246 228 234 226 208 206 207 200 198 199 199 207 202 205 207 200 209 210 205 218 235 244
314 303 300 331 352 342 328 323 322 323 327 335 323 305 296 291 289 289 289 290 309 311 324 334 344 359 414 458 469 456 432 356 280 238 227 217 254 320 285 156 142 133 125 192 188 175 177 180 172 163 154 162 153 142 139 148 161 167 173 188 184 159 181 195 230 268 269 275 284 277 287 317 244 218 215 211 207 207 203 209 209 213 216 223 209 203 201 210 214 214 200 211 228 241
325 312 307 310 353 354 335 325 323 318 321 317 308 304 299 299 297 298 283 301 305 329 343 349 362 379 463 478 490 492 467 356 325 241 216 204 195 190 168 153 147 145 164 224 208 193 186 188 198 187 168 171 173 153 148 158 165 175 185 194 184 175 176 218 253 254 257 262 284 267 263 293 229 245 235 225 218 209 205 213 217 220 221 214 205 203 208 213 218 223 205 202 212 232
332 320 314 307 354 353 340 328 324 321 321 320 312 309 312 303 295 298 292 277 316 334 351 365 388 423 484 501 509 517 480 380 349 273 225 204 190 179 168 162 163 165 175 237 232 215 198 192 200 201 184 169 174 161 156 171 176 188 195 205 197 205 202 244 247 240 252 258 281 294 276 252 313 353 333 329 238 217 216 223 220 213 209 208 208 209 211 217 222 217 213 204 213 213
334 329 316 324 369 361 361 354 333 327 326 326 321 315 313 316 306 287 291 282 331 344 361 383 419 451 493 510 520 528 484 422 374 325 227 207 194 189 182 172 180 180 197 246 242 233 218 200 205 202 195 180 180 169 170 185 183 201 219 233 229 241 230 228 229 236 243 254 261 268 257 301 308 315 326 347 307 231 230 230 219 212 219 220 212 212 214 218 216 217 224 202 209 214
339 332 351 388 378 364 363 356 344 339 331 335 332 327 318 291 284 272 240 297 316 339 367 395 432 459 493 516 527 542 518 472 389 308 237 217 208 205 191 190 198 206 195 233 271 258 230 198 196 202 208 207 206 195 192 200 200 239 243 255 234 236 219 218 219 229 235 248 245 260 288 280 277 291 304 324 338 292 237 225 219 221 228 228 224 219 226 223 222 223 232 208 210 214
341 328 379 393 386 373 366 363 358 354 350 343 335 331 331 325 326 305 239 282 258 330 377 396 441 474 493 523 538 547 539 514 424 338 243 227 217 189 201 210 212 225 229 205 274 262 235 208 193 194 203 211 220 209 204 209 216 237 244 221 221 210 208 209 213 217 227 238 268 297 282 263 266 289 283 292 320 312 262 249 234 235 236 229 223 229 229 229 225 231 234 205 220 212
338 329 374 393 388 396 399 384 364 365 363 355 346 337 332 338 339 316 241 241 265 363 390 413 448 475 499 520 545 559 550 533 462 339 256 243 219 202 220 218 227 239 238 228 225 261 229 200 189 188 192 199 204 196 204 214 226 240 231 208 205 198 200 203 207 216 239 275 307 288 266 252 260 266 276 290 312 321 320 335 279 295 255 235 231 237 236 234 228 229 219 204 215 217
340 336 354 394 387 397 404 376 349 370 368 361 356 348 338 337 341 314 231 254 297 280 302 381 419 476 504 526 547 570 564 548 440 319 273 258 246 194 219 235 246 236 239 241 218 254 216 188 180 179 184 187 195 195 198 204 210 217 201 198 193 191 194 207 223 242 251 262 264 255 255 241 252 271 290 301 308 324 330 317 331 336 344 278 247 246 245 240 235 234 214 206 212 219
345 340 350 404 409 415 449 397 330 365 373 364 340 354 347 333 335 325 249 238 223 219 236 262 314 447 497 523 539 564 573 562 504 349 296 280 207 224 247 242 240 239 242 248 241 226 206 179 178 174 176 183 200 209 194 198 209 199 188 188 185 191 221 241 257 258 232 239 240 226 235 253 256 272 291 296 321 339 322 302 303 314 327 337 305 286 250 232 226 223 214 207 212 220
348 340 338 384 431 454 415 378 318 362 375 354 277 339 351 311 260 236 231 260 323 333 282 257 335 411 489 512 533 556 572 571 569 439 365 306 225 234 259 249 245 246 248 254 241 223 198 182 182 171 170 186 208 211 192 195 198 199 183 181 180 210 222 239 247 228 224 222 221 240 258 287 277 278 283 305 318 329 329 306 286 299 313 329 351 372 278 231 227 226 216 208 211 224
329 338 332 315 325 397 401 328 316 379 377 325 259 274 306 251 237 249 239 328 330 294 254 291 386 379 414 446 493 540 553 565 570 547 438 340 249 219 270 260 251 246 244 236 216 214 195 183 180 171 170 177 196 192 189 189 189 188 183 176 182 199 212 226 234 213 210 222 235 253 281 281 271 270 281 293 308 310 287 290 320 330 338 335 337 339 301 238 235 226 213 210 215 229
345 324 304 312 289 401 412 302 327 325 332 263 250 248 252 275 231 269 333 343 339 245 259 339 339 264 227 310 473 513 524 525 542 544 439 228 187 197 251 269 254 239 229 213 201 215 197 181 181 173 171 175 195 182 183 184 181 183 179 176 187 206 218 220 213 202 221 239 246 260 281 269 260 270 290 290 290 281 281 301 332 338 351 326 317 320 318 236 229 227 225 211 220 230
321 342 278 314 270 361 350 290 293 276 269 265 260 281 340 297 291 241 325 354 355 285 261 244 264 202 221 310 455 327 396 516 518 465 496 321 233 206 210 273 255 231 215 197 195 205 195 181 174 176 173 172 169 168 174 177 175 183 168 177 192 202 201 212 202 208 221 228 242 266 275 254 255 272 268 260 267 276 312 321 311 318 324 307 293 323 299 239 233 243 233 215 220 235
247 260 247 275 241 284 266 233 278 327 277 328 256 334 359 327 304 269 248 305 353 369 325 241 324 301 193 252 258 232 374 472 425 364 504 474 263 203 179 245 243 199 198 195 196 190 187 176 163 178 174 174 168 166 169 166 167 167 165 175 177 179 202 207 195 208 219 228 242 259 257 247 262 257 250 256 276 299 302 298 284 300 302 279 284 304 304 244 240 233 228 219 219 237
270 230 244 263 222 225 280 290 323 384 297 316 335 365 358 350 313 335 250 279 322 358 359 342 383 367 197 188 197 236 303 390 410 441 462 446 278 176 177 272 240 215 193 188 186 178 178 169 154 157 166 168 160 160 164 158 158 162 172 176 176 181 180 187 204 215 228 242 250 242 243 249 245 245 257 269 274 279 287 283 274 293 277 286 270 273 285 249 245 235 229 222 218 232
319 247 230 213 199 262 350 344 375 364 353 338 372 368 364 355 337 343 308 274 332 343 353 360 371 373 351 263 217 284 373 403 412 439 395 300 198 164 190 291 234 204 196 190 182 178 176 166 152 150 146 152 155 156 157 177 182 170 177 180 188 194 206 206 214 222 236 244 234 235 244 236 240 256 268 271 264 265 262 268 310 283 281 287 260 250 244 239 233 229 227 226 225 236
329 238 246 270 242 375 384 355 418 382 381 368 376 370 363 358 349 347 344 318 317 338 343 348 360 367 376 383 342 382 411 415 418 415 282 224 170 202 288 320 247 221 200 197 194 183 172 161 150 149 153 167 168 171 184 201 201 176 180 186 192 203 216 223 223 230 238 229 229 238 230 230 244 264 272 259 263 271 263 273 278 264 274 275 257 251 246 244 241 234 232 240 225 243
249 198 243 349 291 418 389 389 410 400 384 376 377 371 362 359 351 349 348 334 334 329 335 338 356 367 363 370 378 394 404 418 427 410 297 242 304 395 398 341 263 241 226 215 202 187 173 160 150 154 152 158 179 193 195 203 213 202 193 191 204 206 216 231 232 225 222 232 232 230 224 235 248 253 260 254 263 278 261 271 259 294 299 328 298 275 264 252 244 240 232 240 228 243
250 208 181 295 320 394 383 425 410 406 390 378 373 372 364 359 355 352 350 340 336 332 337 333 337 361 362 361 381 390 396 403 418 441 444 411 396 381 366 349 295 237 229 219 203 185 174 161 153 155 154 156 187 192 205 214 219 226 228 221 212 226 219 212 214 215 228 240 230 225 235 243 247 243 249 261 266 263 250 269 281 275 308 331 321 277 260 251 244 240 238 240 229 241
306 238 198 240 306 380 385 435 420 407 392 378 375 369 363 358 356 354 349 342 340 331 333 337 336 338 360 358 384 397 398 404 414 426 446 447 396 357 345 323 320 309 266 213 197 175 167 163 154 154 156 157 179 192 199 217 227 229 227 228 234 241 210 206 216 237 247 231 219 232 245 244 241 236 252 264 249 248 274 262 274 277 289 317 334 300 263 256 248 247 243 248 235 245
313 231 185 252 396 418 422 430 417 405 393 377 372 368 360 355 352 352 351 347 339 331 331 332 338 339 348 353 371 390 398 400 406 428 437 438 431 404 393 394 393 373 359 335 252 184 172 163 153 153 159 157 166 199 199 210 220 217 219 226 234 218 204 210 225 247 236 216 226 243 246 245 241 247 245 244 253 266 284 300 306 312 322 336 338 326 276 260 254 249 251 253 242 250
267 224 185 269 417 405 458 426 421 407 397 373 369 362 356 353 348 349 348 344 335 332 335 335 333 343 343 348 360 376 382 384 388 403 414 416 410 410 405 396 380 354 333 333 262 189 179 169 161 156 163 161 161 181 203 205 206 209 218 217 209 200 209 224 230 218 214 213 232 251 236 229 231 232 231 257 266 274 286 297 304 304 318 333 306 323 291 263 259 256 259 269 268 255
