data/bioclim/bclim13.asc
NCOLS 300 
NROWS 196 
XLLCORNER -121.25 
YLLCORNER 31.1666666666667 
CELLSIZE 0.0416666666666667 
NODATA_value -32768 
[rows 0 to 50 of 196, columns 192 to 287 of 300]
27 25 24 24 24 24 24 23 24 24 24 24 25 25 25 25 26 26 27 28 30 35 41 46 55 50 37 35 36 39 37 33 32 36 41 41 36 32 30 31 34 41 59 65 58 50 42 39 48 44 48 40 35 30 28 27 28 28 28 28 29 29 29 30 29 26 25 24 23 23 27 30 31 29 27 25 23 26 36 38 41 43 45 48 45 42 40 41 43 44 39 34 33 32 32 32
25 25 24 24 24 24 23 23 24 24 24 24 25 25 25 26 26 26 27 28 30 34 38 46 48 44 35 34 37 43 39 34 31 32 36 35 35 30 31 32 40 47 62 66 61 54 43 38 41 39 32 30 30 28 27 26 27 28 29 30 31 32 32 32 29 27 25 25 23 23 24 27 26 28 29 26 24 26 28 31 39 46 47 47 46 44 43 45 43 38 37 37 34 32 30 29
25 24 24 25 24 23 23 23 23 24 24 24 25 25 25 26 26 27 27 28 30 33 35 37 39 39 35 34 37 41 36 33 30 30 32 32 31 29 31 38 46 54 65 61 58 49 50 41 50 46 41 30 27 27 26 26 27 28 28 32 35 37 37 38 35 28 26 25 25 23 24 26 24 25 28 27 23 26 28 31 34 39 46 49 45 47 45 46 42 38 34 33 33 32 30 28
24 23 23 24 24 23 23 23 23 24 24 24 25 25 25 26 26 27 27 28 30 32 34 36 37 37 41 38 37 39 35 33 30 29 30 30 29 29 34 45 51 58 65 55 45 41 43 40 44 41 34 29 27 26 26 26 26 27 28 27 29 33 38 37 30 27 26 26 26 24 27 31 29 28 24 24 25 27 28 30 33 37 43 48 44 46 46 42 36 34 31 31 30 30 28 27
23 22 22 23 23 23 23 23 23 24 24 24 25 25 26 26 27 27 28 29 31 32 34 35 36 37 42 47 35 37 35 32 29 28 28 28 28 29 36 46 48 57 64 55 51 50 43 35 44 41 30 27 27 26 26 26 25 26 27 28 29 30 31 31 30 28 26 26 25 23 23 30 30 29 27 23 27 29 31 32 32 34 39 42 44 42 39 40 39 35 31 29 28 27 27 27
22 22 22 22 22 22 23 23 24 24 24 24 25 25 26 26 28 29 29 30 31 33 34 36 36 38 49 46 34 35 35 31 29 27 27 27 27 28 31 34 42 52 61 62 54 56 50 39 34 30 28 27 27 26 26 26 26 25 27 29 28 29 31 33 32 31 28 25 24 23 22 25 30 24 22 23 25 25 27 30 33 36 35 38 38 39 35 33 32 33 31 29 28 28 27 27
21 21 21 21 22 22 23 25 28 27 25 25 25 26 26 28 29 31 31 31 33 34 36 37 36 40 55 43 33 36 38 31 28 27 26 26 27 31 42 45 52 62 56 48 44 47 53 48 40 30 28 27 27 28 27 27 26 27 29 30 28 26 26 28 30 32 28 25 23 23 22 23 25 22 22 22 24 25 28 31 33 35 33 36 34 36 36 30 28 28 28 27 27 27 27 27
21 21 21 21 22 22 25 32 28 27 25 25 26 27 28 29 30 31 32 32 35 36 38 37 38 46 59 46 33 33 33 29 27 26 26 26 27 32 39 49 51 59 59 53 47 44 42 41 40 33 29 28 28 28 27 26 27 28 29 31 28 27 27 26 27 26 24 25 23 22 21 21 21 21 21 22 23 24 27 27 29 29 30 32 31 31 31 30 28 28 27 27 27 27 27 27
21 21 21 21 22 24 31 35 28 27 26 26 27 28 29 30 31 32 33 34 36 38 39 37 40 51 58 50 37 31 29 27 26 25 26 27 34 39 43 45 43 48 52 48 45 46 46 38 30 29 29 29 29 28 27 27 28 30 30 30 29 29 29 29 29 27 24 24 22 22 21 21 21 21 22 22 23 23 24 26 26 27 27 28 28 28 28 28 27 27 27 27 27 27 27 26
21 21 21 21 22 28 32 32 29 28 27 27 28 29 30 31 32 33 33 34 36 39 38 37 40 52 55 47 41 31 28 26 25 25 26 29 29 34 40 39 39 40 43 46 45 41 35 33 28 28 29 29 28 28 27 29 31 30 31 32 30 31 31 32 32 30 27 24 21 21 22 21 21 21 22 22 23 23 24 25 25 26 26 26 27 27 27 27 27 27 27 27 27 27 27 27
21 21 21 22 24 33 34 33 32 29 28 28 29 30 31 33 33 34 34 35 38 38 39 48 50 47 47 43 37 31 26 25 24 25 27 28 26 31 32 37 34 38 43 43 38 32 29 28 27 29 32 28 28 28 29 31 34 32 34 35 33 33 33 34 34 32 29 23 22 21 21 21 21 21 22 22 23 23 24 24 25 25 26 26 27 27 27 27 27 27 27 27 27 27 27 27
21 21 21 23 27 34 35 35 32 29 28 29 30 30 32 33 33 34 35 36 38 38 47 56 60 50 41 37 34 26 25 25 25 27 31 33 32 41 38 41 35 38 44 44 39 33 27 27 28 28 29 27 26 27 30 34 35 36 36 36 35 34 34 33 33 32 27 21 21 21 22 22 21 22 22 22 23 23 24 25 25 25 26 27 27 27 27 27 27 28 29 28 28 28 28 27
21 21 21 23 27 32 34 29 29 28 29 30 30 31 32 33 33 34 36 38 38 40 50 58 50 43 36 31 26 25 24 25 30 29 34 38 37 43 47 45 40 40 44 42 31 29 28 28 27 26 26 25 26 29 33 36 36 38 36 36 35 35 34 33 31 31 25 21 21 21 22 22 22 21 22 22 23 23 24 25 25 25 26 26 27 28 29 28 28 28 29 30 30 29 28 28
21 21 22 23 28 29 29 28 28 30 31 31 32 32 34 34 34 36 37 37 36 38 48 47 45 37 31 26 25 24 24 28 35 34 33 38 44 54 55 53 51 46 41 40 33 32 30 29 28 26 25 25 27 31 34 33 31 34 35 35 34 33 32 30 29 25 22 21 22 21 21 22 22 22 22 22 22 23 24 24 25 26 26 26 27 28 28 28 29 28 29 30 32 31 29 31
21 21 22 25 28 27 27 28 29 33 32 33 35 34 35 35 35 37 39 44 39 36 40 43 43 36 28 25 24 25 28 36 37 36 37 45 52 58 65 62 57 51 45 44 37 34 30 28 26 26 25 25 28 30 29 28 31 34 34 34 33 31 30 27 26 23 23 22 22 21 21 21 21 22 22 22 23 23 24 25 26 27 27 26 27 27 28 29 28 28 29 31 30 28 30 35
22 23 24 27 26 26 27 28 29 31 32 35 37 36 37 36 37 42 46 45 46 47 50 48 38 31 26 25 26 34 43 45 41 38 37 51 60 58 63 57 58 57 51 46 40 37 31 28 27 26 25 26 26 27 25 29 32 33 33 31 30 29 28 27 24 23 23 22 22 22 22 22 23 23 23 23 23 24 25 26 27 28 27 28 28 27 27 28 29 30 29 29 29 29 33 34
26 28 31 26 26 26 27 28 29 31 33 34 35 36 36 37 38 47 50 43 46 52 51 40 28 26 25 25 39 55 58 54 43 39 38 51 60 61 59 53 58 60 51 44 41 32 28 28 28 26 27 28 29 29 25 28 31 30 29 27 28 26 25 25 24 24 24 23 23 23 23 24 24 24 24 24 23 24 25 26 27 27 28 28 28 28 28 28 28 30 30 31 30 32 34 41
38 32 28 27 26 26 27 28 29 32 37 33 34 35 36 35 38 43 46 43 43 41 37 31 26 27 25 30 42 60 63 58 44 39 40 55 72 57 53 53 53 55 52 42 36 30 28 28 27 26 28 29 29 28 24 26 28 27 26 26 24 24 25 25 24 25 25 24 24 24 25 25 24 24 24 24 24 24 25 26 28 29 30 29 29 28 28 28 28 29 30 33 34 33 37 43
40 32 30 28 26 27 27 28 30 34 41 35 34 36 39 36 43 55 46 40 39 33 36 33 32 29 31 45 53 55 57 52 42 36 46 61 61 54 57 50 49 49 50 40 34 31 29 28 29 28 26 28 30 31 27 25 24 23 24 24 24 23 23 24 25 25 26 25 25 25 25 25 25 25 25 26 24 24 25 27 28 30 32 33 31 29 27 28 28 29 30 32 36 43 44 58
37 33 35 32 27 27 28 29 31 35 46 43 37 37 38 37 50 62 54 48 47 49 50 35 36 36 42 53 64 59 54 46 38 37 46 55 54 55 51 47 45 47 56 47 38 32 30 29 29 28 27 27 29 30 28 23 22 21 22 22 23 22 23 24 25 26 28 27 27 28 27 26 26 26 26 26 25 24 25 27 28 30 32 33 33 28 27 28 29 31 30 32 37 45 53 62
36 32 32 30 28 27 28 30 32 36 47 51 48 47 46 41 54 62 58 55 66 58 48 40 31 36 46 60 59 55 50 42 36 40 49 50 50 48 46 42 43 50 59 52 40 33 32 31 29 27 26 25 25 24 23 22 22 22 21 21 22 22 23 24 25 26 27 27 28 28 28 27 27 26 27 27 25 24 25 26 27 28 31 27 29 27 28 29 30 31 33 32 34 41 49 63
33 31 30 29 29 28 28 30 33 38 53 52 45 46 40 42 53 56 59 63 72 66 49 37 31 34 41 50 58 55 47 39 36 45 47 46 45 42 39 39 42 57 67 56 42 35 31 30 30 28 26 25 26 26 24 23 23 23 21 21 21 21 22 23 24 25 26 26 27 28 29 28 26 27 29 26 25 23 25 27 27 31 29 27 27 27 28 31 31 32 33 33 35 39 48 66
33 33 34 31 28 28 29 31 34 41 54 48 38 39 37 38 50 56 61 70 77 71 63 44 33 32 36 47 55 58 48 38 40 50 48 47 45 41 37 37 43 55 63 54 43 38 35 31 28 28 27 26 25 24 26 25 22 22 21 21 21 20 20 22 23 23 24 25 26 28 29 28 27 28 31 28 24 23 24 25 30 31 28 27 27 30 32 32 32 32 32 34 36 41 50 66
35 35 36 30 28 29 29 32 37 46 54 39 35 36 36 38 44 53 57 64 70 77 60 50 37 33 34 41 54 52 42 38 47 53 49 48 46 44 40 38 39 44 47 44 40 39 37 35 31 27 26 26 24 23 23 22 22 21 21 21 21 21 21 21 21 22 23 24 26 29 30 30 28 29 31 24 24 24 24 24 27 30 27 26 27 28 31 34 34 32 33 34 35 38 43 50
34 33 31 28 28 29 30 35 49 51 41 34 34 36 36 38 42 56 62 59 60 68 57 47 37 36 38 44 54 47 39 39 54 56 53 50 47 46 43 41 38 38 39 37 35 33 33 32 30 29 26 25 24 24 26 23 22 23 22 22 22 21 21 22 23 21 23 25 28 30 31 31 29 30 31 25 28 25 25 25 27 29 27 26 27 28 29 34 35 35 34 35 36 38 40 42
32 30 29 28 29 30 31 34 39 43 35 34 34 35 35 38 43 52 55 59 63 64 51 44 35 36 47 50 54 44 37 39 55 57 54 50 49 48 46 43 42 45 42 38 37 36 36 33 30 30 26 25 23 24 25 23 23 23 23 23 22 23 22 23 22 22 22 24 27 29 31 33 32 33 30 30 30 26 26 25 26 27 26 27 28 31 35 35 36 35 34 35 36 38 39 41
30 29 29 29 30 31 32 33 34 36 34 35 35 36 36 39 45 53 57 62 66 59 46 40 36 35 42 47 52 42 36 42 56 56 53 51 50 50 49 47 53 62 56 49 41 40 42 40 33 33 27 26 24 26 25 24 24 25 25 25 24 24 23 22 23 26 22 23 25 27 31 33 32 32 35 30 26 26 26 26 26 27 26 28 28 29 31 33 34 36 35 35 35 36 38 42
29 29 30 30 31 32 33 34 37 40 40 40 39 41 40 43 45 50 55 64 65 51 41 35 35 38 40 41 40 39 38 46 56 57 53 54 53 54 53 52 59 70 68 64 54 47 43 41 38 32 31 27 25 26 27 27 26 30 32 29 28 25 23 23 24 26 26 21 26 28 29 28 27 31 34 29 29 27 27 26 26 27 28 28 29 29 29 33 34 34 36 36 36 36 37 39
30 31 32 33 33 34 34 38 41 44 49 46 45 45 43 42 44 48 54 57 52 47 40 37 38 46 54 54 45 38 39 45 54 56 55 56 56 58 58 56 66 72 72 70 70 61 46 39 37 36 34 29 25 27 28 30 31 41 51 45 38 27 25 24 23 24 24 23 22 23 27 28 29 30 34 30 28 27 27 26 27 29 29 29 29 31 30 31 37 35 36 37 37 37 37 38
30 34 37 37 38 41 41 41 44 46 50 52 45 41 40 43 46 48 51 52 51 46 45 42 44 51 60 55 47 41 39 42 47 54 58 58 60 61 61 60 70 72 71 71 66 58 48 41 38 36 34 30 26 28 28 30 34 47 63 52 38 31 26 24 24 24 24 22 21 25 26 27 30 32 34 31 27 25 25 27 29 30 30 30 30 32 31 32 34 38 36 37 37 37 37 39
31 35 37 37 40 41 41 41 42 44 46 44 39 38 42 47 48 52 52 49 48 43 48 50 52 62 61 54 49 45 41 44 54 57 61 62 64 63 65 65 70 70 64 65 69 64 53 42 39 37 34 28 27 28 30 30 35 45 59 56 38 30 26 24 24 25 27 27 20 22 24 26 28 31 29 28 26 27 30 31 32 31 33 31 32 32 33 33 33 38 38 37 38 37 40 41
31 33 34 37 40 39 39 39 42 43 40 38 37 39 48 48 51 49 50 48 44 42 49 57 63 65 59 55 49 46 43 47 57 63 60 62 63 62 61 65 67 62 54 55 58 58 51 42 40 39 38 31 28 29 32 32 35 38 45 45 36 29 26 24 23 23 23 26 21 23 26 31 32 29 28 27 25 30 32 34 36 35 35 33 34 34 34 34 36 38 40 38 42 40 43 44
32 32 34 37 37 37 38 38 42 42 38 37 37 42 48 52 51 48 47 45 42 43 49 57 63 62 58 54 51 48 45 50 60 66 64 64 63 59 53 55 54 54 48 45 47 45 42 39 36 35 35 35 29 32 33 35 35 36 49 49 36 29 26 24 23 23 22 25 20 23 28 30 28 28 27 29 29 31 34 34 36 38 39 36 36 36 39 37 41 40 40 44 45 43 43 43
32 33 34 35 36 36 36 38 40 37 37 37 40 46 53 51 54 51 46 43 42 44 49 54 59 60 56 53 48 46 46 54 65 68 62 62 63 53 48 47 46 44 44 42 39 39 38 36 34 33 35 37 30 31 30 30 30 33 48 52 39 35 31 26 23 23 22 23 21 21 24 27 27 27 31 31 34 37 37 37 36 38 41 41 41 40 37 43 57 47 47 48 46 44 43 42
33 34 34 34 35 35 37 38 37 37 37 38 45 49 51 56 53 48 45 43 43 45 50 55 60 59 57 52 48 46 47 55 65 68 57 51 54 47 44 44 41 40 40 38 37 35 35 35 31 32 35 36 32 27 28 28 27 28 33 36 42 55 38 28 22 21 22 20 19 20 22 24 26 26 31 34 37 40 40 42 42 43 49 50 45 44 43 44 52 55 58 53 48 45 43 42
34 35 35 34 34 35 39 37 37 38 39 45 52 55 56 58 54 49 46 43 44 45 49 54 59 56 54 50 48 47 49 53 60 62 54 46 45 44 41 44 39 38 37 36 35 33 32 35 29 32 35 36 33 27 27 27 25 24 25 28 34 39 30 25 22 20 21 21 19 21 23 23 26 26 29 33 36 40 41 44 45 51 51 53 48 47 47 50 60 62 71 61 49 45 43 42
36 36 35 34 35 35 37 38 40 45 46 51 57 63 61 58 56 50 47 44 44 46 50 52 56 54 51 49 47 48 50 54 60 51 46 45 43 41 39 39 39 37 35 33 33 31 30 32 30 30 32 34 36 30 25 25 23 22 23 25 25 26 26 26 28 23 19 19 19 20 22 24 26 29 31 36 34 37 40 44 43 45 52 53 45 46 45 47 59 60 63 59 49 45 43 40
36 37 35 35 35 36 41 46 49 53 51 55 62 63 60 56 52 52 51 48 46 46 49 52 53 51 50 49 47 49 51 56 66 57 47 44 42 39 37 36 37 36 34 32 31 29 28 29 30 31 31 32 34 32 25 25 23 21 21 23 22 23 27 29 26 21 20 19 20 22 25 23 26 29 32 35 40 45 42 49 49 43 47 53 43 40 40 40 45 48 50 49 46 43 42 39
38 36 35 35 36 42 54 58 55 61 63 67 64 60 56 55 57 54 52 49 46 46 50 51 51 50 48 48 49 50 52 56 64 57 47 44 42 41 40 37 34 34 34 33 32 31 28 27 29 31 28 30 30 32 29 24 24 22 21 22 22 22 27 30 21 20 21 18 20 24 27 25 25 28 31 34 37 43 47 43 49 47 51 51 43 37 35 38 42 43 42 43 43 42 40 39
40 38 36 36 38 44 54 62 64 71 78 73 65 59 57 55 53 52 51 48 46 48 54 53 50 49 49 47 46 45 48 51 58 50 46 45 45 41 40 38 33 31 31 31 31 31 28 26 26 27 29 29 26 29 33 26 23 22 21 23 20 20 21 22 22 20 19 20 20 22 24 27 26 26 29 31 34 40 46 49 52 50 51 45 41 35 34 36 38 40 38 38 39 39 39 38
41 39 38 39 43 51 48 53 56 63 75 70 64 60 56 53 54 53 49 46 47 51 55 53 51 51 49 45 42 42 44 47 46 46 50 49 46 43 39 41 36 33 30 29 28 27 26 26 26 24 25 27 25 27 31 31 21 21 19 20 18 19 19 20 19 18 19 23 21 20 22 27 32 32 27 30 33 39 38 41 49 53 46 42 44 35 33 34 35 37 37 37 37 38 37 37
43 41 41 42 52 64 62 57 60 70 74 69 65 60 56 53 51 50 48 48 50 56 58 54 54 52 48 43 41 43 42 43 44 47 53 51 46 43 42 42 42 40 34 29 28 26 27 29 28 23 23 24 24 26 30 32 22 19 17 17 17 17 18 18 18 19 20 24 26 21 23 26 32 35 31 29 32 33 35 38 42 48 45 38 38 34 33 32 34 35 36 35 36 37 36 35
45 44 44 55 64 66 60 63 60 66 70 66 63 61 57 54 52 49 48 49 54 60 57 55 54 48 45 43 40 39 40 42 44 47 46 44 45 44 40 41 39 37 33 29 27 26 25 25 24 23 23 23 23 25 27 30 25 18 17 16 17 17 17 17 19 21 23 24 26 27 22 26 25 26 30 34 37 33 35 37 38 40 41 37 33 32 32 32 32 34 34 34 35 35 36 34
47 46 50 58 66 63 60 55 54 57 63 63 62 60 57 54 52 50 49 52 58 60 56 56 50 46 44 41 38 37 38 38 40 42 43 40 42 43 40 39 37 36 36 33 32 27 25 25 26 24 24 22 21 22 24 25 27 19 16 16 16 17 17 18 19 21 22 24 24 25 28 28 26 28 28 31 31 32 34 35 36 36 35 34 33 31 30 32 32 33 33 33 34 34 35 34
49 48 54 51 58 63 56 54 51 55 54 54 59 59 56 54 52 50 52 53 56 60 58 57 54 47 43 40 39 36 36 38 39 40 39 37 39 40 38 38 39 36 34 36 37 36 28 23 22 21 21 21 21 20 21 22 23 24 19 16 16 16 17 18 19 20 21 23 26 28 30 32 30 26 27 27 29 31 33 35 36 35 33 32 32 30 29 32 31 31 32 32 33 33 33 33
49 48 50 49 57 54 54 45 49 53 49 49 55 58 55 51 50 48 48 50 58 59 59 55 49 46 44 42 39 38 40 38 39 38 36 34 34 36 35 34 35 35 35 34 32 33 35 30 22 20 19 19 20 19 18 20 21 22 21 17 17 16 17 18 19 21 23 24 27 28 29 28 25 24 25 27 29 31 34 36 36 33 32 30 30 29 29 30 31 30 31 31 31 33 32 32
49 49 48 53 57 51 46 44 47 45 46 49 51 52 51 47 47 49 46 48 54 53 52 48 46 43 44 45 40 35 40 37 38 36 32 33 33 33 33 32 30 30 31 32 31 29 32 36 32 22 20 19 19 19 18 17 19 19 21 18 16 18 17 18 20 21 23 25 27 28 26 22 22 24 25 28 30 32 34 36 35 33 31 30 28 28 28 29 29 29 30 30 31 32 32 31
50 49 49 49 52 50 46 44 43 44 48 50 48 47 47 44 46 48 46 46 47 46 46 45 43 43 42 42 39 34 35 35 36 34 33 31 33 34 34 33 29 25 27 28 32 32 27 35 39 36 26 19 18 18 17 16 17 17 20 18 17 18 19 19 20 22 23 25 25 24 21 21 22 23 25 27 29 32 34 35 34 31 30 29 28 27 28 28 28 29 29 29 30 31 31 31
49 50 48 48 48 47 48 44 44 47 52 49 46 43 44 43 44 44 44 45 44 43 42 42 41 44 41 40 35 35 33 33 32 35 34 30 33 34 33 31 28 25 23 24 27 27 24 29 32 37 40 27 19 17 17 16 16 16 17 17 18 19 20 22 22 22 23 20 20 19 20 21 22 23 24 26 29 32 32 34 30 28 28 28 28 27 27 28 28 28 28 28 28 30 29 30
47 50 47 47 47 46 46 45 46 47 47 44 43 45 45 45 44 43 44 43 41 41 42 44 43 39 38 38 38 36 31 31 30 32 32 26 29 32 29 24 24 26 24 20 24 22 18 22 18 22 35 40 31 20 17 17 17 16 18 19 19 17 18 22 25 20 18 18 18 19 20 21 22 24 25 25 26 28 31 30 27 26 26 28 28 27 27 27 27 27 27 28 28 28 28 29
46 46 46 47 46 45 44 44 45 43 43 43 44 45 45 47 44 43 44 44 42 41 42 45 44 40 38 38 39 32 29 27 30 28 29 27 25 26 25 22 21 23 24 21 18 20 16 16 20 16 25 37 37 34 21 16 16 17 18 19 18 17 17 17 18 17 22 18 18 20 21 21 23 24 26 28 25 25 29 27 26 25 26 27 27 26 26 27 29 28 28 28 28 28 29 28
