data/bioclim/bclim6.asc
NCOLS 300 
NROWS 196 
XLLCORNER -121.25 
YLLCORNER 31.1666666666667 
CELLSIZE 0.0416666666666667 
NODATA_value -32768 
[rows 0 to 47 of 196, columns 192 to 287 of 300]
-110 -107 -105 -105 -105 -103 -103 -102 -102 -102 -103 -103 -103 -104 -104 -104 -102 -99 -97 -95 -93 -99 -111 -119 -130 -125 -107 -106 -109 -114 -111 -106 -105 -113 -127 -128 -121 -108 -107 -109 -123 -138 -149 -152 -149 -145 -137 -132 -143 -138 -141 -131 -124 -125 -127 -127 -126 -126 -125 -124 -124 -123 -122 -120 -121 -123 -123 -123 -124 -124 -120 -117 -116 -118 -120 -121 -123 -120 -117 -118 -120 -122 -124 -128 -125 -122 -120 -121 -123 -123 -119 -116 -115 -115 -114 -114
-108 -106 -105 -104 -104 -103 -103 -102 -102 -102 -103 -103 -103 -103 -104 -103 -101 -99 -97 -95 -94 -97 -105 -120 -123 -118 -107 -108 -112 -123 -119 -110 -106 -109 -117 -116 -117 -107 -106 -116 -135 -142 -150 -153 -151 -147 -138 -130 -133 -130 -124 -124 -125 -126 -127 -127 -127 -125 -125 -122 -121 -120 -119 -119 -121 -122 -122 -122 -123 -123 -122 -119 -120 -118 -117 -119 -120 -118 -116 -115 -118 -125 -125 -125 -124 -123 -122 -123 -121 -117 -117 -116 -114 -112 -112 -111
-107 -106 -105 -106 -105 -104 -102 -102 -102 -102 -102 -103 -103 -103 -102 -101 -100 -98 -97 -95 -94 -95 -99 -105 -110 -112 -108 -109 -114 -123 -115 -111 -107 -107 -110 -111 -108 -107 -114 -132 -142 -147 -152 -151 -149 -144 -144 -134 -143 -139 -132 -124 -127 -128 -128 -127 -126 -125 -124 -121 -119 -118 -118 -118 -117 -120 -122 -122 -122 -122 -122 -119 -120 -120 -116 -116 -120 -117 -115 -114 -114 -116 -124 -127 -122 -125 -123 -124 -120 -116 -113 -112 -112 -111 -110 -109
-106 -105 -104 -105 -105 -103 -103 -102 -102 -102 -102 -102 -103 -101 -101 -100 -98 -97 -96 -94 -94 -94 -96 -103 -106 -108 -118 -115 -114 -121 -113 -113 -108 -108 -110 -109 -109 -110 -125 -140 -144 -149 -153 -148 -140 -134 -135 -131 -136 -132 -125 -124 -126 -128 -128 -127 -126 -125 -124 -123 -122 -120 -119 -118 -119 -120 -120 -120 -120 -121 -119 -115 -116 -116 -119 -118 -117 -115 -114 -113 -113 -114 -119 -125 -120 -123 -122 -119 -113 -111 -110 -109 -109 -108 -107 -107
-106 -103 -103 -103 -103 -102 -102 -102 -102 -102 -101 -101 -101 -100 -100 -99 -98 -97 -95 -94 -93 -94 -95 -98 -103 -110 -122 -129 -113 -119 -117 -113 -108 -109 -109 -109 -109 -113 -129 -141 -143 -149 -153 -148 -145 -143 -135 -126 -135 -131 -123 -124 -126 -126 -126 -125 -125 -125 -124 -122 -121 -120 -119 -118 -118 -119 -120 -120 -119 -121 -120 -115 -114 -115 -116 -118 -114 -112 -112 -111 -111 -111 -114 -117 -119 -118 -114 -116 -114 -111 -108 -107 -106 -105 -105 -105
-104 -102 -101 -101 -102 -101 -101 -102 -103 -102 -101 -100 -100 -99 -98 -97 -97 -96 -94 -93 -93 -93 -94 -97 -103 -114 -133 -130 -112 -118 -118 -113 -110 -109 -109 -110 -110 -114 -121 -127 -137 -146 -151 -152 -147 -149 -142 -130 -124 -122 -122 -123 -124 -125 -125 -125 -124 -124 -123 -121 -121 -120 -119 -117 -117 -117 -118 -119 -119 -120 -120 -117 -114 -117 -118 -117 -114 -113 -111 -110 -110 -112 -111 -113 -113 -113 -110 -108 -108 -108 -106 -104 -103 -103 -103 -103
-102 -101 -101 -101 -101 -101 -101 -105 -106 -105 -101 -100 -99 -98 -97 -96 -96 -95 -93 -92 -92 -92 -94 -98 -106 -120 -139 -128 -112 -121 -127 -115 -110 -108 -109 -111 -112 -122 -137 -140 -147 -152 -149 -142 -137 -139 -145 -140 -130 -122 -121 -122 -123 -123 -123 -123 -123 -123 -121 -120 -120 -121 -121 -119 -117 -116 -117 -119 -119 -119 -119 -118 -116 -118 -117 -116 -114 -112 -110 -109 -109 -110 -109 -110 -109 -110 -109 -105 -103 -102 -102 -101 -101 -101 -101 -101
-102 -101 -101 -101 -101 -102 -105 -111 -106 -104 -101 -100 -99 -97 -96 -95 -94 -93 -92 -91 -91 -91 -95 -100 -113 -131 -145 -133 -114 -117 -121 -113 -109 -108 -110 -111 -115 -124 -133 -144 -145 -150 -150 -146 -140 -135 -134 -132 -130 -123 -121 -121 -121 -121 -122 -122 -122 -121 -120 -119 -120 -120 -119 -119 -118 -118 -118 -118 -118 -118 -118 -118 -118 -117 -117 -115 -113 -111 -109 -108 -107 -106 -106 -106 -105 -105 -104 -102 -100 -100 -100 -99 -99 -99 -99 -99
-101 -100 -100 -100 -101 -104 -111 -113 -106 -103 -100 -99 -98 -97 -96 -94 -93 -92 -91 -90 -90 -90 -93 -102 -121 -137 -144 -139 -124 -115 -113 -110 -108 -108 -113 -116 -126 -133 -138 -140 -137 -142 -145 -141 -137 -137 -137 -128 -120 -120 -120 -120 -120 -120 -121 -121 -120 -119 -119 -119 -119 -118 -118 -117 -117 -117 -118 -117 -118 -117 -117 -117 -117 -116 -115 -114 -112 -111 -109 -107 -105 -104 -103 -102 -101 -100 -99 -99 -98 -98 -97 -97 -97 -97 -96 -97
-102 -101 -101 -100 -102 -108 -112 -111 -106 -103 -101 -99 -98 -96 -95 -93 -92 -91 -90 -89 -88 -90 -97 -107 -122 -139 -143 -138 -133 -119 -114 -107 -107 -109 -114 -119 -120 -126 -134 -133 -133 -133 -136 -139 -137 -132 -125 -123 -119 -119 -119 -119 -119 -119 -119 -119 -119 -119 -118 -118 -118 -117 -116 -116 -115 -115 -116 -117 -117 -116 -116 -116 -115 -114 -113 -112 -110 -109 -107 -105 -104 -103 -101 -100 -99 -98 -97 -97 -96 -96 -95 -95 -95 -95 -94 -95
-102 -101 -101 -101 -104 -113 -113 -112 -108 -103 -100 -99 -98 -96 -95 -94 -92 -90 -89 -88 -88 -96 -116 -132 -138 -136 -138 -136 -129 -119 -108 -105 -107 -111 -116 -119 -115 -122 -125 -131 -127 -131 -136 -136 -130 -123 -118 -117 -117 -118 -120 -118 -118 -118 -118 -118 -118 -118 -117 -117 -117 -116 -115 -115 -114 -114 -115 -116 -116 -115 -115 -114 -114 -113 -111 -110 -109 -107 -106 -104 -103 -101 -100 -98 -97 -96 -95 -95 -94 -94 -93 -93 -93 -93 -93 -93
-101 -100 -101 -103 -107 -113 -114 -112 -108 -104 -100 -99 -97 -95 -94 -93 -90 -89 -88 -87 -89 -107 -132 -142 -147 -140 -132 -129 -124 -107 -104 -107 -112 -115 -122 -126 -124 -136 -133 -135 -128 -132 -137 -136 -130 -123 -117 -116 -117 -117 -117 -116 -116 -117 -118 -118 -118 -118 -118 -117 -116 -115 -115 -114 -114 -113 -114 -115 -115 -114 -114 -113 -112 -111 -110 -109 -107 -106 -104 -102 -101 -100 -98 -97 -96 -95 -94 -93 -92 -92 -92 -92 -92 -91 -91 -91
-101 -101 -101 -104 -107 -111 -112 -107 -104 -102 -101 -99 -97 -95 -95 -93 -90 -89 -88 -86 -91 -119 -136 -145 -140 -135 -125 -118 -106 -102 -103 -110 -120 -118 -127 -134 -132 -138 -142 -140 -134 -133 -137 -134 -121 -117 -115 -116 -115 -114 -114 -114 -115 -116 -118 -119 -118 -118 -117 -116 -115 -115 -114 -114 -113 -113 -115 -115 -114 -113 -112 -112 -111 -110 -108 -107 -106 -104 -103 -101 -100 -98 -97 -95 -95 -94 -94 -92 -91 -90 -91 -93 -91 -90 -90 -90
-101 -101 -101 -104 -109 -109 -108 -105 -103 -103 -103 -101 -99 -98 -96 -94 -91 -93 -92 -94 -101 -115 -136 -136 -136 -127 -117 -104 -100 -101 -105 -116 -128 -128 -126 -133 -140 -148 -148 -146 -145 -139 -134 -132 -122 -120 -118 -116 -114 -113 -112 -112 -114 -116 -117 -116 -115 -116 -116 -115 -115 -114 -114 -113 -113 -114 -114 -114 -113 -112 -111 -111 -109 -108 -107 -105 -104 -103 -101 -99 -98 -97 -95 -94 -93 -92 -92 -91 -90 -89 -90 -92 -93 -92 -90 -91
-101 -101 -102 -105 -108 -106 -105 -104 -105 -107 -104 -103 -106 -101 -100 -97 -95 -104 -114 -124 -119 -114 -126 -133 -134 -125 -109 -99 -99 -106 -113 -129 -131 -131 -132 -141 -146 -151 -155 -153 -149 -143 -137 -136 -128 -122 -117 -114 -111 -110 -110 -111 -113 -114 -114 -114 -114 -115 -115 -114 -114 -113 -113 -114 -113 -114 -114 -113 -112 -111 -110 -109 -108 -107 -106 -104 -103 -101 -100 -98 -98 -97 -95 -93 -91 -90 -90 -90 -88 -87 -88 -92 -90 -86 -89 -98
-104 -105 -106 -108 -106 -104 -104 -105 -104 -105 -104 -106 -109 -106 -107 -105 -107 -118 -127 -126 -130 -134 -138 -139 -128 -114 -101 -99 -107 -123 -137 -141 -137 -133 -133 -146 -153 -151 -154 -149 -150 -148 -143 -138 -131 -126 -116 -111 -110 -109 -109 -110 -110 -111 -111 -113 -114 -114 -114 -113 -113 -113 -113 -113 -114 -113 -113 -112 -111 -110 -109 -108 -107 -106 -104 -103 -102 -100 -99 -98 -97 -97 -94 -93 -92 -89 -87 -88 -88 -89 -87 -87 -85 -86 -94 -95
-109 -110 -112 -107 -105 -104 -104 -104 -103 -104 -105 -105 -107 -107 -108 -109 -112 -126 -132 -125 -131 -140 -141 -130 -106 -98 -97 -103 -131 -150 -152 -149 -140 -135 -133 -146 -153 -153 -151 -146 -149 -150 -142 -135 -130 -117 -110 -109 -110 -108 -109 -110 -111 -111 -110 -111 -112 -112 -112 -112 -112 -112 -113 -113 -113 -112 -112 -111 -110 -109 -108 -107 -106 -105 -103 -102 -100 -99 -98 -97 -96 -95 -95 -93 -91 -89 -87 -84 -84 -87 -87 -90 -86 -90 -95 -105
-117 -113 -109 -107 -105 -104 -103 -103 -103 -106 -111 -105 -105 -106 -108 -107 -112 -122 -127 -125 -127 -127 -122 -110 -100 -102 -100 -113 -135 -153 -155 -152 -140 -134 -135 -149 -158 -150 -146 -145 -145 -146 -143 -133 -123 -112 -109 -108 -106 -105 -107 -109 -109 -109 -108 -109 -110 -110 -111 -112 -112 -113 -112 -112 -112 -112 -110 -110 -109 -108 -107 -106 -105 -104 -102 -101 -99 -98 -97 -96 -96 -96 -96 -93 -91 -89 -86 -84 -81 -83 -87 -94 -96 -93 -100 -109
-118 -113 -110 -108 -105 -103 -103 -103 -104 -108 -116 -108 -106 -108 -114 -110 -120 -138 -127 -121 -121 -114 -119 -113 -114 -106 -113 -138 -147 -150 -151 -148 -138 -131 -141 -153 -152 -147 -149 -143 -142 -141 -141 -131 -119 -113 -108 -107 -106 -105 -104 -106 -109 -110 -107 -108 -109 -110 -111 -111 -112 -113 -112 -111 -111 -110 -109 -109 -108 -107 -106 -105 -104 -103 -101 -100 -98 -97 -96 -95 -95 -96 -96 -96 -94 -88 -83 -84 -82 -82 -86 -90 -98 -109 -109 -129
-116 -113 -114 -111 -105 -104 -103 -103 -105 -110 -122 -119 -112 -111 -113 -113 -129 -146 -139 -132 -133 -138 -142 -117 -121 -122 -132 -148 -155 -153 -149 -142 -133 -131 -142 -149 -148 -147 -144 -140 -138 -139 -145 -137 -125 -113 -107 -105 -105 -104 -102 -103 -105 -107 -106 -107 -108 -110 -111 -111 -111 -112 -112 -111 -110 -109 -108 -107 -107 -106 -105 -104 -103 -102 -100 -99 -98 -95 -95 -95 -95 -95 -96 -96 -95 -86 -82 -82 -85 -88 -84 -89 -99 -110 -121 -133
-115 -112 -111 -108 -106 -103 -102 -104 -106 -112 -123 -128 -125 -124 -123 -118 -134 -146 -144 -142 -152 -148 -139 -127 -109 -120 -139 -153 -153 -150 -146 -138 -128 -135 -144 -145 -145 -143 -140 -136 -136 -140 -147 -140 -127 -113 -110 -107 -102 -99 -99 -100 -101 -102 -104 -105 -107 -109 -110 -111 -112 -112 -111 -110 -109 -108 -107 -106 -105 -104 -104 -103 -102 -101 -100 -99 -97 -94 -94 -93 -92 -93 -94 -88 -89 -83 -83 -83 -86 -88 -91 -88 -94 -106 -116 -133
-112 -110 -109 -107 -106 -104 -102 -104 -107 -114 -130 -129 -122 -123 -117 -119 -132 -140 -145 -149 -155 -153 -140 -120 -108 -114 -132 -145 -151 -150 -143 -131 -128 -141 -143 -142 -140 -138 -134 -133 -135 -145 -153 -143 -129 -116 -106 -103 -102 -98 -97 -98 -99 -101 -102 -104 -105 -107 -109 -111 -112 -112 -111 -109 -108 -107 -106 -105 -104 -103 -103 -102 -101 -100 -99 -97 -96 -93 -93 -93 -92 -95 -92 -87 -84 -83 -84 -90 -87 -90 -91 -91 -95 -102 -114 -137
-111 -111 -111 -107 -104 -102 -101 -103 -108 -117 -131 -125 -114 -115 -112 -116 -129 -140 -147 -154 -158 -155 -151 -131 -112 -109 -120 -141 -149 -152 -143 -129 -133 -145 -143 -142 -140 -136 -133 -131 -135 -144 -149 -141 -129 -120 -112 -103 -95 -96 -95 -96 -97 -99 -101 -102 -105 -106 -108 -110 -111 -112 -111 -109 -108 -107 -106 -104 -103 -102 -101 -101 -100 -99 -99 -97 -94 -91 -90 -91 -94 -94 -88 -85 -84 -89 -91 -92 -90 -88 -89 -93 -98 -105 -116 -136
-112 -112 -112 -105 -101 -100 -100 -104 -111 -122 -131 -114 -108 -108 -110 -114 -122 -134 -144 -151 -155 -158 -151 -142 -119 -110 -114 -129 -148 -147 -135 -128 -142 -147 -144 -143 -141 -138 -134 -129 -129 -133 -135 -131 -123 -120 -115 -109 -99 -92 -92 -94 -95 -97 -99 -101 -103 -105 -107 -109 -110 -110 -109 -108 -107 -106 -105 -103 -102 -101 -101 -100 -99 -98 -98 -95 -93 -91 -90 -89 -90 -92 -86 -84 -83 -84 -90 -94 -93 -90 -92 -92 -96 -101 -108 -117
-110 -108 -105 -101 -100 -99 -100 -108 -125 -127 -117 -105 -105 -107 -108 -112 -121 -140 -150 -149 -151 -155 -150 -138 -119 -115 -122 -134 -149 -142 -128 -128 -147 -149 -146 -143 -141 -139 -136 -131 -124 -123 -123 -118 -111 -105 -103 -99 -95 -93 -90 -92 -94 -96 -97 -99 -101 -102 -104 -106 -106 -107 -107 -106 -104 -104 -103 -102 -101 -100 -100 -99 -98 -97 -97 -94 -94 -92 -89 -89 -89 -91 -87 -84 -84 -84 -84 -95 -96 -95 -93 -95 -98 -101 -104 -108
-106 -103 -100 -99 -99 -99 -99 -103 -112 -118 -106 -102 -103 -103 -105 -110 -122 -133 -142 -149 -152 -153 -142 -131 -111 -116 -140 -145 -149 -136 -121 -127 -148 -149 -147 -143 -142 -140 -136 -132 -129 -132 -126 -118 -113 -110 -107 -98 -90 -92 -89 -90 -92 -94 -95 -97 -98 -100 -101 -103 -104 -104 -104 -104 -103 -102 -101 -100 -99 -99 -98 -99 -98 -98 -96 -95 -94 -91 -90 -88 -88 -88 -85 -84 -85 -90 -94 -95 -97 -95 -93 -94 -97 -101 -104 -107
-102 -99 -98 -97 -97 -97 -98 -98 -102 -105 -101 -102 -103 -104 -106 -112 -125 -137 -146 -151 -154 -151 -134 -121 -112 -110 -128 -140 -146 -131 -117 -132 -149 -148 -146 -143 -142 -141 -139 -136 -140 -146 -141 -132 -120 -115 -118 -113 -97 -96 -88 -89 -91 -92 -94 -95 -96 -97 -98 -99 -101 -101 -102 -101 -101 -99 -99 -99 -98 -97 -97 -98 -97 -96 -97 -94 -92 -91 -89 -88 -86 -86 -85 -85 -85 -85 -89 -92 -94 -96 -95 -94 -95 -97 -102 -108
-98 -97 -97 -96 -96 -96 -97 -99 -107 -112 -113 -112 -110 -115 -114 -120 -124 -133 -145 -152 -153 -142 -123 -109 -108 -118 -124 -127 -125 -122 -120 -137 -148 -148 -145 -145 -144 -143 -142 -140 -145 -152 -150 -146 -136 -126 -119 -113 -106 -93 -92 -88 -89 -91 -92 -93 -94 -97 -98 -97 -97 -98 -99 -99 -98 -98 -97 -96 -96 -96 -96 -95 -94 -94 -96 -93 -92 -90 -89 -88 -86 -87 -86 -86 -86 -85 -85 -90 -93 -93 -96 -97 -96 -97 -100 -105
-96 -96 -98 -99 -99 -100 -100 -106 -113 -120 -127 -125 -123 -123 -120 -117 -123 -132 -143 -148 -143 -134 -120 -112 -116 -136 -147 -148 -134 -119 -122 -136 -147 -148 -146 -146 -145 -146 -145 -142 -149 -153 -153 -150 -149 -141 -121 -108 -101 -99 -96 -89 -88 -89 -91 -93 -95 -107 -119 -110 -102 -96 -97 -97 -97 -96 -96 -95 -94 -94 -94 -94 -93 -93 -95 -92 -91 -89 -89 -86 -86 -88 -87 -86 -86 -88 -86 -87 -97 -95 -96 -98 -98 -98 -99 -102
-95 -100 -105 -104 -106 -112 -111 -112 -117 -123 -128 -133 -122 -113 -111 -121 -128 -133 -140 -141 -142 -132 -132 -124 -131 -143 -152 -149 -139 -126 -120 -128 -138 -145 -147 -147 -147 -147 -147 -144 -151 -152 -151 -151 -146 -137 -123 -110 -103 -98 -94 -88 -87 -89 -90 -91 -96 -112 -132 -118 -100 -95 -94 -94 -94 -94 -94 -93 -91 -92 -92 -92 -92 -93 -94 -92 -89 -87 -86 -87 -88 -88 -88 -87 -87 -88 -87 -88 -93 -98 -96 -97 -99 -99 -99 -103
-95 -101 -102 -102 -108 -110 -109 -109 -112 -118 -121 -118 -106 -104 -115 -127 -131 -140 -140 -137 -136 -126 -138 -142 -145 -152 -152 -148 -143 -133 -122 -130 -145 -147 -149 -149 -149 -148 -149 -148 -151 -151 -145 -144 -147 -142 -130 -111 -103 -98 -94 -86 -86 -87 -89 -90 -96 -110 -127 -122 -100 -93 -92 -92 -92 -92 -92 -92 -89 -90 -90 -90 -91 -91 -90 -89 -87 -88 -89 -89 -89 -89 -90 -88 -89 -89 -90 -90 -90 -97 -98 -98 -100 -99 -105 -108
-93 -94 -96 -101 -107 -105 -104 -104 -110 -114 -107 -102 -99 -105 -129 -130 -137 -134 -137 -136 -128 -122 -139 -149 -152 -153 -151 -148 -143 -136 -129 -136 -147 -150 -148 -148 -148 -146 -145 -147 -148 -143 -134 -134 -136 -135 -125 -109 -104 -101 -98 -87 -85 -87 -91 -90 -94 -99 -108 -106 -97 -91 -90 -90 -90 -90 -90 -90 -88 -88 -89 -91 -91 -89 -88 -87 -86 -88 -89 -91 -92 -91 -91 -89 -91 -91 -90 -92 -94 -97 -100 -99 -104 -103 -109 -110
-91 -91 -94 -98 -99 -98 -98 -100 -108 -109 -98 -96 -99 -112 -128 -137 -136 -133 -132 -128 -121 -126 -140 -149 -152 -151 -150 -148 -144 -139 -132 -140 -148 -151 -149 -148 -147 -143 -137 -137 -134 -134 -124 -117 -119 -113 -106 -100 -93 -91 -92 -92 -85 -88 -90 -93 -93 -94 -112 -111 -94 -90 -89 -88 -88 -88 -87 -88 -86 -87 -88 -89 -87 -87 -86 -87 -87 -88 -90 -90 -91 -93 -94 -91 -91 -92 -96 -93 -99 -98 -100 -104 -107 -107 -108 -110
-89 -91 -90 -92 -93 -92 -93 -98 -101 -95 -94 -95 -105 -122 -137 -135 -140 -138 -130 -124 -123 -128 -140 -147 -150 -150 -149 -147 -141 -134 -133 -144 -150 -151 -147 -146 -147 -137 -128 -125 -121 -114 -113 -105 -97 -97 -95 -93 -89 -88 -90 -93 -86 -87 -87 -87 -87 -90 -109 -113 -97 -93 -90 -87 -86 -86 -85 -86 -84 -84 -85 -86 -86 -85 -87 -87 -89 -91 -91 -91 -90 -93 -96 -95 -96 -96 -93 -99 -117 -105 -106 -109 -107 -107 -107 -109
-88 -89 -88 -87 -88 -88 -93 -94 -91 -92 -93 -96 -118 -128 -134 -140 -138 -133 -129 -124 -125 -130 -142 -147 -150 -149 -149 -146 -139 -134 -135 -144 -150 -151 -142 -135 -137 -125 -116 -114 -107 -102 -100 -95 -92 -90 -89 -90 -84 -86 -90 -92 -86 -82 -83 -84 -84 -85 -90 -93 -99 -116 -95 -87 -84 -83 -84 -82 -81 -82 -83 -84 -84 -84 -86 -88 -90 -93 -93 -95 -95 -96 -104 -106 -100 -99 -98 -100 -110 -114 -118 -113 -109 -107 -107 -108
-88 -90 -88 -85 -85 -87 -96 -91 -90 -92 -96 -113 -130 -136 -138 -142 -138 -133 -130 -125 -127 -131 -140 -146 -148 -148 -147 -144 -138 -135 -138 -142 -146 -146 -139 -124 -121 -116 -108 -115 -100 -97 -94 -91 -90 -86 -85 -88 -82 -84 -89 -91 -86 -81 -81 -82 -81 -81 -81 -83 -89 -94 -86 -83 -82 -81 -81 -81 -79 -81 -82 -81 -83 -82 -84 -86 -88 -92 -93 -97 -98 -106 -106 -108 -102 -102 -102 -106 -118 -121 -132 -121 -110 -106 -106 -107
-88 -89 -86 -84 -83 -85 -89 -91 -96 -110 -113 -127 -137 -143 -142 -140 -140 -134 -130 -127 -127 -131 -142 -145 -147 -147 -145 -142 -137 -137 -140 -142 -145 -137 -126 -119 -112 -106 -100 -100 -100 -94 -91 -88 -87 -84 -82 -84 -81 -82 -85 -87 -90 -82 -78 -79 -78 -78 -79 -80 -81 -82 -81 -82 -83 -80 -78 -77 -77 -78 -80 -80 -81 -82 -84 -87 -86 -89 -91 -95 -96 -97 -106 -108 -98 -100 -99 -102 -117 -118 -122 -118 -108 -105 -105 -104
-85 -89 -84 -82 -82 -85 -96 -111 -118 -126 -124 -131 -141 -143 -141 -137 -135 -136 -135 -132 -130 -130 -140 -145 -146 -146 -145 -143 -138 -139 -140 -143 -148 -141 -127 -117 -109 -101 -97 -94 -95 -93 -89 -85 -83 -81 -79 -79 -81 -82 -82 -84 -86 -83 -77 -77 -77 -76 -76 -77 -77 -78 -80 -82 -80 -78 -77 -76 -77 -78 -79 -79 -80 -81 -83 -85 -90 -95 -92 -101 -102 -95 -100 -106 -95 -91 -92 -92 -99 -103 -107 -107 -104 -103 -103 -101
-86 -82 -81 -81 -82 -97 -123 -129 -127 -135 -138 -141 -141 -138 -135 -136 -138 -138 -136 -133 -128 -128 -139 -142 -144 -144 -144 -141 -140 -139 -140 -141 -146 -139 -124 -115 -108 -105 -100 -95 -89 -89 -89 -86 -84 -82 -78 -77 -79 -81 -78 -80 -80 -82 -80 -75 -75 -75 -74 -75 -75 -75 -79 -81 -75 -75 -75 -74 -76 -77 -79 -78 -78 -79 -81 -83 -86 -93 -98 -93 -100 -98 -103 -103 -93 -87 -85 -89 -94 -97 -97 -99 -101 -101 -99 -99
-86 -79 -79 -80 -84 -101 -121 -132 -135 -141 -146 -144 -141 -136 -135 -134 -132 -132 -133 -129 -124 -130 -141 -143 -142 -143 -143 -133 -124 -120 -131 -135 -140 -130 -119 -116 -116 -104 -99 -97 -87 -84 -83 -82 -82 -82 -78 -75 -75 -77 -78 -78 -76 -79 -84 -76 -73 -73 -73 -74 -73 -72 -74 -75 -75 -73 -72 -74 -73 -75 -76 -77 -77 -77 -79 -80 -82 -88 -96 -99 -103 -101 -102 -95 -91 -84 -83 -86 -88 -92 -91 -91 -95 -95 -97 -97
-79 -77 -78 -84 -97 -114 -109 -120 -125 -134 -143 -142 -139 -136 -132 -130 -132 -132 -127 -122 -125 -135 -141 -141 -141 -141 -138 -118 -101 -103 -112 -124 -121 -120 -128 -123 -116 -106 -98 -100 -92 -86 -81 -78 -78 -75 -74 -74 -74 -72 -74 -76 -74 -75 -80 -80 -70 -70 -69 -70 -69 -70 -71 -71 -71 -70 -71 -74 -73 -72 -74 -76 -79 -80 -76 -78 -80 -86 -85 -89 -98 -103 -95 -90 -94 -84 -82 -82 -84 -86 -87 -88 -90 -92 -93 -95
-78 -75 -82 -88 -111 -129 -128 -125 -129 -138 -142 -140 -139 -135 -131 -128 -126 -125 -122 -122 -129 -139 -140 -139 -140 -139 -130 -106 -94 -102 -100 -106 -113 -120 -130 -126 -116 -106 -104 -103 -101 -97 -87 -79 -77 -74 -74 -78 -76 -70 -70 -71 -71 -74 -78 -80 -70 -67 -66 -66 -66 -67 -68 -68 -68 -70 -71 -73 -74 -72 -73 -74 -78 -80 -78 -77 -79 -79 -81 -84 -90 -97 -94 -85 -86 -82 -81 -81 -82 -83 -84 -85 -88 -90 -92 -92
-82 -75 -87 -113 -126 -130 -125 -130 -128 -134 -138 -137 -136 -134 -130 -128 -125 -120 -118 -123 -133 -140 -138 -137 -136 -125 -112 -100 -91 -89 -94 -101 -111 -117 -115 -110 -110 -108 -98 -99 -95 -91 -84 -77 -74 -72 -71 -71 -70 -68 -68 -69 -69 -71 -74 -76 -72 -64 -64 -63 -65 -65 -65 -66 -67 -69 -70 -71 -72 -73 -71 -73 -73 -73 -75 -79 -82 -78 -80 -82 -84 -86 -87 -83 -81 -80 -80 -81 -81 -82 -83 -85 -87 -89 -91 -91
-76 -77 -101 -117 -128 -125 -124 -120 -118 -124 -132 -133 -133 -131 -129 -125 -122 -120 -120 -127 -135 -137 -135 -136 -127 -117 -107 -96 -87 -85 -89 -90 -96 -103 -104 -96 -102 -105 -98 -94 -91 -89 -89 -84 -82 -74 -72 -72 -72 -70 -69 -67 -66 -67 -70 -71 -72 -65 -61 -61 -62 -63 -63 -65 -66 -67 -68 -69 -70 -71 -72 -73 -71 -73 -73 -76 -76 -76 -79 -80 -81 -81 -80 -80 -79 -79 -79 -80 -81 -82 -83 -84 -86 -88 -90 -91
-66 -84 -106 -102 -117 -124 -116 -115 -111 -119 -118 -118 -127 -129 -125 -122 -120 -117 -122 -125 -131 -136 -134 -135 -131 -116 -100 -92 -88 -83 -84 -87 -93 -96 -93 -89 -95 -97 -93 -92 -93 -88 -85 -87 -89 -87 -75 -68 -66 -65 -65 -65 -65 -63 -65 -66 -68 -68 -63 -60 -60 -61 -62 -63 -64 -65 -66 -67 -69 -71 -73 -74 -73 -70 -71 -72 -73 -75 -77 -79 -80 -79 -79 -78 -79 -79 -79 -80 -81 -82 -83 -84 -85 -87 -88 -90
-66 -79 -93 -95 -113 -110 -111 -95 -103 -113 -105 -106 -119 -125 -121 -115 -112 -110 -109 -117 -131 -134 -133 -130 -118 -110 -103 -98 -89 -86 -91 -89 -92 -90 -85 -83 -83 -88 -85 -85 -86 -86 -85 -84 -81 -82 -85 -78 -66 -63 -61 -61 -62 -62 -60 -63 -64 -65 -64 -60 -60 -60 -61 -62 -63 -64 -65 -66 -68 -69 -70 -70 -69 -68 -69 -70 -72 -74 -76 -78 -79 -77 -77 -77 -78 -79 -79 -80 -81 -82 -82 -83 -84 -86 -88 -89
-66 -67 -79 -102 -112 -102 -93 -87 -98 -94 -97 -105 -110 -113 -112 -103 -105 -109 -103 -109 -124 -122 -121 -114 -108 -100 -103 -105 -92 -79 -92 -84 -89 -85 -78 -79 -80 -81 -81 -79 -76 -78 -79 -81 -79 -75 -80 -86 -79 -64 -62 -60 -60 -61 -59 -58 -61 -61 -63 -60 -59 -60 -60 -61 -62 -63 -64 -65 -67 -68 -67 -65 -66 -67 -68 -69 -71 -73 -76 -78 -78 -77 -76 -76 -77 -79 -79 -80 -81 -81 -82 -83 -84 -85 -87 -87
-65 -63 -77 -88 -100 -97 -90 -85 -86 -89 -99 -106 -101 -101 -101 -96 -100 -104 -100 -102 -105 -102 -104 -104 -98 -96 -95 -95 -88 -78 -80 -80 -83 -80 -78 -76 -81 -83 -83 -82 -74 -68 -71 -73 -79 -79 -72 -83 -89 -83 -69 -60 -58 -57 -56 -56 -57 -57 -60 -59 -58 -59 -60 -60 -61 -62 -63 -64 -64 -64 -63 -64 -65 -65 -67 -68 -69 -72 -75 -76 -76 -75 -75 -76 -77 -79 -80 -80 -81 -81 -82 -82 -83 -84 -86 -86
