data/bioclim/bclim2.asc
NCOLS 300 
NROWS 196 
XLLCORNER -121.25 
YLLCORNER 31.1666666666667 
CELLSIZE 0.0416666666666667 
NODATA_value -32768 
[rows 123 to 163 of 196, columns 186 to 278 of 300]
180 181 182 182 183 183 183 183 183 183 183 182 182 181 180 182 183 176 171 165 166 170 173 173 167 161 158 154 155 154 163 172 172 169 167 167 166 162 164 174 177 179 181 182 176 171 170 167 175 178 178 178 178 177 179 178 178 175 174 174 173 170 166 165 164 167 171 169 164 169 171 176 177 177 177 177 176 174 177 178 178 178 178 178 177 175 174 173 172 170 170 171 170
178 179 180 180 181 182 182 182 182 182 183 183 183 184 184 183 184 183 179 173 168 171 169 171 166 162 159 159 154 154 161 171 170 171 167 166 166 164 163 170 174 177 180 179 175 169 168 162 160 177 179 179 178 179 179 178 176 175 172 172 171 172 170 167 166 168 171 173 167 170 175 176 175 177 177 177 177 177 178 179 180 180 179 178 177 174 173 173 171 167 165 162 162
175 175 174 172 172 176 181 182 182 182 183 183 183 184 184 184 184 183 182 180 177 177 175 170 166 167 162 165 162 160 160 169 171 171 169 166 163 163 164 168 167 172 178 178 178 173 169 168 158 172 178 179 178 180 176 175 172 174 174 172 172 173 169 169 168 170 172 172 171 171 174 177 177 176 177 178 178 178 178 178 179 179 179 179 176 175 173 173 170 168 166 162 160
172 166 160 159 168 175 179 180 180 182 183 183 182 183 184 184 185 184 184 183 179 174 168 167 171 170 167 168 167 165 166 168 170 169 167 162 160 163 161 166 170 169 176 177 177 174 172 168 159 165 176 178 179 178 174 174 168 170 173 170 167 170 173 169 170 171 173 173 171 173 173 175 177 176 175 176 179 178 179 179 177 174 175 176 176 174 173 175 174 170 168 165 162
160 159 169 174 176 178 180 182 180 181 182 183 184 183 184 185 185 186 185 181 176 171 165 167 169 169 168 167 166 166 166 168 169 168 166 161 163 165 162 163 168 171 174 175 175 174 172 166 157 166 171 176 178 176 171 167 167 169 171 170 166 166 172 170 170 170 172 173 171 172 174 175 176 176 175 174 178 179 179 178 177 174 176 176 174 176 178 177 172 167 164 165 162
165 171 174 176 177 179 180 181 181 181 182 182 183 182 182 183 185 186 186 182 177 173 169 167 166 167 167 165 164 165 166 167 166 166 165 164 163 164 165 165 163 169 172 173 173 172 168 162 163 165 171 175 178 174 170 164 164 166 167 166 164 167 170 169 169 171 172 172 170 171 171 174 175 175 175 175 177 178 178 177 178 177 177 177 175 179 179 173 162 163 162 160 156
171 173 174 175 176 177 178 179 180 181 181 181 181 180 180 180 181 182 183 183 179 176 172 169 168 167 165 164 165 166 165 164 165 165 165 163 161 165 162 162 163 165 169 171 171 171 168 164 167 167 165 174 178 175 170 165 161 161 164 164 161 166 169 165 167 169 170 171 169 170 170 171 173 174 173 173 176 177 178 177 178 179 178 176 177 181 180 175 170 167 162 158 153
171 173 173 174 174 174 174 176 178 179 179 178 178 177 177 177 177 178 179 181 179 176 173 170 168 166 165 164 165 166 164 164 165 164 165 164 164 165 163 161 164 164 166 168 169 170 169 167 167 165 161 172 177 174 170 168 166 164 163 163 161 158 167 166 165 166 168 169 168 169 170 171 172 171 172 173 175 177 177 178 178 177 175 175 178 181 179 175 169 166 162 157 153
170 171 170 169 163 164 167 174 176 177 177 176 178 179 178 178 179 180 180 179 178 175 173 170 168 166 165 164 165 166 165 165 165 165 164 164 164 164 164 163 164 165 166 166 167 168 168 165 166 167 162 167 174 174 169 166 165 165 164 160 161 156 161 165 165 165 166 167 168 168 170 170 170 171 172 172 174 175 176 177 177 177 176 177 179 179 178 178 175 173 166 161 158
168 168 162 151 154 164 173 174 175 176 177 178 178 179 179 179 180 180 179 178 177 175 173 171 169 168 166 165 166 167 166 166 165 165 165 164 164 163 163 163 163 164 165 165 165 166 164 166 167 162 159 162 169 170 168 166 162 163 163 159 158 153 155 164 164 165 165 166 167 168 168 169 170 171 172 172 174 174 175 175 176 176 178 179 180 180 179 178 176 171 165 166 165
164 163 162 162 165 171 172 172 172 173 175 176 177 179 179 179 179 179 178 177 176 174 173 172 170 169 168 167 167 167 167 166 166 165 165 165 164 163 162 162 162 163 163 164 164 164 163 165 165 161 156 158 163 165 165 163 162 162 161 161 161 157 161 162 163 163 164 165 165 166 166 167 168 169 170 170 172 174 174 174 176 176 178 178 177 178 173 172 170 169 170 171 170
167 168 168 168 171 171 171 170 170 169 171 172 175 177 178 178 178 178 177 177 175 174 173 172 171 170 169 169 168 168 167 166 166 166 165 165 164 163 162 161 161 162 162 164 164 162 162 163 163 160 157 155 159 162 161 160 159 159 159 159 159 159 160 160 161 161 163 163 163 164 164 165 166 167 167 168 169 172 173 174 174 175 174 174 174 174 174 174 172 173 173 171 167
167 168 168 170 171 171 171 171 170 169 169 170 173 175 176 177 177 177 177 176 174 174 173 171 171 170 169 169 169 168 168 167 167 166 166 165 165 164 163 161 159 161 162 164 164 162 162 161 161 160 158 154 152 157 158 157 156 157 157 158 158 158 157 159 160 160 161 161 162 161 161 163 164 164 166 166 168 169 171 173 173 172 173 173 174 174 175 175 175 175 174 172 171
166 167 168 169 170 171 171 170 169 171 172 172 172 173 173 176 177 177 177 176 173 171 170 169 170 170 169 169 169 169 168 168 168 167 167 166 166 165 165 163 159 160 162 164 164 162 160 159 159 158 158 156 154 153 156 155 155 154 155 157 158 157 156 157 159 158 158 159 160 160 161 163 163 162 164 164 165 167 168 169 171 173 173 173 174 174 175 175 175 174 171 169 172
165 166 167 168 169 170 170 171 169 170 172 173 174 174 176 176 176 176 176 175 172 165 162 168 170 170 169 169 169 169 169 168 168 168 166 167 167 167 166 165 162 160 162 164 164 161 159 158 158 157 156 156 156 155 155 153 153 153 153 154 155 155 155 154 155 156 157 158 158 159 160 162 162 162 162 164 164 165 167 168 169 171 172 172 174 174 175 175 175 175 173 173 176
164 165 166 167 168 169 170 171 172 171 171 173 174 175 175 176 176 176 176 174 172 167 160 166 171 170 169 169 169 170 170 169 169 169 169 166 166 168 168 167 165 163 163 163 164 164 161 160 158 155 155 154 154 153 153 152 152 151 151 151 152 151 152 152 153 154 155 156 157 158 159 160 162 162 162 164 166 166 168 168 169 168 171 172 172 174 174 175 174 174 175 177 177
161 161 163 165 167 168 169 170 171 171 172 172 173 174 175 175 176 176 176 175 173 170 163 169 172 171 171 170 170 170 170 170 170 171 171 170 169 169 169 168 166 165 165 164 161 159 158 155 155 155 154 153 152 151 151 150 150 150 150 149 150 149 149 151 151 152 153 155 156 156 158 159 161 162 163 164 166 167 167 168 168 167 168 170 170 171 172 173 174 174 176 177 179
158 157 158 162 164 166 168 169 170 170 171 171 173 174 175 175 176 176 176 176 175 172 170 173 173 172 172 171 171 170 171 171 171 172 172 172 172 171 170 169 168 166 165 162 159 157 156 155 155 154 154 151 150 150 149 148 147 148 148 148 148 148 148 149 149 151 152 153 154 155 157 159 161 162 162 164 165 167 167 168 168 167 167 166 168 169 171 172 173 174 176 176 176
157 157 157 158 161 164 166 167 169 169 168 168 171 172 174 175 175 176 176 176 177 176 176 175 174 173 171 171 171 171 171 171 172 172 173 174 174 173 171 169 167 166 165 163 161 160 159 157 155 151 151 151 150 149 148 147 146 147 147 147 147 148 147 147 148 149 150 151 153 155 157 159 161 162 162 164 165 166 167 168 169 170 170 168 167 167 169 171 172 174 175 176 177
156 157 158 157 157 162 164 166 167 168 168 169 170 172 173 174 175 176 177 177 178 179 178 177 176 174 172 171 171 172 172 172 172 173 174 174 175 175 172 170 168 167 165 164 163 162 161 160 158 155 153 153 151 150 148 147 146 146 146 145 145 146 145 146 146 147 149 151 152 154 156 159 161 162 163 163 164 165 166 167 168 169 170 172 170 167 166 169 170 173 176 177 179
156 157 158 158 158 159 162 164 165 167 168 169 170 171 173 173 174 175 176 178 178 179 179 177 176 173 171 170 171 172 172 172 172 171 169 169 173 175 173 171 170 168 166 165 164 163 163 162 161 159 158 156 153 152 150 149 147 145 145 145 145 145 145 146 146 147 148 150 152 154 156 158 160 162 161 161 163 165 165 165 166 168 170 171 172 172 167 165 168 172 175 176 178
156 156 157 157 158 158 159 162 163 165 167 167 169 170 172 173 174 175 176 177 177 177 175 175 175 173 172 167 164 171 173 173 172 170 171 174 176 176 175 173 171 170 167 165 164 165 165 164 163 162 161 159 157 156 155 153 150 147 144 144 144 144 145 144 145 147 148 150 151 152 154 157 159 162 162 162 164 165 166 166 167 167 168 170 171 173 174 173 170 169 173 175 178
155 156 156 156 157 156 156 159 162 164 164 166 167 168 170 171 173 174 173 172 174 175 174 174 174 173 172 170 164 159 171 174 175 176 177 177 178 177 176 175 173 171 170 167 167 167 167 166 165 165 163 162 160 157 153 153 151 149 143 144 146 145 144 143 143 146 147 148 149 151 152 156 160 162 163 164 166 166 168 168 169 169 170 169 170 172 174 175 176 176 171 174 177
155 155 156 156 157 157 158 159 159 162 164 164 164 165 167 169 170 172 173 173 174 173 172 172 172 173 173 172 171 166 157 171 177 178 179 179 179 179 178 177 176 174 172 171 170 170 170 169 168 167 166 164 163 159 153 148 147 148 145 146 147 144 144 144 145 146 147 148 149 150 153 156 160 162 164 166 167 168 169 170 171 172 171 172 171 170 173 175 177 177 176 174 177
155 155 156 157 158 158 159 160 161 163 164 165 164 164 163 166 168 170 173 173 172 171 169 170 170 171 172 172 172 172 168 164 178 179 180 181 181 181 180 179 179 177 173 170 171 172 173 172 171 170 169 167 165 161 155 152 146 148 148 149 152 143 146 146 146 145 146 147 149 151 155 158 161 163 164 165 167 169 170 172 173 174 174 174 172 169 171 174 176 178 179 178 179
154 155 156 157 158 159 158 157 161 163 164 164 162 163 163 163 164 166 171 172 172 168 168 168 169 170 171 172 173 173 171 163 175 180 182 183 183 182 182 182 181 180 177 172 172 173 175 175 175 173 172 170 168 166 161 158 153 157 156 151 157 147 145 148 152 151 149 148 152 154 157 157 158 160 161 162 163 164 167 170 173 175 175 176 175 174 171 173 175 176 179 182 183
154 155 156 157 158 158 159 160 161 162 164 164 159 162 165 166 165 167 168 171 171 170 168 163 164 168 170 172 173 174 173 174 178 181 183 184 184 184 183 183 183 184 183 181 179 179 179 178 178 177 175 173 172 171 169 166 165 163 159 161 161 160 151 147 148 155 158 157 153 150 152 156 156 157 158 159 159 159 162 166 171 175 177 178 177 177 175 174 176 176 178 180 183
154 155 156 157 158 158 159 159 156 162 163 163 164 165 165 166 167 167 165 170 170 169 167 163 163 167 169 171 172 174 175 176 179 181 183 184 184 184 183 183 183 184 184 184 184 183 183 182 181 180 178 177 175 171 169 166 163 156 151 155 153 162 162 156 149 147 157 157 154 154 153 152 154 156 156 156 155 154 158 164 169 173 176 179 180 180 180 179 179 179 176 175 178
154 155 156 156 157 158 159 159 160 160 161 160 162 164 165 166 166 167 166 169 169 168 168 167 164 165 168 169 171 173 174 175 178 181 182 183 184 184 183 182 180 182 181 180 185 185 186 186 184 182 180 178 174 170 166 163 160 156 152 150 150 157 161 163 161 157 160 158 156 153 154 154 154 154 156 154 153 157 162 165 169 173 175 178 179 182 182 182 183 182 181 176 177
154 155 155 156 157 157 157 157 158 158 159 159 161 162 163 164 165 166 167 167 167 167 167 167 165 164 166 167 170 171 173 175 177 180 182 183 183 184 183 183 181 183 183 182 185 186 187 186 184 182 180 177 173 169 166 162 158 155 153 150 148 152 150 155 162 164 161 156 153 154 154 153 153 154 156 155 153 153 161 168 170 172 175 177 179 181 183 183 183 184 184 183 181
154 154 155 155 156 155 156 156 156 157 157 157 159 160 161 162 163 164 165 165 166 166 166 166 165 163 160 162 167 170 172 174 177 179 181 182 183 184 184 184 185 185 185 185 186 186 186 186 184 182 180 177 173 170 166 161 157 154 152 150 148 147 145 149 155 162 164 160 151 151 154 155 155 157 157 157 157 158 161 166 167 171 174 177 179 181 183 184 185 185 186 187 186
153 154 154 154 154 154 154 154 154 155 156 157 158 159 159 160 161 162 163 164 164 165 164 164 164 163 159 161 164 169 171 170 175 177 180 181 182 183 184 184 185 185 185 185 185 185 185 184 183 182 179 176 174 170 166 162 158 153 152 150 148 146 144 147 151 158 164 162 157 153 158 154 157 159 160 161 158 157 159 155 163 170 174 176 179 181 182 184 186 187 187 188 189
152 152 153 153 153 153 153 153 153 154 155 156 157 157 158 158 159 160 161 162 162 163 162 162 162 163 163 164 165 168 169 169 171 175 178 180 182 183 183 184 184 184 184 184 184 184 183 183 182 181 179 173 173 170 167 163 160 154 150 150 147 145 145 146 151 155 163 164 162 160 154 151 153 157 159 162 162 158 155 158 164 170 173 176 178 181 182 184 185 186 187 188 189
151 151 152 152 152 152 152 152 153 154 154 155 155 156 156 155 157 157 158 159 160 160 156 156 158 159 161 162 164 167 167 167 167 170 175 178 180 182 183 183 184 184 183 183 184 183 182 182 181 181 178 173 173 170 167 164 161 157 153 151 146 143 145 148 153 157 157 165 163 159 154 150 150 153 158 161 164 163 161 162 166 169 170 173 177 179 181 183 184 186 187 188 190
150 150 151 151 151 151 151 152 152 152 153 153 153 154 155 154 155 156 156 157 158 158 157 157 157 153 152 158 161 164 166 164 158 162 172 176 179 181 182 183 183 183 183 183 183 182 182 181 181 180 174 174 173 171 168 165 161 158 155 151 143 140 145 149 153 152 153 162 164 161 156 153 151 151 155 158 162 164 166 164 165 163 161 160 169 171 171 177 182 185 187 188 189
150 150 150 150 151 150 150 151 151 151 151 152 152 152 153 153 153 151 153 155 156 156 155 154 154 152 150 155 159 163 166 164 161 164 170 174 176 180 181 182 182 183 183 183 182 182 181 181 180 179 162 174 174 172 169 165 162 159 156 152 147 143 146 150 152 149 151 159 165 163 159 157 153 150 151 156 160 162 166 167 166 164 154 152 151 150 149 157 171 184 187 188 190
150 150 149 148 149 149 149 149 150 150 150 150 150 150 151 151 150 148 149 151 153 154 155 155 154 153 149 154 159 162 164 166 165 167 171 174 177 180 179 180 181 182 182 182 182 182 181 181 180 179 171 175 174 172 169 166 162 159 156 153 150 148 148 150 149 149 152 157 162 165 162 159 156 150 149 153 155 160 164 168 168 167 165 163 157 150 143 145 167 181 187 188 189
150 149 148 145 148 149 148 148 147 146 147 147 146 148 149 149 148 147 145 147 150 152 153 154 154 154 150 153 157 161 164 166 166 169 172 175 177 179 178 180 181 180 180 182 182 181 181 180 180 178 176 177 175 173 170 166 163 159 156 153 151 150 149 148 147 146 148 154 159 164 166 163 160 155 147 151 148 155 162 167 170 170 170 170 170 167 157 147 160 174 186 187 188
149 149 149 147 146 147 148 147 147 146 145 142 141 145 148 147 147 146 146 145 147 148 151 152 152 152 150 152 157 160 164 165 165 167 172 175 177 179 179 180 180 179 178 181 182 181 181 180 180 179 178 178 176 174 170 167 164 159 154 150 150 151 150 148 145 142 145 150 155 160 165 167 163 161 155 150 147 150 161 166 169 171 172 173 175 175 172 163 159 172 186 186 188
149 149 149 147 147 147 147 146 146 145 145 145 144 144 144 146 146 146 145 144 145 146 147 149 151 150 152 155 158 160 164 165 167 165 171 175 177 178 174 178 180 180 181 181 181 181 180 180 179 179 178 178 177 174 172 169 165 158 149 147 151 153 151 150 146 141 142 148 153 158 163 167 166 164 161 151 153 151 161 166 169 172 174 175 177 177 176 168 173 180 183 185 187
148 148 148 148 148 147 147 146 143 143 144 144 143 143 143 144 145 144 144 144 144 146 145 147 149 150 154 156 158 161 162 164 167 170 172 175 176 177 175 175 180 180 180 178 180 180 179 178 178 177 178 178 177 176 173 170 167 156 147 147 153 155 155 152 140 139 138 145 151 157 162 167 168 166 164 156 157 151 161 165 168 172 174 176 178 178 178 175 168 175 178 183 186
