data/bioclim/bclim18.asc
NCOLS 300 
NROWS 196 
XLLCORNER -121.25 
YLLCORNER 31.1666666666667 
CELLSIZE 0.0416666666666667 
NODATA_value -32768 
[rows 0 to 49 of 196, columns 0 to 95 of 300]
16.000000000000000 16 17 18 20 22 24 42 45 47 51 51 50 50 50 51 53 54 55 55 56 58 58 53 49 47 45 46 51 59 66 72 66 46 32 34 39 47 43 34 31 29 29 29 29 29 34 31 30 30 31 30 30 30 32 31 28 27 28 28 28 28 28 31 28 28 28 31 33 34 31 31 31 33 33 34 39 38 38 38 40 45 49 62 68 65 62 53 51 51 51 51 58 54 51 51
15 15 17 19 19 34 37 42 42 48 49 49 50 49 49 53 54 55 55 56 53 54 60 58 54 51 53 53 56 59 60 55 60 39 32 32 40 43 34 32 29 29 31 34 32 31 31 30 31 31 31 31 30 31 32 32 30 28 28 28 30 28 28 28 31 30 28 28 31 35 31 31 31 36 38 35 36 36 38 40 44 43 47 59 62 59 60 50 50 50 51 53 59 59 50 50
15 15 16 28 30 34 36 39 39 44 46 49 48 48 48 50 48 48 52 51 54 53 58 63 57 53 60 54 45 45 43 44 53 42 34 34 37 34 30 29 29 32 41 40 37 35 32 30 32 36 41 37 32 35 34 32 32 35 36 33 30 29 28 30 36 36 29 30 33 39 31 31 33 42 49 44 43 40 42 44 50 46 47 54 62 58 51 50 50 53 58 60 61 56 52 53
15 15 16 27 29 33 32 33 36 41 45 42 41 45 47 49 52 52 50 55 53 54 60 63 54 54 52 47 46 43 42 44 62 56 36 29 29 30 32 33 33 41 52 43 42 38 32 31 31 34 34 31 31 34 38 36 38 38 38 33 28 30 33 33 33 39 36 33 39 38 33 33 36 46 51 49 46 44 45 48 54 51 50 55 58 55 51 51 53 63 72 69 64 53 55 58
14 15 22 26 27 27 30 31 36 36 43 47 48 48 48 49 48 54 53 52 50 57 60 58 61 55 47 46 45 43 42 44 61 57 38 30 30 32 36 40 37 45 53 45 45 40 32 32 30 30 30 30 31 30 31 32 32 35 35 33 28 28 30 33 36 38 41 39 44 43 36 34 39 44 42 45 45 43 45 48 49 50 52 54 52 52 52 53 60 69 77 69 62 54 57 64
12 14 21 23 25 27 28 29 32 36 44 46 48 46 47 48 48 50 49 49 51 52 53 56 61 56 47 46 46 42 42 45 53 42 36 30 30 34 42 45 42 45 50 43 40 36 36 32 30 30 30 30 30 31 30 30 32 35 36 34 32 30 30 31 34 37 38 38 44 48 38 36 41 45 42 44 42 43 45 47 48 47 48 52 52 52 54 57 69 70 66 61 54 56 62 72
12 13 21 22 22 25 28 29 29 33 40 45 44 39 46 48 48 47 50 49 50 53 51 57 61 61 49 47 46 47 42 47 63 47 33 29 32 33 39 42 48 49 53 40 38 40 35 35 32 30 30 30 30 31 33 33 30 31 33 34 38 35 32 31 31 34 35 38 41 46 41 41 41 44 43 45 41 41 43 43 44 43 44 52 52 52 54 62 73 65 57 55 55 58 68 73
11 12 14 21 24 25 27 26 30 37 39 35 33 39 43 46 47 47 50 48 51 53 54 53 56 59 54 47 47 42 42 47 63 42 30 29 30 33 36 40 45 48 56 42 39 40 35 38 34 31 30 30 31 33 36 36 32 31 31 33 34 32 31 34 32 34 38 41 39 40 41 41 40 38 43 45 40 40 40 44 44 40 44 54 54 52 54 59 73 63 56 55 57 62 70 81
11 12 12 14 24 25 24 24 29 29 30 39 40 36 43 47 47 48 47 48 48 50 53 60 56 62 66 55 48 43 43 44 54 41 30 30 30 33 35 36 41 44 53 48 35 34 34 38 38 32 32 32 33 37 36 41 39 30 30 30 30 30 30 31 31 33 36 40 36 33 33 33 33 33 40 40 40 40 37 40 42 39 50 59 55 53 53 58 63 61 56 57 61 69 83 78
11 11 18 21 23 22 22 23 28 30 36 40 43 45 43 44 46 46 48 49 49 49 54 57 67 62 66 58 50 49 43 56 68 40 31 31 32 33 36 39 42 50 52 46 32 32 33 38 38 32 32 32 33 36 38 46 49 38 30 30 30 31 33 33 33 31 34 36 33 31 30 30 30 32 36 37 39 38 37 36 37 39 54 61 56 51 51 53 61 61 57 60 65 77 85 69
10 11 11 18 20 22 23 24 27 32 36 37 41 45 47 47 47 47 49 48 49 48 51 59 63 67 71 67 52 51 44 59 69 48 33 33 33 33 36 41 43 55 56 44 33 34 35 38 41 32 32 34 34 35 36 40 46 50 36 30 30 33 38 39 37 33 33 36 33 30 30 30 32 33 33 35 38 36 35 36 39 44 52 55 52 50 50 55 66 63 59 63 74 85 77 71
10 15 15 17 17 21 21 22 26 28 32 33 37 41 46 47 48 47 48 48 48 47 49 53 59 70 69 66 60 52 57 67 75 70 41 33 36 37 40 47 49 59 55 43 35 35 35 35 39 34 33 33 34 36 38 38 42 45 38 30 30 33 38 41 41 37 38 36 33 32 31 32 32 32 32 35 35 35 35 36 44 54 56 52 51 49 50 55 61 63 61 68 79 93 80 74
10 13 14 15 18 21 18 19 20 25 29 28 36 40 40 42 45 47 47 48 48 49 51 55 57 60 59 60 63 58 68 70 67 69 47 36 39 40 44 44 52 62 58 51 38 35 35 35 36 37 34 34 35 38 41 43 44 56 45 33 30 31 36 41 41 41 42 38 38 34 33 34 35 32 33 35 35 36 36 38 47 56 59 53 50 48 50 54 60 65 65 65 70 84 83 88
13 13 14 15 15 16 19 20 21 22 25 27 32 36 40 44 44 45 45 45 46 47 47 48 50 55 56 62 69 64 68 60 62 55 42 41 41 42 46 47 48 47 49 43 38 35 36 37 38 38 37 37 36 34 36 38 44 54 51 36 30 30 33 41 38 40 40 40 43 38 37 38 41 35 35 35 36 37 40 43 46 50 54 53 50 47 50 57 68 65 65 70 73 76 88 83
12 13 13 14 15 18 20 19 20 22 26 28 32 36 40 42 44 46 46 47 46 48 49 51 49 54 60 63 69 70 71 60 68 66 46 44 48 53 50 53 43 39 38 38 41 41 37 40 41 44 42 40 37 38 35 37 41 50 45 33 30 30 32 40 41 42 43 43 43 46 43 44 47 40 37 40 37 38 41 42 44 46 47 50 47 47 51 57 67 66 64 72 68 70 72 67
11 12 13 14 15 19 20 20 20 22 24 27 32 34 36 40 44 46 47 47 49 50 50 54 52 52 57 66 68 69 70 63 66 53 44 43 48 55 57 59 46 38 38 41 45 46 38 40 44 53 49 45 41 38 35 38 41 49 43 33 30 30 32 39 47 50 47 48 45 47 48 47 49 49 48 42 39 39 39 41 42 43 45 47 45 47 51 56 64 61 61 71 71 62 65 66
11 11 12 13 14 16 18 19 19 22 21 26 26 28 32 36 41 46 47 47 49 50 52 56 58 58 62 65 70 68 70 68 66 61 49 53 47 53 54 54 43 38 38 41 45 49 44 41 44 51 56 55 44 38 37 38 42 50 49 38 31 31 31 34 40 44 48 47 49 48 46 49 51 53 52 45 43 42 40 42 43 45 45 46 45 46 49 52 55 55 57 61 63 59 58 63
9 11 11 12 13 14 16 16 17 19 19 24 26 29 31 37 42 44 46 47 47 49 50 55 58 60 64 68 67 62 67 67 64 65 63 54 55 48 48 52 46 42 39 43 47 50 53 48 44 48 52 55 47 38 38 41 44 52 58 50 34 31 31 31 33 36 37 40 46 42 45 41 42 42 46 47 48 51 44 43 46 48 49 48 46 44 46 50 51 52 58 58 57 55 53 57
9 11 11 12 12 13 15 15 15 17 19 22 26 31 36 39 41 43 45 46 47 47 50 52 52 59 61 63 60 54 58 61 63 66 66 67 68 56 50 51 50 44 39 46 53 55 53 50 47 48 55 56 48 42 39 39 42 54 67 68 48 32 31 31 32 33 33 33 36 35 35 35 35 36 41 48 52 55 48 45 48 54 54 50 47 44 44 45 45 48 50 53 53 54 53 50
9 9 10 11 12 12 14 14 14 17 19 22 26 30 34 37 39 43 44 45 46 46 48 48 50 52 54 58 49 63 65 62 63 67 66 69 65 63 53 55 58 45 40 44 53 58 62 58 48 48 57 57 51 49 43 39 43 55 64 57 48 37 33 33 33 33 38 41 36 35 35 35 35 35 35 44 50 56 52 47 47 53 56 53 48 48 46 43 43 43 45 47 47 47 47 46
9 9 10 10 11 12 14 14 14 16 17 21 24 28 32 36 39 41 43 43 42 44 44 45 46 50 51 56 60 61 59 61 67 64 66 66 67 56 67 57 67 53 46 49 56 62 75 60 48 45 48 45 46 44 41 43 46 55 61 60 49 43 36 34 33 34 38 42 42 44 47 46 42 37 34 37 44 48 50 50 47 47 49 50 48 46 46 45 42 41 42 44 44 44 44 44
9 10 10 10 11 12 14 14 14 14 17 19 24 26 30 32 36 36 39 42 43 44 45 47 49 52 57 58 55 55 55 57 57 62 54 62 64 64 72 65 70 59 51 48 57 70 83 74 52 45 43 41 41 41 42 43 44 48 53 60 54 47 42 38 38 39 44 44 42 44 48 51 49 44 34 34 38 42 47 52 49 44 44 44 46 45 43 45 44 40 40 40 41 41 42 44
10 10 10 10 11 12 13 14 14 15 18 19 22 26 31 29 31 33 36 38 42 43 44 46 48 52 51 51 51 53 52 54 61 59 48 53 66 67 73 76 74 64 56 50 58 63 74 72 53 45 46 46 46 45 41 41 43 45 48 49 54 54 51 45 38 42 47 49 46 43 43 42 43 42 37 34 39 47 49 58 56 46 42 41 43 46 43 43 43 41 40 40 40 41 43 46
10 10 10 11 12 12 12 14 15 15 18 18 19 22 25 26 31 32 33 36 39 44 44 46 47 45 51 54 56 53 55 42 43 43 50 58 66 71 76 74 57 48 48 48 52 55 54 60 51 48 54 54 52 47 46 43 43 45 46 48 50 56 54 47 40 40 44 48 47 44 41 41 43 43 40 35 38 52 57 58 56 45 39 40 43 47 45 42 42 42 40 39 39 41 44 51
10 10 11 7 11 9 9 9 10 15 16 18 17 19 21 25 30 31 32 36 38 40 43 43 43 45 48 49 51 46 38 43 54 57 57 58 50 70 75 66 53 53 55 50 55 52 47 50 44 48 54 55 52 51 51 48 47 49 51 49 54 58 53 42 40 41 44 47 51 49 49 51 52 48 38 33 33 41 52 51 48 43 39 40 43 48 43 42 42 42 38 38 39 39 43 51
11 11 11 7 11 12 8 9 10 10 11 17 17 18 21 25 27 30 30 32 36 39 41 40 43 45 45 47 47 34 41 55 60 62 62 64 53 64 70 72 63 63 69 57 67 56 48 43 43 45 50 55 57 52 54 52 53 54 54 48 50 55 51 42 41 47 49 49 47 46 46 49 49 40 34 33 33 36 42 45 46 43 41 41 42 42 42 41 42 39 37 37 37 39 41 47
7 7 7 7 7 7 7 8 8 10 16 17 17 17 20 25 26 26 26 30 34 37 37 39 40 42 42 43 39 42 49 55 59 63 65 66 65 70 72 70 60 69 75 71 54 52 45 42 42 46 50 58 61 58 54 56 51 47 46 47 48 53 47 46 47 48 49 43 39 35 36 40 43 39 38 38 37 37 39 41 44 45 43 41 42 44 45 42 39 37 37 37 36 36 39 45
7 7 7 7 7 7 7 7 8 9 10 16 17 17 18 20 23 23 25 27 31 30 29 32 33 37 36 38 41 44 46 53 58 63 62 63 65 68 67 71 67 69 72 66 71 57 45 43 43 45 47 49 52 53 52 48 46 47 45 46 48 51 47 49 46 41 44 43 36 35 36 43 48 40 42 44 39 38 38 36 39 43 45 45 45 49 49 42 37 36 36 36 36 37 39 42
7 7 7 7 7 7 7 7 7 8 10 17 20 19 17 17 18 21 24 26 26 25 32 32 35 37 39 41 42 46 47 51 54 55 57 59 60 62 68 68 74 73 72 69 55 52 55 50 47 47 48 49 50 47 45 43 42 44 44 45 49 53 49 47 39 39 41 38 38 36 36 38 42 42 42 42 41 39 36 35 36 42 48 48 47 53 44 39 36 36 36 36 36 38 39 42
7 6 6 6 7 7 7 7 7 7 10 10 20 18 11 17 18 19 21 22 21 24 26 27 32 35 39 39 43 44 47 52 51 51 53 55 57 65 65 64 67 70 69 72 77 75 73 57 52 49 49 47 43 41 40 40 42 42 42 44 49 51 50 42 40 41 41 40 40 42 41 40 46 46 42 39 35 32 33 33 36 45 50 47 44 44 40 36 36 36 36 38 38 38 40 42
6 6 6 6 6 6 6 7 7 7 9 10 10 18 18 18 11 18 19 18 21 25 28 32 32 35 37 41 42 42 44 47 36 48 51 50 52 58 58 60 62 67 69 70 73 77 73 76 66 49 41 41 39 40 40 40 40 40 43 44 46 47 45 43 43 43 43 43 43 45 42 42 46 52 47 40 34 32 33 33 34 38 42 40 40 38 36 36 36 41 43 42 39 38 40 42
6 6 6 6 6 6 6 6 7 7 7 10 10 16 17 19 11 11 11 19 21 25 24 25 29 31 34 39 38 39 42 44 41 38 45 48 42 52 55 55 65 59 66 69 64 67 83 70 65 51 39 38 38 38 38 40 40 42 45 44 44 44 46 47 48 49 46 48 46 45 44 42 43 44 41 37 34 32 33 33 34 35 37 37 37 35 35 36 41 50 56 46 42 39 39 42
6 6 6 6 6 6 6 6 6 6 7 7 8 8 8 8 10 9 11 18 19 19 21 24 23 26 32 36 34 35 39 39 38 31 34 35 37 38 41 53 51 62 67 61 62 71 80 76 79 74 45 38 38 38 37 37 39 45 49 44 41 41 42 43 45 48 49 49 49 47 47 45 44 41 41 44 39 35 34 37 41 38 37 35 35 35 36 38 42 45 49 46 44 39 38 40
6 6 6 6 6 6 6 6 6 6 6 7 7 8 7 8 8 8 9 10 11 12 19 20 21 24 28 33 31 32 35 37 34 38 35 33 40 33 38 35 37 41 43 60 59 67 79 73 69 52 46 39 38 37 37 39 42 46 46 45 41 38 40 40 43 45 44 42 42 42 51 49 45 41 38 38 39 36 34 36 43 40 37 37 36 37 38 41 46 50 47 42 42 38 36 38
5 5 5 6 6 6 6 6 6 6 6 6 7 7 7 7 8 8 9 9 9 12 12 17 13 19 21 27 26 27 24 27 32 32 38 42 47 49 48 56 60 65 59 54 57 62 64 68 83 74 43 39 38 43 40 41 45 46 43 42 41 40 40 40 40 37 37 39 44 53 61 53 46 41 37 35 40 38 35 34 40 44 41 38 37 37 38 40 42 44 43 39 37 35 35 36
5 5 5 5 5 6 6 6 6 6 6 6 6 7 7 7 8 8 8 8 8 9 12 19 19 19 21 19 19 22 27 31 33 35 39 45 47 52 54 54 55 65 60 59 65 65 62 73 77 74 45 39 39 44 44 44 46 49 46 43 41 42 41 40 40 35 34 39 56 83 66 53 45 41 37 34 34 34 33 34 40 48 49 43 41 38 35 35 35 35 37 37 35 35 36 36
5 5 5 5 5 5 5 6 6 6 6 6 6 6 6 7 7 8 8 8 8 9 11 17 21 23 21 22 22 24 29 31 33 34 37 41 45 52 54 49 54 55 53 64 66 70 72 67 84 86 66 43 41 42 44 45 48 50 50 51 48 46 46 42 37 35 34 37 56 96 70 55 50 40 36 34 33 33 33 39 41 43 50 51 50 40 35 32 32 32 35 39 36 38 37 38
5 5 5 5 5 5 5 5 5 6 6 6 6 6 6 6 7 7 8 8 8 8 17 17 17 22 22 21 19 22 28 34 34 37 40 43 45 50 52 46 46 45 54 57 61 68 81 77 76 74 61 43 48 44 42 40 42 42 46 49 53 56 51 42 39 37 36 34 44 92 98 64 50 42 36 33 33 33 37 46 49 50 52 52 47 43 35 31 32 32 35 39 41 44 44 41
5 5 5 5 5 5 5 5 5 5 5 6 6 5 5 5 5 5 7 7 7 8 9 12 12 17 20 20 20 20 24 25 29 34 37 37 37 38 40 38 38 43 49 54 53 65 76 87 76 67 64 68 60 44 39 38 38 37 36 37 39 47 51 42 42 37 34 29 32 50 89 72 60 44 37 33 33 37 42 48 54 54 56 49 41 36 32 32 32 35 39 41 44 51 49 43
5 5 5 5 5 5 5 5 5 5 5 5 4 5 5 5 5 5 5 7 7 8 8 8 8 12 19 18 18 18 21 22 24 26 25 27 32 41 45 46 44 45 49 65 64 58 69 74 70 75 64 58 58 42 42 39 39 37 35 35 36 38 43 41 42 37 32 27 27 37 61 92 63 49 43 35 33 34 42 51 54 51 48 43 37 33 32 32 34 37 41 43 50 54 48 46
5 5 5 5 5 5 5 5 5 5 5 5 4 4 5 5 5 5 5 6 7 7 8 8 9 9 17 17 17 18 21 18 19 20 27 31 36 40 45 45 48 49 50 61 71 66 66 63 52 68 64 53 53 58 40 37 37 35 35 35 35 37 39 38 37 36 31 27 24 33 54 101 90 53 44 37 33 33 36 43 46 48 45 40 34 33 32 33 34 37 41 44 46 43 42 42
5 5 5 5 5 5 5 5 5 5 5 4 4 4 4 5 5 5 5 5 5 7 7 7 8 12 9 9 9 17 13 22 26 26 22 27 29 35 41 48 51 56 56 57 62 62 60 53 45 57 59 40 51 59 58 46 46 37 36 33 34 36 38 37 37 34 29 24 24 31 46 80 102 65 48 41 36 34 33 37 42 45 45 41 36 35 34 36 37 39 42 46 46 41 41 41
5 5 5 5 5 5 5 5 5 5 4 4 4 4 4 3 4 4 4 4 4 5 7 7 8 9 17 18 20 18 20 19 24 27 25 33 35 32 35 41 46 50 49 50 61 54 49 46 43 33 35 34 51 61 71 74 72 66 57 38 36 36 36 35 35 32 28 24 23 25 42 69 95 80 62 51 43 36 33 34 38 42 45 45 42 42 42 42 42 43 46 43 40 38 38 39
5 5 5 5 5 4 4 4 3 3 4 4 4 3 3 3 3 4 4 4 4 4 5 7 7 8 9 15 18 19 19 21 22 24 27 31 36 31 31 34 41 45 48 48 50 51 44 41 31 25 33 35 49 54 56 69 80 80 69 72 64 50 34 31 29 27 25 21 21 21 35 52 84 80 61 58 50 42 36 33 34 39 41 42 45 47 51 56 48 48 45 40 37 37 38 38
5 5 5 4 4 4 4 3 3 3 3 4 3 3 3 3 3 3 4 4 4 4 4 6 7 7 8 8 18 17 17 19 19 20 23 25 26 34 33 35 40 48 49 43 39 40 40 39 24 25 43 52 57 70 62 65 74 80 80 79 63 73 33 24 25 24 23 21 20 20 28 41 55 66 65 58 50 45 39 35 34 35 38 39 42 46 50 53 53 48 45 43 38 38 38 38
11 5 5 4 4 4 4 3 3 3 3 2 3 3 3 3 3 3 3 4 4 4 4 4 6 7 8 8 9 9 9 10 17 17 20 20 25 31 30 34 36 39 42 39 33 34 36 25 23 25 27 45 60 63 60 62 62 67 71 80 73 76 31 21 19 22 21 21 18 18 23 38 50 63 55 52 47 44 40 38 35 34 35 40 43 42 44 49 51 48 43 39 36 34 34 34
11 5 5 4 4 4 3 2 2 2 2 2 3 3 3 3 3 3 3 3 4 4 4 4 4 4 6 7 8 8 9 17 9 9 11 20 21 24 26 27 33 38 43 39 31 21 20 20 37 41 26 27 45 47 47 49 62 72 83 87 88 63 31 22 19 19 18 18 18 17 20 34 43 60 55 47 43 36 34 39 34 35 38 43 47 47 45 48 53 45 39 36 35 34 35 36
5 5 5 4 4 3 2 2 2 2 2 2 2 3 3 3 3 3 3 3 3 3 4 4 4 4 4 5 6 8 8 9 8 8 7 18 18 19 21 25 29 32 35 41 34 28 25 20 22 40 44 26 26 28 44 53 60 72 86 89 74 58 71 29 26 23 20 18 16 16 17 29 42 50 47 39 36 31 34 30 25 26 34 35 39 43 45 44 41 39 36 36 37 38 40 42
11 5 5 4 3 3 2 2 2 2 2 2 2 3 3 3 3 3 3 3 3 3 3 4 4 4 4 4 5 6 6 6 7 7 8 9 20 23 21 22 26 27 32 37 35 30 27 37 43 50 47 49 44 41 29 54 73 70 83 85 80 83 68 33 30 28 27 25 18 15 16 24 38 42 38 33 29 29 35 26 22 21 24 30 42 41 36 36 35 34 38 41 40 42 45 47
11.000000000000000 5 5 4 3 3 2 2 2 2 2 2 2 2 3 3 3 3 3 3 3 3 3 3 3 4 4 4 4 5 5 5 6 7 8 8 18 21 23 25 26 24 28 34 35 29 27 44 48 48 47 51 57 58 45 50 65 73 75 67 80 90 74 38 37 43 41 37 23 15 16 20 36 38 38 33 27 33 36 26 21 19 21 24 35 45 32 27 27 27 32 35 38 42 47 47
