data/bioclim/bclim18.asc
NCOLS 300 
NROWS 196 
XLLCORNER -121.25 
YLLCORNER 31.1666666666667 
CELLSIZE 0.0416666666666667 
NODATA_value -32768 
[rows 50 to 99 of 196, columns 192 to 287 of 300]
69 70 70 75 78 79 77 88 92 89 87 84 83 79 82 98 86 86 90 90 85 83 86 93 90 80 76 76 79 64 58 55 61 56 58 54 50 53 51 45 43 47 49 43 38 41 33 34 42 34 52 77 77 70 44 34 34 36 38 39 38 37 36 36 39 35 47 38 37 40 44 45 48 52 56 60 53 53 63 56 50 46 48 52 53 46 46 49 54 51 51 51 49 49 50 49
60 62 65 69 71 76 75 80 84 80 80 80 80 82 87 88 82 78 81 83 79 81 87 90 83 84 77 70 68 64 61 56 61 52 50 53 46 47 45 43 41 41 41 45 37 33 32 32 37 32 36 49 61 73 40 34 34 34 36 34 36 35 36 45 36 40 39 39 39 42 44 46 49 53 55 60 63 56 53 53 48 45 50 50 48 48 48 48 51 53 54 53 50 51 52 51
70 76 76 73 71 73 73 82 86 85 81 83 86 84 87 84 79 78 81 79 76 79 77 77 85 78 70 66 66 66 61 52 52 49 46 43 41 41 45 46 43 34 32 35 38 35 32 32 34 31 32 36 42 46 34 31 35 34 36 37 38 36 47 55 39 50 40 40 41 46 45 47 49 52 55 59 63 57 56 50 46 43 52 52 47 50 50 50 49 53 56 57 51 53 57 57
74 78 78 80 80 85 84 94 89 89 89 91 94 91 88 86 79 79 81 83 75 74 77 80 79 73 70 69 69 69 60 50 47 48 47 43 41 38 39 43 41 35 32 32 32 32 32 30 32 31 29 32 29 31 31 34 38 40 43 42 42 43 49 57 42 58 45 40 45 49 47 47 48 51 55 58 58 55 54 50 46 46 48 50 48 51 53 52 50 51 53 55 53 56 64 61
88 85 82 80 85 96 102 92 92 92 91 93 96 95 90 83 81 76 81 83 78 71 75 77 72 71 72 76 74 63 58 56 50 48 49 49 47 41 35 34 34 32 31 31 31 29 29 28 28 31 35 35 33 40 34 37 62 84 60 51 48 46 57 61 45 49 47 45 50 49 48 49 49 51 56 60 57 52 50 48 46 46 50 50 50 53 54 54 52 53 53 53 56 58 61 59
78 78 78 77 78 81 89 89 92 87 86 86 87 100 85 79 76 71 71 72 70 70 70 70 69 70 77 81 78 60 58 53 50 49 52 49 49 50 37 34 34 33 32 31 31 28 28 28 28 29 35 42 37 47 37 48 98 114 67 57 53 49 59 64 52 51 54 49 65 51 49 55 54 52 55 58 55 51 50 48 48 48 51 57 53 51 53 54 55 55 58 57 58 59 58 57
71 74 79 82 79 78 80 87 86 84 91 91 84 85 76 73 71 70 71 72 70 68 69 68 70 74 82 83 75 64 63 59 58 55 49 46 55 56 43 35 32 30 32 31 29 28 28 28 28 29 30 34 47 52 36 48 57 63 59 57 59 53 63 67 59 51 58 55 70 53 50 52 53 55 57 57 52 51 50 48 50 49 55 56 53 51 52 53 58 58 58 58 59 61 61 59
73 75 81 82 82 79 78 79 81 83 93 88 83 76 73 71 70 67 69 68 68 70 70 71 75 85 87 84 71 71 71 68 67 65 59 57 54 48 43 35 32 30 30 28 27 27 28 29 32 30 32 34 37 47 40 44 55 60 59 60 63 57 61 69 54 53 61 67 62 51 50 51 53 55 58 57 53 52 51 51 53 52 60 55 52 51 53 53 55 60 61 63 63 63 61 60
75 75 78 79 80 81 80 81 82 83 90 82 75 75 72 69 67 68 69 70 72 72 74 77 82 90 89 90 77 73 73 75 73 71 67 69 69 67 46 36 32 30 27 26 27 30 32 29 30 32 34 35 38 39 41 45 48 56 63 65 66 63 65 74 68 57 64 81 60 56 53 52 56 57 64 61 62 58 55 55 55 57 55 53 53 53 55 56 55 56 59 65 70 68 68 65
77 76 79 79 80 81 80 80 80 77 76 75 73 70 69 67 68 70 72 73 75 79 79 83 91 98 96 96 80 77 77 80 79 77 74 76 75 68 40 36 33 32 32 32 32 33 40 37 31 29 33 34 35 37 37 40 44 48 52 59 69 67 72 80 79 61 81 70 61 61 60 55 60 62 65 62 60 58 55 55 53 53 53 53 53 55 57 58 58 56 56 60 63 65 69 82
80 78 79 80 81 81 83 83 81 78 76 74 71 70 69 69 72 74 76 77 79 83 85 98 105 106 105 97 77 84 84 85 83 81 81 85 70 44 36 36 37 37 38 42 40 37 42 42 35 35 39 44 43 42 44 44 44 46 50 58 69 72 80 83 89 82 92 81 70 66 70 68 60 60 60 57 55 55 54 53 53 54 55 55 53 53 55 59 61 60 58 61 63 65 72 81
84 82 79 80 81 83 85 86 85 81 76 73 71 71 71 71 75 77 79 81 83 87 93 112 115 113 108 91 70 83 87 90 85 85 87 68 45 37 36 42 49 50 50 49 45 43 45 47 42 37 39 46 49 51 50 51 50 50 48 57 68 80 84 82 87 84 88 87 70 65 66 64 59 58 58 55 55 55 55 57 55 55 55 54 55 55 55 57 62 65 64 63 61 65 72 80
86 84 81 81 81 81 83 86 83 78 76 76 74 75 74 74 78 79 83 85 88 92 107 119 122 119 113 93 74 64 61 59 69 87 78 45 41 39 37 56 55 52 53 53 52 50 47 50 47 44 44 46 49 51 52 56 55 48 54 58 67 78 78 79 81 79 81 90 70 62 61 60 59 59 57 58 58 60 60 62 57 55 55 56 57 57 54 56 61 65 67 72 67 65 71 79
88 89 84 82 82 81 83 82 80 79 78 78 78 78 73 78 78 85 88 90 93 98 119 124 127 127 121 94 86 65 59 57 54 53 48 44 43 43 48 65 61 58 55 56 60 56 52 52 53 47 46 48 50 53 56 58 56 52 52 64 73 73 74 75 81 76 75 83 65 70 67 63 62 60 57 60 61 62 62 59 56 55 57 58 60 61 56 55 57 63 72 72 74 72 75 77
89 89 86 84 83 83 83 83 82 81 82 80 78 78 76 72 83 87 91 94 100 109 125 129 131 134 125 100 93 74 62 57 53 51 48 46 47 49 51 68 68 62 58 57 60 60 55 52 53 49 48 51 54 56 58 61 59 61 60 71 71 71 73 74 81 84 78 72 89 99 94 92 67 61 61 63 62 60 58 58 58 58 58 60 61 60 58 56 58 58 63 65 72 72 74 84
94 93 93 91 86 85 85 85 85 83 83 85 81 75 77 74 87 90 94 100 109 117 127 131 134 136 125 110 99 87 63 58 54 54 53 51 53 53 58 70 70 68 64 60 62 60 59 55 55 51 51 56 56 60 65 69 67 71 67 67 66 69 71 73 75 77 74 86 87 89 92 97 87 66 65 65 62 60 62 62 60 59 60 61 60 60 63 56 58 60 63 65 67 69 76 86
97 94 95 93 91 90 88 90 89 88 86 77 75 72 63 79 84 89 96 103 112 119 127 132 135 139 133 122 103 83 66 61 59 59 55 55 58 60 57 67 77 74 67 59 59 60 62 62 62 59 58 60 60 70 71 74 69 69 64 64 64 67 68 72 72 75 82 81 79 83 87 92 95 83 67 64 63 63 65 65 63 62 64 63 63 63 65 58 58 60 65 67 67 73 86 101
100 97 96 95 95 95 93 92 90 90 90 88 88 82 63 76 70 88 100 104 115 122 127 134 137 140 138 132 111 91 68 64 61 54 58 61 61 65 66 60 79 75 69 62 57 58 60 63 66 62 61 62 64 69 71 66 66 62 62 62 63 64 66 69 77 85 82 76 76 83 81 83 91 89 74 71 67 67 67 65 63 65 65 65 65 65 67 58 63 60 60 63 65 68 76 110
102 104 105 102 97 98 98 96 93 92 90 92 92 85 65 65 72 97 104 109 117 123 129 133 139 143 141 136 120 92 71 69 62 59 63 63 65 69 69 66 65 75 67 60 57 57 57 59 61 59 61 63 67 71 69 62 62 60 60 60 62 64 70 80 88 83 77 73 75 77 79 82 89 91 91 95 80 84 73 67 67 67 67 67 65 66 62 58 62 62 62 65 67 69 71 79
103 105 107 101 95 100 100 98 98 95 92 92 94 85 62 69 81 76 83 102 111 124 129 135 139 145 144 140 115 87 76 73 70 56 63 68 70 69 70 70 64 74 64 57 55 55 55 57 59 59 60 61 63 64 61 60 58 57 57 62 66 71 73 76 77 74 74 70 74 78 82 86 88 92 94 90 93 96 98 80 71 71 71 69 68 67 62 60 61 64 65 69 72 73 75 77
109 111 119 107 91 100 102 100 93 98 96 92 92 90 68 66 61 59 65 72 86 117 129 134 138 144 146 143 129 95 82 78 60 65 71 70 70 70 70 72 70 67 62 55 55 53 55 55 60 63 59 60 63 61 57 57 57 57 66 71 75 75 68 70 70 66 69 73 75 79 83 85 91 97 92 87 87 90 93 96 88 82 72 67 66 65 62 60 62 65 69 72 76 79 80 81
115 121 112 104 89 100 104 99 77 95 99 87 72 65 63 73 90 92 78 72 92 110 126 132 136 142 146 146 146 115 98 85 65 67 74 72 71 72 72 74 70 66 59 55 55 52 52 57 63 63 59 59 60 61 56 55 55 63 66 71 73 68 67 66 66 70 75 83 80 80 82 88 92 94 94 88 82 86 90 94 100 107 81 68 67 66 64 61 62 66 71 75 79 82 85 86
90 108 110 91 89 106 106 90 72 77 86 70 65 70 67 92 92 83 72 81 105 103 110 118 128 138 140 144 146 139 115 93 71 64 78 75 73 72 72 69 65 64 59 56 55 52 52 54 60 59 58 58 58 57 56 54 55 59 64 68 70 64 64 66 70 74 82 82 79 79 82 85 89 89 83 84 92 95 98 97 98 98 88 70 70 67 63 62 64 69 72 78 83 86 90 92
79 110 114 86 92 92 95 74 70 70 72 78 65 77 94 97 95 70 74 94 94 75 66 88 124 131 133 133 138 139 116 66 55 58 73 77 74 70 68 63 60 65 60 55 56 53 52 54 59 56 56 56 56 56 55 54 57 63 66 66 64 61 66 71 72 77 82 79 77 79 84 84 84 82 82 88 95 98 102 94 92 93 93 70 68 68 68 63 67 70 77 81 85 89 95 99
75 101 100 83 84 79 76 76 74 81 97 86 83 69 94 101 101 82 76 70 76 57 63 88 120 91 107 131 131 121 128 90 68 61 62 80 75 69 65 60 60 62 60 56 54 54 53 53 52 52 54 54 54 56 52 54 59 62 61 64 61 63 66 68 72 79 81 74 75 80 79 76 78 81 91 93 90 92 94 89 86 95 87 71 70 73 70 66 68 72 79 85 90 91 98 102
67 80 75 65 79 94 81 95 74 97 104 95 89 78 72 89 101 105 93 70 92 85 55 73 75 68 102 124 113 100 130 124 77 60 53 72 73 60 60 60 60 58 58 54 51 55 54 53 52 52 52 52 52 52 52 54 55 55 62 63 59 63 66 68 72 77 76 74 77 76 74 75 81 87 88 87 83 87 88 82 84 89 90 73 72 70 70 68 68 73 79 84 85 94 102 100
60 62 80 84 94 110 87 92 98 106 105 103 92 98 73 82 94 103 103 99 108 103 56 54 57 70 88 108 111 118 122 118 81 53 53 80 72 66 59 58 57 55 55 53 48 48 51 52 50 50 51 49 49 49 53 55 55 56 56 58 62 66 69 72 74 72 72 74 73 73 76 80 81 82 84 83 81 86 82 84 80 81 85 75 74 72 70 68 68 72 78 84 88 95 99 104
53 76 102 101 109 106 103 101 109 108 107 105 100 102 91 82 98 101 103 104 106 106 101 77 63 83 105 111 113 119 109 86 60 48 56 86 70 62 61 59 56 55 55 52 48 46 46 47 47 48 49 55 57 54 56 56 58 60 63 63 66 68 72 74 71 72 73 71 72 76 80 81 78 78 78 79 91 83 83 85 78 75 74 72 71 70 70 70 70 74 81 85 91 93 103 102
69 109 112 105 121 112 112 110 111 110 108 107 105 104 103 96 95 101 101 103 105 106 108 109 99 108 115 115 115 114 84 68 50 61 83 93 74 67 62 61 61 57 54 50 47 46 48 53 53 54 57 63 63 56 56 58 60 62 67 69 69 70 72 70 70 72 70 70 74 78 81 76 78 80 78 80 83 78 81 82 77 76 74 74 74 72 72 74 70 76 81 87 92 93 99 104
87 121 114 114 121 118 114 112 112 111 109 108 106 105 105 100 100 99 100 101 105 107 105 107 109 112 114 117 118 114 87 73 88 110 111 99 79 74 70 67 63 58 55 50 47 48 48 50 57 61 61 64 67 63 60 60 64 64 67 71 71 69 68 71 71 70 68 72 74 76 78 76 78 83 78 80 77 87 89 97 89 83 80 76 74 74 72 74 72 76 81 87 91 96 103 105
95 116 114 125 121 121 116 114 112 112 111 109 108 107 106 105 102 100 102 100 101 107 107 106 110 112 112 114 117 122 123 115 112 108 106 101 88 74 72 68 64 58 56 51 48 49 48 49 59 61 65 67 69 71 71 69 66 71 69 66 66 67 71 74 71 69 72 74 75 74 75 78 80 78 76 80 84 82 91 98 96 83 78 76 74 74 74 74 72 76 80 87 98 107 112 115
93 113 116 127 125 121 118 114 114 113 111 110 109 109 107 105 105 102 102 102 102 102 107 106 112 114 114 116 117 119 124 125 112 103 101 96 95 92 81 67 62 56 53 51 49 49 49 50 57 61 63 68 71 72 71 71 73 75 66 64 68 74 76 72 67 72 75 74 74 72 76 79 75 75 82 79 82 82 87 95 100 91 80 78 76 76 76 77 74 77 80 87 100 101 112 120
118 125 125 127 125 123 119 116 115 114 112 111 109 109 109 107 104 102 102 102 103 103 105 106 109 114 116 116 117 121 123 123 122 116 113 113 113 108 106 99 78 59 54 51 48 48 51 50 53 63 63 68 70 69 69 71 73 68 64 66 71 77 74 68 70 75 76 75 74 76 75 74 76 80 85 89 91 93 96 101 102 98 84 80 78 77 78 79 76 79 82 89 100 109 117 122
124 122 134 127 127 124 122 116 115 113 112 111 110 109 109 108 105 104 104 104 103 105 105 106 109 111 113 113 113 117 119 119 118 117 116 115 111 105 100 99 82 61 57 54 51 49 53 52 52 58 65 65 65 67 70 69 66 64 66 71 73 69 68 67 72 78 74 71 71 71 71 78 80 82 87 89 91 91 95 100 93 98 89 80 80 79 80 84 84 80 89 100 103 110 118 122
119 118 129 122 121 127 124 118 117 115 112 111 110 111 109 109 106 106 106 104 104 109 109 108 108 111 111 113 111 113 115 115 114 116 116 114 109 105 99 87 69 63 61 57 54 52 51 55 54 55 58 66 67 67 68 66 64 66 70 75 70 68 66 68 74 77 72 68 69 70 75 78 82 84 87 88 88 90 93 95 89 87 86 84 82 82 83 84 91 91 93 98 102 107 112 119
100 116 127 120 117 126 125 120 118 117 114 111 110 110 111 111 109 108 106 105 106 112 111 109 110 111 111 112 111 113 115 116 116 116 114 111 109 106 98 82 73 69 65 60 56 55 53 55 55 56 58 63 67 69 68 65 66 68 73 72 69 67 66 68 70 70 68 68 71 76 81 85 87 87 84 83 89 91 89 89 85 86 91 91 87 86 86 88 94 93 93 95 100 107 112 118
94 116 126 119 114 123 126 121 119 119 124 117 113 110 111 111 109 108 108 108 108 112 111 111 111 111 112 113 115 116 117 116 117 118 114 111 109 102 94 82 77 73 72 71 61 57 55 55 57 57 58 61 65 69 69 66 68 71 72 70 68 66 68 70 69 68 68 70 73 77 80 83 81 80 84 89 91 90 86 89 84 85 91 89 89 91 86 88 91 91 93 98 102 107 112 118
106 118 126 122 113 120 130 125 123 122 125 126 121 115 114 117 110 109 109 109 109 111 113 113 113 113 113 115 115 117 119 118 118 118 115 113 106 99 91 86 82 79 77 75 70 66 57 57 60 61 60 61 63 67 68 65 68 70 72 70 66 70 70 68 67 68 68 72 74 75 75 76 80 82 89 91 90 86 88 87 83 85 87 86 89 85 84 86 91 95 97 100 104 109 113 117
107 113 120 121 112 125 132 130 125 124 123 128 130 121 121 117 113 112 113 113 113 113 114 115 115 115 117 117 117 119 122 122 122 120 117 116 106 100 97 93 88 84 79 77 75 66 59 59 61 65 64 65 67 67 66 67 68 69 68 68 68 72 70 68 68 70 72 72 72 73 75 75 77 81 83 89 85 83 83 84 82 84 87 85 85 82 86 91 95 100 102 104 108 111 114 118
111 111 111 109 112 131 132 127 125 125 128 132 132 126 123 121 116 115 115 116 117 117 117 118 119 119 119 119 120 121 124 124 124 123 120 115 108 106 105 100 94 88 84 81 77 68 61 61 62 68 69 67 65 65 65 66 68 69 68 67 70 70 68 68 70 72 72 72 72 74 76 76 76 80 80 81 81 81 79 80 79 83 84 83 82 85 87 91 95 100 102 106 107 111 116 120
110 111 109 109 116 136 129 127 123 127 130 136 132 125 124 123 119 116 119 119 120 121 121 121 122 123 123 123 125 126 130 132 130 128 125 118 116 114 116 112 100 93 89 86 80 70 66 63 63 67 69 68 67 67 67 67 69 68 67 68 70 68 68 72 73 72 70 74 80 83 87 81 85 83 85 83 83 81 79 79 79 80 79 82 85 89 93 96 98 97 101 109 113 117 119 120
111 111 109 109 109 120 127 127 123 123 130 134 128 125 125 123 120 120 121 123 123 125 125 123 125 127 127 128 130 137 139 137 142 139 139 140 133 129 128 120 109 100 95 90 83 76 72 68 68 69 69 67 69 71 69 68 68 68 68 68 68 68 72 72 70 72 73 76 79 86 93 89 92 91 87 85 83 81 79 79 79 79 81 85 87 90 93 95 95 93 100 105 111 116 118 118
113 115 109 109 109 110 128 127 123 123 127 138 134 133 128 125 123 124 125 124 125 129 129 129 127 129 138 136 137 143 144 144 150 150 150 150 150 142 140 125 116 111 102 97 91 84 81 73 70 70 70 69 69 71 73 71 70 69 69 69 69 70 70 71 71 74 76 79 82 85 93 93 90 94 87 83 81 83 81 79 79 79 81 85 86 87 91 94 94 93 97 102 109 113 116 118
114 116 113 111 110 110 118 131 125 122 127 134 138 134 128 125 126 125 122 124 126 132 134 134 133 135 140 142 147 150 149 153 165 170 164 159 165 153 142 129 123 123 111 104 95 91 88 79 75 73 73 72 71 71 74 75 72 71 70 71 71 71 71 70 72 78 83 81 87 90 87 88 89 93 91 84 81 85 85 79 79 80 81 83 85 88 92 92 92 92 95 101 105 111 115 114
114 114 117 116 113 112 112 133 127 120 124 131 142 134 130 127 123 121 124 129 129 134 139 138 140 142 147 151 154 157 155 157 162 181 172 170 170 171 167 150 141 145 130 116 106 97 93 85 81 76 75 73 73 71 72 75 75 74 72 72 72 72 72 72 74 76 78 81 84 85 84 87 89 87 85 83 78 83 85 81 81 79 80 83 87 87 91 87 90 88 92 96 103 105 111 111
114 114 115 123 121 120 116 123 118 117 121 129 138 134 130 126 121 122 126 136 137 140 144 144 146 150 149 150 156 170 170 163 165 168 170 176 184 223 211 173 146 141 139 134 118 105 98 95 88 84 82 77 75 74 73 74 74 73 72 74 74 74 76 75 74 76 78 78 83 83 89 88 90 87 85 81 77 79 81 80 79 79 82 83 83 87 90 87 87 90 94 99 101 104 109 107
114 114 118 129 125 123 115 115 119 117 121 128 131 131 127 121 121 120 122 138 140 142 148 152 152 152 156 156 160 165 170 164 166 167 170 174 182 207 208 171 143 134 136 132 119 109 103 102 98 93 88 84 79 77 75 75 74 73 72 72 72 74 78 78 78 77 78 81 85 85 90 87 83 78 78 77 77 78 79 80 81 81 81 83 83 85 85 85 90 94 96 94 96 99 102 101
114 116 118 125 129 123 116 118 119 119 124 132 133 129 122 118 121 122 122 130 134 144 152 161 163 160 162 164 162 162 164 165 166 165 168 171 165 167 175 174 145 134 132 127 122 115 109 104 100 95 92 88 84 80 77 76 75 75 74 73 73 74 78 78 83 80 80 82 83 87 93 87 87 77 75 80 83 83 82 82 82 79 81 81 82 83 86 91 94 99 94 93 94 99 97 95
115 118 122 131 129 127 120 117 119 123 123 136 135 126 121 119 119 120 121 125 134 144 156 161 169 172 169 167 164 163 160 160 166 164 163 168 169 164 156 161 144 140 132 127 126 117 115 111 103 98 94 92 88 85 81 79 77 76 76 75 74 74 74 76 77 78 85 85 86 89 89 81 81 75 77 77 82 82 80 80 79 80 80 81 82 85 88 91 94 94 92 90 92 94 92 95
122 117 122 131 131 135 127 120 118 118 116 121 124 122 122 120 121 121 123 126 132 147 159 162 177 178 172 170 166 163 160 160 166 166 166 169 165 160 151 149 147 141 136 131 127 122 117 113 107 103 100 97 92 89 86 81 79 79 78 77 76 75 75 75 76 77 80 85 85 85 88 77 79 77 77 80 82 80 78 80 82 82 85 84 85 85 88 91 91 92 90 90 91 92 95 97
