data/bioclim/bclim16.asc
NCOLS 300 
NROWS 196 
XLLCORNER -121.25 
YLLCORNER 31.1666666666667 
CELLSIZE 0.0416666666666667 
NODATA_value -32768 
[rows 0 to 43 of 196, columns 192 to 287 of 300]
79 72 68 69 68 66 66 63 64 64 65 65 66 67 67 67 69 71 75 80 88 100 112 122 143 132 103 99 101 108 103 93 90 99 110 111 99 89 84 85 94 113 160 176 158 137 115 106 129 118 128 109 96 81 77 74 76 77 77 77 79 79 79 83 79 73 71 69 67 67 76 83 86 81 77 72 66 75 100 106 114 120 126 134 126 118 113 116 122 123 111 99 95 92 91 90
74 72 69 68 67 66 65 65 66 66 66 66 67 67 67 70 71 73 77 81 88 97 106 122 126 118 99 96 104 115 107 95 87 90 98 96 96 85 86 88 110 128 168 178 165 147 117 103 110 105 87 83 83 77 74 72 74 77 78 82 85 87 87 87 79 74 70 70 67 66 70 77 74 80 81 75 70 75 81 89 109 129 131 132 129 123 120 126 122 109 107 107 99 91 86 80
72 69 69 72 69 66 65 65 65 66 67 67 70 69 70 71 73 76 79 82 88 94 99 104 108 108 99 96 102 111 100 93 86 85 90 90 87 82 86 105 125 145 175 165 156 131 133 111 133 123 110 81 74 74 72 71 73 75 77 86 95 99 99 103 95 76 71 70 71 66 68 74 69 72 80 78 66 75 81 88 96 108 129 137 125 131 126 129 119 108 98 96 96 91 85 78
69 66 67 69 69 66 66 66 66 67 68 69 71 71 72 73 75 79 81 84 88 92 97 102 103 103 110 105 102 107 98 94 84 82 85 84 82 83 96 122 136 156 175 149 121 111 115 108 118 111 92 79 73 71 71 71 71 74 75 74 79 89 102 101 82 74 73 73 72 68 75 86 81 78 69 70 72 78 81 86 94 103 119 134 123 129 127 119 104 97 90 88 87 84 79 75
68 65 64 66 66 66 66 66 67 69 69 69 72 72 75 76 81 81 83 85 90 92 96 99 101 103 113 123 98 103 98 91 83 80 79 79 79 82 100 123 127 154 172 148 137 133 115 95 117 109 81 75 73 72 70 70 69 71 73 76 78 81 83 83 81 77 71 71 70 66 66 83 82 81 76 66 77 82 86 91 91 96 108 116 121 117 109 113 111 100 90 83 78 75 75 74
65 63 63 63 64 65 66 67 71 71 71 71 74 74 77 78 83 86 86 87 90 93 96 101 102 105 127 120 96 99 97 89 82 78 77 77 77 80 88 94 112 139 164 167 143 151 132 105 92 82 76 75 73 72 72 70 70 68 73 79 76 79 83 89 86 83 75 69 68 66 64 71 82 69 63 66 73 73 78 85 92 101 99 105 107 108 99 94 93 95 90 82 77 76 74 73
62 62 62 62 65 65 67 75 81 80 73 73 75 77 78 81 85 90 89 89 93 97 101 102 102 109 140 114 94 99 103 88 81 78 75 76 76 87 112 120 139 166 150 127 117 124 140 128 107 82 76 73 73 76 73 73 70 73 79 81 76 71 70 76 81 86 75 69 65 65 63 66 71 64 61 62 70 73 80 88 92 98 93 101 96 102 102 87 79 78 77 75 73 74 73 73
62 62 62 62 64 66 74 90 81 79 74 75 77 80 81 84 86 89 90 91 98 101 106 104 105 119 152 120 93 92 93 84 79 75 75 74 78 88 105 130 135 156 157 140 125 116 112 110 107 88 79 76 77 75 73 71 73 76 79 84 74 73 73 69 72 71 67 69 65 63 62 62 61 61 60 62 65 68 77 77 82 82 86 90 89 90 90 85 78 76 74 73 72 73 72 73
61 61 61 62 65 71 87 96 81 78 76 77 79 81 83 86 88 91 92 95 100 104 107 103 108 131 147 128 100 88 84 79 76 74 74 79 92 104 114 119 114 126 137 127 119 120 121 101 82 79 78 78 78 75 73 73 76 80 81 81 78 78 77 79 78 72 66 66 63 63 62 61 61 61 61 62 64 65 68 74 75 78 78 81 79 79 78 77 75 74 74 73 72 72 72 70
61 61 61 62 65 80 89 89 83 80 79 79 80 83 85 88 89 92 93 96 100 106 105 103 108 131 139 121 108 89 82 76 74 72 74 80 81 91 106 104 104 105 113 120 119 108 93 89 76 76 78 78 75 75 74 78 83 79 82 85 81 83 83 86 85 80 72 66 60 61 63 61 61 61 62 62 64 65 67 71 70 73 73 73 75 76 75 74 73 73 72 72 72 72 71 71
61 61 62 63 70 92 93 92 89 82 79 80 82 84 88 92 91 94 94 97 103 105 106 123 128 121 121 113 98 86 76 73 71 71 76 79 75 85 87 99 92 101 113 113 101 86 78 76 75 79 85 76 75 75 78 83 90 85 90 93 88 88 88 91 91 86 77 64 62 61 61 61 61 60 62 64 65 65 66 68 69 70 71 72 74 74 74 74 74 74 73 72 71 71 71 72
61 61 62 66 76 92 95 95 88 82 79 81 83 85 88 91 91 94 97 99 103 104 121 141 151 126 108 100 91 75 71 71 72 76 85 88 87 108 101 107 93 101 116 115 103 88 75 73 76 76 78 73 71 74 81 90 91 94 96 95 93 91 90 88 88 86 72 60 60 60 63 62 61 62 61 62 65 65 67 69 69 69 71 74 76 76 74 73 74 77 78 75 75 75 73 72
60 61 62 67 75 87 92 81 80 79 81 83 83 86 89 91 91 94 99 103 104 108 126 145 126 112 96 86 74 70 68 72 82 79 90 101 98 111 123 117 105 104 114 110 84 77 75 76 73 70 71 69 71 78 87 95 96 100 96 96 93 93 90 88 84 83 67 60 60 60 62 64 64 61 62 62 65 65 68 69 69 69 71 72 75 78 80 77 75 75 79 83 82 78 75 74
60 61 62 66 78 80 80 77 77 82 85 85 88 89 92 93 92 98 101 101 100 103 123 120 115 100 86 74 68 67 68 78 92 90 88 99 114 141 142 138 133 119 107 104 86 85 81 78 75 70 69 67 72 82 90 87 83 90 91 93 90 88 85 81 77 67 61 60 61 60 61 62 63 63 62 61 62 65 67 67 70 71 71 71 72 76 77 78 78 75 80 84 88 85 79 85
60 61 63 70 77 74 73 76 79 89 86 89 95 92 95 95 95 101 106 115 106 99 107 112 111 96 78 70 66 71 76 94 96 95 96 116 134 151 170 162 148 131 116 115 97 89 80 76 71 70 68 68 75 80 77 75 83 90 90 90 88 82 79 73 70 63 63 62 61 60 61 61 61 63 62 62 64 65 67 70 74 77 74 71 72 73 75 78 75 75 79 85 82 73 81 100
63 65 68 75 71 71 73 76 79 83 86 94 99 98 101 99 101 111 119 117 118 120 125 121 100 85 74 68 73 91 111 115 107 98 96 131 156 151 164 148 152 149 132 120 104 96 82 74 72 70 69 70 70 72 67 77 85 87 87 82 81 76 74 71 65 63 63 62 61 63 62 63 65 66 66 65 65 68 72 74 77 80 76 78 77 72 72 76 79 81 79 78 76 76 93 95
73 78 83 72 70 71 73 76 79 83 88 92 95 98 99 101 103 120 125 113 118 129 128 106 80 74 70 71 102 144 150 139 111 101 98 131 156 158 153 136 150 156 131 113 105 83 74 75 75 70 72 75 78 76 67 75 82 80 78 72 74 70 67 66 65 64 64 64 64 64 64 67 68 68 68 68 65 69 72 75 77 77 80 80 77 77 75 73 73 80 81 86 80 88 97 115
100 86 76 73 71 71 73 74 77 86 98 89 92 95 98 97 103 112 118 113 112 108 98 84 75 73 70 81 108 153 161 150 113 99 101 141 188 147 136 136 136 141 135 108 92 79 75 74 72 70 73 77 76 75 65 70 73 72 70 68 65 63 66 66 65 66 67 66 66 66 68 69 68 68 68 68 67 67 71 74 80 82 85 83 81 77 75 75 71 76 82 93 98 93 106 121
103 86 80 76 70 71 73 75 80 90 107 95 92 97 104 99 112 137 117 106 104 90 94 87 85 78 82 115 136 142 146 133 106 92 116 158 158 138 147 128 125 126 128 103 88 81 76 75 76 73 69 73 79 81 72 67 64 62 63 63 63 62 62 65 67 67 69 69 68 68 70 69 69 69 71 73 67 69 70 77 80 84 90 92 88 78 70 75 73 76 81 88 103 122 123 162
98 88 92 85 73 71 74 77 82 94 117 112 99 99 102 100 125 153 134 121 119 122 125 91 93 93 107 136 162 153 137 117 96 93 116 141 138 140 129 119 113 119 144 121 97 83 78 76 77 74 71 72 76 79 73 61 58 57 58 59 62 59 62 65 67 70 74 71 71 74 72 71 71 72 72 73 72 67 70 77 80 85 91 92 93 75 70 73 78 85 80 88 105 125 148 174
95 85 85 79 74 72 74 78 85 96 119 127 121 120 118 109 133 153 144 136 164 143 121 102 82 92 116 155 152 140 126 107 90 99 123 127 127 121 116 106 108 127 152 133 102 85 82 81 76 71 69 67 66 64 62 59 59 58 57 57 59 59 62 64 66 69 71 73 74 76 75 74 74 72 75 75 72 67 70 73 75 80 87 74 79 72 73 76 81 85 91 86 96 116 137 175
88 83 80 77 76 74 74 79 87 101 131 130 116 117 106 110 131 138 145 154 181 165 125 95 82 87 103 126 148 139 118 97 90 113 119 114 113 105 97 97 106 146 175 144 106 90 81 78 78 73 69 67 69 68 64 61 60 60 57 57 56 58 59 62 64 66 69 70 73 76 77 76 73 75 79 73 72 63 70 77 77 88 83 72 70 70 75 87 84 88 91 91 98 111 134 185
87 87 89 81 74 73 75 80 90 106 134 121 100 103 97 102 124 138 149 176 196 179 157 110 85 83 91 119 140 148 120 94 99 125 120 117 112 101 92 92 107 141 162 138 109 96 89 81 74 73 71 68 65 64 69 65 58 59 57 56 56 55 56 60 62 63 66 67 70 76 78 75 74 77 84 78 66 63 65 70 85 87 76 72 70 84 89 91 89 86 88 95 103 116 139 185
91 91 93 79 73 74 75 83 96 116 134 102 91 91 93 98 112 131 140 159 177 196 150 126 94 84 86 102 135 131 104 94 117 134 123 120 115 109 99 94 97 110 118 111 101 98 94 90 79 71 67 69 64 61 60 58 58 56 56 56 56 58 57 58 59 60 63 66 70 77 80 79 77 79 84 69 67 65 65 66 75 84 72 67 69 73 87 97 96 90 93 94 99 109 121 139
89 86 81 73 73 75 77 90 122 126 106 89 87 91 92 96 109 138 153 145 150 171 145 118 94 90 95 109 137 117 96 95 136 140 132 125 117 114 107 101 93 95 97 93 88 84 84 82 78 75 67 65 62 63 69 62 59 60 58 59 59 58 58 60 63 58 63 67 74 80 82 82 79 81 83 72 79 70 68 70 75 83 74 69 72 75 76 98 100 99 95 99 103 109 114 119
84 78 76 73 75 77 79 87 100 109 90 87 87 88 90 96 110 128 135 145 156 160 128 110 88 90 116 124 135 109 92 97 139 143 135 125 123 120 113 106 104 113 104 95 92 91 91 84 76 76 69 65 61 62 65 60 61 60 60 60 59 60 59 61 60 60 61 66 72 78 82 87 85 88 82 82 83 73 72 68 72 76 70 72 75 88 98 100 102 99 96 98 102 109 113 117
78 76 75 75 76 78 81 84 88 92 87 88 89 90 92 97 112 129 142 153 166 150 115 99 90 87 103 116 130 104 89 104 140 142 133 126 125 125 122 117 133 158 141 123 103 100 104 100 84 83 71 67 62 69 65 62 63 65 65 65 63 63 61 60 63 68 61 64 68 73 82 88 85 86 93 82 74 75 73 71 69 72 70 75 75 78 87 93 97 103 99 97 99 102 109 119
76 75 77 77 78 79 82 86 94 101 101 101 98 104 101 106 112 123 138 158 163 128 102 87 87 94 99 101 99 96 93 113 140 143 132 134 133 134 133 130 151 181 176 163 136 118 108 103 95 81 79 70 66 69 70 70 68 78 82 76 73 66 62 62 64 68 70 60 69 75 78 76 74 83 91 80 80 77 77 74 69 75 76 77 78 79 79 92 97 97 102 103 100 101 105 113
78 79 82 84 84 87 87 96 103 111 122 116 113 113 108 105 109 120 135 145 130 116 99 91 94 113 134 135 110 94 96 110 135 140 137 140 140 145 146 141 168 187 187 181 181 156 115 98 92 91 86 74 66 70 71 77 81 107 133 116 99 71 65 64 63 64 65 64 61 65 73 76 79 82 91 83 79 77 77 71 74 81 81 79 80 85 82 85 105 100 102 106 104 103 103 108
78 87 94 94 97 105 103 104 110 116 124 129 113 102 99 107 114 120 128 129 127 113 111 103 108 125 151 136 116 100 96 102 114 134 145 147 152 155 155 151 179 186 184 184 170 147 119 103 96 91 86 76 67 71 73 77 87 120 164 134 98 80 69 64 64 65 65 61 59 69 71 75 80 86 91 85 76 71 70 76 82 85 84 83 83 88 85 88 97 108 103 106 107 105 103 111
80 91 94 94 102 104 103 103 105 111 115 110 96 94 104 116 119 131 129 121 118 106 118 123 129 156 153 134 120 109 98 106 133 142 153 156 161 160 166 166 181 181 164 165 178 163 134 106 98 92 86 72 70 72 76 77 90 116 154 145 99 78 68 64 64 67 71 72 57 62 66 72 78 83 80 78 74 77 84 87 89 89 93 88 91 90 92 93 93 108 108 107 109 105 116 119
80 85 87 94 102 99 99 98 105 108 100 95 92 96 121 119 128 121 123 118 109 102 120 143 159 165 148 136 120 112 104 114 143 159 151 156 158 156 153 165 171 159 135 138 146 146 129 106 100 98 95 78 71 74 82 82 89 98 116 116 93 76 69 63 62 62 63 69 59 63 72 82 86 79 77 76 70 83 89 93 99 97 97 93 96 97 96 97 103 108 112 109 119 114 123 125
82 83 88 94 94 94 95 96 105 105 93 91 92 104 119 130 126 119 115 110 103 106 120 141 160 154 144 133 124 116 109 121 149 168 162 161 158 148 131 137 134 134 119 111 116 111 104 98 90 87 88 88 74 80 84 89 89 91 127 127 93 76 69 64 62 62 61 67 58 64 76 80 76 77 76 80 80 86 93 93 99 103 107 100 100 101 109 104 115 112 114 123 126 122 123 123
83 85 86 89 90 90 91 96 100 92 91 92 99 114 133 127 135 128 113 105 103 107 120 133 148 150 139 131 117 111 110 132 163 173 156 156 160 132 117 115 113 107 107 103 95 96 94 90 85 83 87 92 76 79 77 77 78 85 124 134 101 91 81 68 62 62 61 64 59 60 67 73 74 74 84 85 92 99 99 100 99 105 112 111 112 111 105 118 157 128 129 133 127 123 122 121
85 86 86 86 87 87 92 94 91 92 92 93 112 123 129 140 131 119 111 105 105 109 123 136 150 146 141 128 116 111 113 134 165 172 141 125 133 114 106 106 100 97 97 92 90 86 86 87 78 80 88 91 80 68 71 71 70 73 86 93 109 143 99 74 60 58 61 57 53 57 63 67 73 73 84 92 99 107 108 113 113 116 133 136 122 121 118 121 142 150 161 147 133 126 122 121
88 90 89 86 86 88 97 93 92 93 97 111 131 138 141 146 134 121 113 105 106 111 120 133 146 137 133 122 116 112 118 129 150 156 133 110 109 106 99 107 94 93 90 87 86 80 79 86 72 79 87 91 83 68 69 70 64 62 64 71 87 100 78 66 59 56 59 59 53 59 64 65 73 73 80 90 96 107 110 119 121 138 138 144 130 128 128 138 164 171 196 168 136 126 122 121
91 91 89 87 87 88 92 94 99 112 114 128 145 160 154 145 141 124 116 108 108 112 123 128 139 133 124 117 114 115 121 131 150 125 112 107 102 98 93 93 94 88 85 81 80 76 75 79 73 75 80 86 91 76 64 64 59 58 60 64 65 69 67 69 74 62 54 53 53 56 63 67 73 79 84 96 93 100 107 118 117 121 141 144 123 126 122 128 162 165 174 163 135 126 122 116
91 94 90 88 88 90 102 116 124 134 128 139 159 161 151 140 130 130 126 118 113 112 120 128 130 124 120 119 114 117 124 138 166 141 114 106 101 94 89 86 88 87 82 78 75 72 69 71 75 77 77 80 84 80 64 64 60 55 56 60 59 61 70 77 69 59 56 53 56 61 69 66 73 79 87 94 107 119 112 132 132 117 128 143 118 110 111 112 124 131 137 136 129 122 120 111
97 92 89 88 90 105 138 148 140 156 161 171 164 151 141 138 142 135 129 121 114 112 123 124 124 120 117 115 119 121 126 138 162 141 113 106 101 98 95 88 82 82 82 80 77 76 69 66 72 77 71 74 75 80 73 61 61 58 55 58 57 58 71 78 57 56 58 50 57 66 73 70 70 77 84 92 99 115 126 117 132 127 138 138 116 103 100 107 116 120 118 121 121 120 114 108
101 96 93 91 95 111 138 159 165 183 203 190 167 149 143 138 132 128 126 119 113 117 132 129 122 119 118 114 109 108 116 123 143 121 110 108 109 98 95 91 79 75 75 75 75 76 69 65 64 68 72 72 65 73 84 65 59 57 56 59 55 54 56 60 60 56 53 57 55 62 67 74 73 73 80 86 93 107 124 131 140 136 138 123 113 99 95 103 107 113 109 108 112 111 110 106
103 99 97 100 111 131 121 134 142 163 194 182 166 152 140 133 135 132 122 115 115 126 136 129 125 124 119 108 101 101 105 113 110 112 122 118 111 103 94 97 87 80 73 70 69 66 64 65 64 60 64 68 64 68 77 78 54 55 52 53 50 51 53 54 53 51 54 63 60 56 63 74 85 86 76 82 90 105 101 111 132 143 124 113 120 99 92 94 100 106 104 104 105 106 102 102
110 106 105 107 134 165 161 148 155 182 193 180 168 152 141 132 127 125 119 118 123 139 143 133 133 128 116 104 98 102 100 102 106 113 129 124 111 103 101 101 101 96 81 70 69 64 66 72 69 58 58 61 61 66 76 81 57 50 47 47 48 49 50 50 50 54 57 66 70 59 64 71 85 93 84 81 88 90 96 103 114 129 123 104 106 96 92 88 95 98 99 97 100 102 99 94
116 113 115 143 167 171 157 165 157 172 182 172 164 153 143 136 130 122 119 122 134 149 140 135 132 116 108 102 95 93 96 100 106 112 111 106 108 106 96 97 93 89 80 70 65 63 61 62 59 57 57 57 58 62 68 75 64 49 47 46 47 47 48 49 53 57 63 66 70 73 63 71 70 73 81 91 99 90 95 100 103 108 110 102 94 88 88 88 88 92 94 93 96 96 99 91
123 120 131 152 173 164 157 146 140 148 165 165 158 150 143 135 130 125 122 130 144 149 139 138 121 112 106 98 92 89 91 91 95 101 103 95 100 104 96 93 89 86 87 80 78 66 62 62 63 59 59 56 54 55 61 64 68 50 44 44 46 47 47 50 53 57 60 66 66 69 75 77 73 77 77 85 86 88 94 96 99 100 97 96 92 85 81 88 87 89 89 88 93 91 94 92
