data/bioclim/bclim1.asc
NCOLS 300 
NROWS 196 
XLLCORNER -121.25 
YLLCORNER 31.1666666666667 
CELLSIZE 0.0416666666666667 
NODATA_value -32768 
[rows 126 to 167 of 196, columns 94 to 187 of 300]
182 180 179 178 176 171 162 154 129 95 80 73 75 98 122 135 143 159 171 174 162 152 143 142 145 158 156 154 151 142 156 178 173 177 197 197 206 208 203 198 204 203 206 209 207 206 200 213 224 227 222 219 223 225 226 226 224 223 226 227 226 226 224 220 213 218 221 221 226 227 227 227 226 224 221 218 216 214 213 212 210 208 206 203 198 197 199 201 199 197 194 190 185 173
179 174 173 175 172 171 167 159 142 131 125 114 106 111 125 156 165 177 182 182 163 168 150 137 134 136 143 151 149 149 152 164 167 175 185 186 196 201 203 201 208 203 204 215 216 202 186 195 217 226 222 213 212 216 222 224 220 218 224 227 227 226 225 221 217 218 220 217 227 227 227 226 225 222 220 218 217 216 214 212 211 210 208 206 203 204 203 202 200 197 192 182 169 163
173 165 165 166 170 169 169 164 158 152 150 154 151 144 141 152 176 190 201 204 193 185 173 163 149 140 139 146 145 149 152 163 171 181 188 188 185 197 206 212 216 217 220 221 221 219 212 196 215 225 227 222 214 197 203 221 221 222 224 226 226 226 225 223 221 222 224 225 227 227 226 225 219 218 220 219 218 216 215 213 212 210 208 206 206 206 204 202 198 195 186 168 178 186
173 171 171 171 172 171 169 167 165 165 166 172 176 178 185 189 190 200 208 212 213 207 199 183 180 154 154 139 140 158 161 164 177 192 201 205 197 203 212 214 215 217 220 222 222 223 223 206 218 227 231 228 224 217 211 220 218 217 221 224 225 224 223 222 219 219 225 227 227 226 226 223 219 217 217 217 215 213 212 213 212 210 209 207 207 205 203 200 190 179 186 188 191 191
169 171 173 172 172 177 176 171 166 168 164 156 169 175 172 188 196 207 214 217 218 212 209 212 204 196 188 172 154 151 163 166 170 181 198 202 204 205 207 208 207 204 204 196 209 223 227 217 219 229 232 231 228 225 218 219 221 213 212 221 223 218 217 214 210 218 223 227 226 226 225 221 219 218 217 216 214 211 211 213 213 212 211 210 208 203 199 195 184 185 193 194 194 194
169 170 173 172 173 177 179 178 170 165 152 141 136 129 100 135 133 172 211 221 222 218 220 218 219 214 205 189 171 159 151 160 161 175 174 173 188 196 200 200 201 198 192 201 219 227 229 225 212 228 232 232 229 226 216 214 225 224 221 215 220 222 219 212 212 219 224 226 226 225 223 219 218 218 218 216 214 211 211 212 213 213 212 211 208 203 187 188 194 196 197 197 196 194
165 168 173 173 175 173 169 180 179 165 161 150 138 107 91 57 77 134 194 222 224 225 226 227 226 221 213 215 202 181 164 161 167 165 162 170 180 187 190 192 191 189 186 198 219 227 230 230 230 231 232 232 227 216 209 215 226 222 222 223 222 224 223 220 208 215 223 226 225 225 221 219 219 219 218 216 214 210 210 211 213 214 213 212 210 206 195 194 198 199 199 198 196 192
163 170 173 174 171 165 170 178 179 179 178 172 143 124 99 81 82 127 194 209 215 224 226 227 228 229 226 226 223 208 189 178 175 171 169 175 179 174 177 185 182 190 193 199 217 226 229 231 231 232 232 232 223 203 207 220 227 224 214 223 225 225 224 223 221 215 219 224 225 224 223 221 221 220 218 217 215 213 209 207 212 214 214 214 212 209 205 199 201 201 201 196 192 186
166 170 171 173 173 172 175 177 178 176 175 173 165 138 121 111 103 132 174 200 187 204 224 226 227 228 229 229 226 220 207 192 186 172 163 174 180 169 164 183 184 197 197 204 220 225 227 229 230 230 231 231 228 221 224 226 229 227 216 217 225 226 226 225 223 222 221 224 225 223 221 220 218 219 219 218 216 211 206 209 212 214 214 214 214 212 210 206 200 201 202 202 201 200
170 171 171 173 174 174 175 174 176 169 163 161 151 139 127 128 123 112 132 177 163 189 216 215 224 228 228 228 228 225 217 208 200 199 195 198 200 196 197 204 211 212 213 214 212 214 219 218 225 226 228 230 230 230 230 230 229 228 226 215 222 226 226 225 224 224 224 224 224 222 219 215 213 217 219 217 215 213 208 208 212 212 214 215 215 214 212 210 207 201 201 204 206 205
172 168 167 170 173 174 171 165 165 166 156 144 151 141 129 122 131 121 113 151 147 157 191 201 220 225 227 227 228 227 223 214 207 208 213 210 205 204 203 200 204 204 207 210 202 192 199 202 212 222 225 227 229 230 230 230 230 229 227 222 222 226 226 226 225 224 223 224 223 221 218 214 215 217 218 217 215 209 206 207 211 212 213 215 215 215 215 213 210 209 208 207 208 207
162 170 169 169 172 174 172 170 166 159 154 144 138 136 136 123 122 129 118 141 144 145 156 157 198 223 227 227 227 228 227 223 219 216 214 198 188 192 196 200 202 205 206 208 202 191 187 190 204 212 221 224 227 228 229 229 229 229 228 227 226 226 227 226 225 223 223 223 222 221 217 207 213 217 218 217 215 209 201 195 204 208 210 215 215 215 215 215 213 212 211 211 209 209
157 164 172 173 174 174 173 172 167 162 159 148 141 135 140 138 137 130 127 130 122 126 136 128 151 202 215 226 227 228 229 228 227 225 221 216 201 187 197 203 209 209 208 206 203 194 183 181 192 204 216 220 224 226 227 227 228 228 227 227 226 227 227 227 225 224 224 224 222 220 218 208 212 217 218 216 214 212 204 201 203 206 207 210 215 215 215 215 215 214 213 212 211 211
157 161 165 172 174 173 174 173 163 167 162 155 144 142 139 138 139 134 137 130 109 96 102 135 159 188 209 222 226 228 229 229 229 229 227 227 225 221 219 216 210 204 202 201 200 199 196 193 194 201 210 216 220 223 224 225 225 225 226 224 222 226 227 227 226 225 225 223 222 220 216 213 213 215 218 217 215 213 211 209 207 208 210 212 213 215 215 216 216 215 214 212 210 209
165 169 169 167 172 175 174 169 171 172 169 159 146 138 133 130 136 142 149 150 134 133 140 136 137 163 181 210 224 227 229 230 229 230 230 229 230 229 227 218 199 193 194 196 198 198 197 195 196 198 205 205 213 218 218 219 221 224 225 223 225 227 227 227 226 225 224 222 221 219 217 214 216 218 218 217 214 211 211 210 208 209 209 210 214 215 216 216 216 216 213 213 210 205
170 168 170 171 166 168 168 151 147 155 160 160 147 136 131 129 128 135 145 167 160 160 163 162 151 141 140 188 217 224 227 229 229 229 230 230 229 229 229 226 210 207 199 204 204 204 204 199 198 201 204 206 209 214 217 220 222 223 224 224 226 227 227 227 226 225 223 222 221 219 216 216 217 218 218 217 215 212 208 206 201 202 206 210 213 215 215 215 216 216 215 214 212 209
170 170 171 171 170 169 171 152 135 133 138 138 146 147 139 132 127 123 133 146 180 180 183 198 209 199 152 160 199 215 220 229 229 229 230 230 230 229 230 231 227 223 219 218 217 211 212 205 203 203 206 210 213 216 216 218 220 222 221 222 224 226 228 227 226 225 223 221 219 219 219 217 216 218 217 217 214 208 194 192 192 198 202 205 210 210 210 214 215 214 215 215 214 213
171 170 171 173 176 176 177 174 151 128 124 123 126 136 140 137 133 126 126 137 170 181 206 200 206 219 198 156 178 210 222 227 228 229 229 230 231 231 230 231 231 230 227 225 223 221 217 207 209 205 208 211 215 217 218 219 221 222 222 219 221 224 227 227 226 224 222 219 219 217 219 218 216 217 217 217 215 205 188 187 194 200 204 209 212 214 214 215 207 210 216 218 217 216
169 169 172 175 173 172 170 174 175 154 133 125 128 137 141 147 142 131 115 125 139 167 212 217 210 218 216 205 193 210 221 225 227 228 229 229 230 230 230 231 231 230 229 228 226 225 223 216 207 209 211 213 215 216 218 219 221 222 223 223 222 223 227 228 226 223 217 217 217 218 218 217 216 216 217 216 214 214 211 203 201 204 208 210 215 216 218 218 218 217 220 220 219 219
169 170 172 172 172 171 169 165 169 172 154 145 139 138 148 148 146 136 126 123 131 168 215 218 218 216 212 215 216 219 221 224 226 227 228 229 229 229 229 230 230 231 230 229 228 226 224 222 214 213 212 212 214 215 217 218 219 220 222 223 224 225 227 228 226 221 215 215 212 217 216 213 212 215 216 214 216 218 218 218 218 214 207 214 218 219 219 220 221 221 222 222 221 221
169 169 169 167 167 165 166 167 167 158 144 135 137 137 147 145 142 141 134 129 136 167 210 217 218 218 218 219 219 221 223 224 225 226 227 228 228 229 229 229 230 230 230 230 228 227 226 224 221 215 210 209 210 212 214 216 217 218 220 221 221 223 225 228 226 222 220 218 217 218 218 215 215 217 213 215 218 220 221 222 222 222 219 218 219 220 221 221 222 223 223 224 223 223
167 168 168 167 167 167 164 165 162 159 155 155 143 136 136 136 130 134 137 139 139 143 177 207 213 216 216 217 220 221 222 223 223 224 225 227 228 228 228 229 229 229 229 229 229 228 227 225 224 221 214 210 209 208 209 212 213 216 218 218 218 222 224 227 226 223 220 221 221 220 221 221 221 220 211 211 217 220 222 224 224 225 224 223 221 221 221 222 223 224 224 225 225 224
168 167 168 168 169 170 171 171 162 163 162 175 150 145 138 139 129 121 143 150 156 169 177 190 202 208 213 217 220 221 222 223 223 224 225 227 228 228 228 228 228 228 228 228 228 228 228 226 225 224 222 220 219 215 209 207 208 213 217 218 219 220 222 227 225 222 221 223 223 223 224 223 222 221 218 211 214 219 221 224 225 226 227 226 224 225 224 221 224 225 226 226 227 226
168 169 167 165 166 169 172 176 174 171 172 172 157 154 148 143 134 128 139 161 159 166 163 181 187 176 183 199 217 221 222 223 224 224 225 226 227 227 227 228 227 227 228 227 227 228 228 227 226 225 225 224 223 221 220 217 214 214 217 215 215 218 224 227 225 223 224 225 224 226 225 225 223 222 220 217 208 216 220 223 225 227 228 228 228 227 226 225 226 227 228 227 227 227
168 168 169 168 167 171 175 174 170 167 169 170 161 153 149 148 133 127 134 146 142 162 159 149 153 165 164 170 206 219 221 222 223 224 224 224 224 225 226 227 227 227 226 226 227 227 227 227 226 226 225 225 225 224 222 221 220 219 219 214 213 219 224 228 228 226 224 227 227 228 227 226 224 223 222 220 213 210 216 222 226 228 229 229 229 228 228 227 228 229 229 229 229 229
-32768 169 170 171 171 170 172 172 162 167 170 169 169 159 160 147 133 123 120 133 150 155 159 149 139 153 177 182 203 212 213 217 222 223 223 222 222 223 225 226 226 226 225 226 226 227 227 227 226 226 226 225 225 225 224 223 221 221 220 219 217 218 221 225 227 228 227 229 230 229 228 226 225 225 223 222 218 212 214 216 224 228 229 230 231 230 230 227 226 228 227 230 230 230
-32768 170 170 171 170 168 171 172 164 163 171 172 164 171 174 148 136 118 119 123 145 170 175 184 187 187 194 204 209 208 204 197 202 221 222 221 221 222 223 225 225 225 224 224 225 226 226 226 227 226 226 226 224 225 225 224 223 222 221 221 220 220 221 221 224 225 225 228 231 230 229 226 226 226 225 223 221 220 219 219 225 228 230 231 231 231 231 230 229 229 231 232 232 231
-32768 169 170 171 171 170 172 172 170 171 172 168 156 175 161 153 138 117 122 119 124 151 173 174 176 193 200 202 207 210 208 206 213 220 221 221 220 222 223 224 225 224 224 224 225 226 226 226 227 226 226 226 226 225 224 224 224 223 223 222 221 220 221 221 221 222 225 228 230 229 229 228 227 227 226 225 224 224 224 224 226 229 230 232 232 232 232 232 232 232 232 232 232 232
-32768 167 169 170 170 171 170 172 173 177 171 173 166 171 165 156 140 130 124 121 116 118 147 149 170 182 199 205 207 209 212 213 216 218 220 221 222 223 224 225 225 224 224 225 225 226 226 226 226 227 227 227 227 226 225 225 224 224 223 222 217 218 221 223 224 223 223 229 231 230 229 229 229 228 228 227 226 227 227 227 227 230 231 232 233 233 233 233 233 233 234 233 233 233
-32768 168 168 170 171 172 171 176 177 178 179 173 173 165 146 149 135 134 128 130 118 110 114 142 153 175 197 204 204 208 210 209 214 217 219 220 222 224 225 226 226 225 224 224 225 225 226 226 227 226 227 227 227 227 226 225 225 224 224 223 222 218 221 224 226 227 228 228 232 232 230 230 230 229 229 228 228 228 228 229 230 231 232 233 233 233 234 233 234 234 233 233 233 233
-32768 168 170 170 171 174 173 172 176 177 174 171 172 167 164 150 141 135 131 129 120 116 117 123 137 165 191 191 195 199 199 197 209 216 218 220 222 224 225 226 226 225 224 224 225 225 226 226 227 227 227 227 227 227 227 226 225 225 225 224 224 222 223 225 227 229 231 232 232 231 231 231 229 226 225 227 227 229 231 231 232 233 233 234 234 234 234 234 233 233 233 233 232 232
-32768 -32768 171 171 172 173 173 174 174 176 177 175 170 166 156 152 151 135 129 129 132 127 131 127 136 145 179 179 187 198 204 208 212 215 216 218 221 223 224 225 225 224 224 224 225 225 226 226 227 227 227 227 227 227 227 227 226 225 225 225 224 224 225 226 229 231 232 232 231 230 232 233 231 227 225 226 230 231 232 233 233 234 234 234 234 232 233 234 233 233 233 232 231 231
-32768 169 170 172 172 173 173 174 175 175 174 169 163 155 146 157 152 138 133 138 142 139 136 131 139 140 156 167 176 191 198 205 211 213 214 217 220 221 223 224 224 224 224 224 225 225 226 226 227 227 227 227 227 227 227 227 227 226 225 225 225 224 225 227 230 232 233 233 233 233 227 230 233 232 230 231 232 233 234 234 234 233 233 233 233 231 232 233 233 233 233 233 232 232
-32768 169 169 172 172 173 173 174 174 167 170 173 171 156 150 160 158 150 144 143 142 141 141 137 139 145 147 158 155 175 184 195 202 210 212 215 217 219 221 222 223 223 224 224 224 225 226 226 227 227 228 228 228 227 227 227 227 227 226 226 225 225 225 227 229 231 232 233 233 232 230 225 231 233 233 233 233 233 233 232 232 232 232 233 232 231 227 230 232 233 233 233 232 232
-32768 -32768 -32768 -32768 171 172 173 172 172 172 170 170 171 167 150 165 153 149 146 142 148 148 146 142 140 147 151 159 154 156 168 187 196 202 210 213 214 217 215 219 222 223 223 224 224 225 226 226 227 227 228 228 228 228 228 228 228 228 227 227 226 226 226 227 229 231 232 232 232 231 230 227 225 231 232 232 232 232 231 230 230 231 231 231 231 231 231 225 230 232 232 233 232 232
-32768 -32768 -32768 -32768 169 170 172 172 172 173 167 150 153 167 168 166 157 154 147 148 150 146 142 142 143 146 152 158 158 147 151 179 196 203 206 211 214 214 210 217 221 222 223 223 224 225 226 226 227 227 228 229 229 229 229 229 228 228 227 227 227 226 227 227 228 230 231 231 230 230 229 225 217 228 229 229 230 230 229 229 229 229 230 230 231 231 230 228 223 229 231 232 232 232
-32768 -32768 -32768 -32768 168 169 171 170 170 170 169 162 167 174 169 156 164 160 158 156 151 147 144 145 146 145 148 155 153 143 144 161 190 199 203 208 213 217 217 216 217 221 222 223 224 225 225 226 227 228 228 228 229 229 229 229 229 228 228 227 227 227 227 227 228 229 230 230 230 229 228 225 215 220 225 227 228 228 228 227 226 227 228 229 229 230 230 230 227 227 230 231 231 231
-32768 -32768 -32768 -32768 -32768 166 167 171 171 172 173 170 163 172 169 165 162 154 149 146 143 145 147 147 146 145 143 144 145 140 143 156 169 173 188 206 212 215 217 218 215 215 221 221 223 224 225 226 226 227 228 228 229 229 229 229 228 228 228 228 228 228 227 227 228 228 229 229 229 228 228 227 223 212 211 222 226 227 226 221 221 225 226 227 228 228 229 229 229 229 229 228 230 231
-32768 -32768 -32768 -32768 -32768 165 163 164 167 172 169 171 172 171 172 171 160 151 149 157 149 146 147 147 146 143 142 137 138 138 143 146 143 143 169 198 210 214 216 217 218 210 207 214 219 222 224 225 226 227 228 228 229 229 229 229 228 228 228 228 228 227 228 228 228 228 228 228 229 228 228 227 225 220 217 216 224 225 225 223 216 224 225 226 226 227 228 228 228 228 228 226 228 230
164 -32768 -32768 -32768 -32768 166 164 163 162 168 171 169 163 160 159 167 166 162 161 159 155 148 143 146 147 143 144 138 138 137 138 140 138 137 143 185 208 213 215 216 218 216 198 197 210 217 222 225 226 227 228 228 229 229 228 229 228 228 228 228 228 227 227 227 228 228 229 228 228 228 228 227 225 222 221 219 220 223 224 223 223 223 223 223 224 225 226 226 227 227 227 227 224 228
-32768 -32768 164 -32768 -32768 168 167 164 162 163 161 160 163 166 170 172 173 170 166 165 158 148 148 147 148 144 138 135 132 133 135 135 137 134 139 176 208 213 214 216 217 218 216 204 188 204 218 223 225 226 227 228 228 228 228 228 228 228 228 228 227 227 227 228 228 228 228 228 227 227 227 226 225 223 222 222 217 218 221 222 222 220 216 220 220 223 224 225 224 225 226 226 222 223
-32768 -32768 -32768 -32768 -32768 -32768 168 166 165 161 157 156 162 160 160 164 169 171 163 161 162 160 154 150 144 140 139 135 133 133 134 133 133 133 136 172 208 212 213 214 216 217 218 215 203 188 203 219 224 226 227 228 228 228 228 228 228 228 227 227 227 227 227 227 228 228 228 228 228 227 226 226 225 224 223 222 221 215 218 220 220 219 217 214 215 220 222 223 222 220 224 225 225 226
