data/bioclim/bclim15.asc
NCOLS 300 
NROWS 196 
XLLCORNER -121.25 
YLLCORNER 31.1666666666667 
CELLSIZE 0.0416666666666667 
NODATA_value -32768 
[rows 0 to 51 of 196, columns 192 to 287 of 300]
20 20 21 21 20 22 22 22 23 23 24 23 24 24 25 27 26 27 28 26 24 22 18 15 16 15 18 19 18 15 16 18 18 15 12 12 11 16 15 14 12 12 15 16 15 13 13 14 14 14 14 15 18 21 22 21 21 22 23 23 24 24 24 24 24 25 24 25 24 24 25 24 23 23 23 23 24 22 19 18 17 16 15 15 15 16 16 15 15 14 15 17 17 17 18 17
20 21 22 21 22 22 21 22 23 23 22 22 24 24 24 26 25 26 27 26 26 22 20 15 15 15 19 19 16 13 13 16 18 16 12 12 12 15 15 12 11 13 15 16 16 15 13 15 15 16 19 20 22 21 23 22 23 24 23 23 24 24 24 23 25 25 25 25 24 24 25 23 24 25 23 24 24 24 22 20 17 15 15 15 15 15 15 15 15 16 16 16 17 18 17 19
21 22 22 21 22 22 21 22 22 22 22 22 23 25 24 24 26 26 25 25 26 25 21 19 18 17 19 19 15 13 14 16 18 18 15 13 15 15 13 12 13 14 16 16 15 14 14 15 14 15 16 21 22 23 23 24 26 25 25 25 23 23 23 23 23 26 25 25 25 24 25 24 26 25 24 24 24 24 22 21 19 18 16 15 16 15 15 15 15 17 17 18 17 18 18 19
22 21 21 21 21 21 22 22 22 23 23 21 23 23 24 25 25 25 25 26 25 24 23 20 19 18 14 16 15 13 15 15 18 18 16 16 16 14 11 13 14 15 16 14 14 15 15 16 16 16 19 23 23 24 24 25 25 26 27 26 27 25 22 22 26 25 26 26 26 25 25 24 23 24 25 24 22 23 22 21 21 19 17 15 16 16 15 16 18 18 18 19 19 19 19 19
22 23 22 23 23 23 22 22 22 22 21 21 23 23 24 24 24 24 25 25 25 24 25 24 21 17 14 14 15 13 13 14 18 17 18 17 15 13 12 13 14 15 16 15 14 15 15 19 17 17 23 24 26 26 26 27 26 25 27 28 27 27 27 25 27 27 26 26 25 27 25 24 24 23 25 25 23 23 23 21 21 20 18 17 17 17 18 17 18 18 18 19 19 19 19 20
22 22 22 21 22 22 22 22 21 22 22 22 22 22 23 23 24 24 25 25 25 24 24 23 20 15 14 13 14 13 13 14 16 18 17 16 14 13 12 13 14 15 16 17 15 15 16 18 21 23 24 26 26 28 28 27 28 26 27 28 26 28 27 26 27 27 26 26 26 27 26 25 25 24 26 25 24 24 23 22 20 20 20 18 18 18 19 18 19 18 18 19 20 20 20 20
23 24 23 23 23 22 23 22 20 20 21 21 22 23 23 23 23 24 24 24 25 25 23 23 18 14 15 13 14 12 13 13 16 17 17 15 14 13 13 14 15 16 15 15 16 16 16 16 19 23 27 26 27 29 29 29 28 30 28 28 29 29 29 27 27 27 26 27 27 27 26 27 25 26 26 25 25 23 23 21 21 20 20 20 19 19 19 19 21 21 20 21 21 20 20 20
22 24 23 23 22 22 21 19 20 21 21 22 22 23 22 24 23 25 24 25 25 26 24 21 15 14 16 14 13 13 12 13 15 17 16 15 14 13 15 15 15 16 16 15 16 18 18 19 20 24 28 28 29 29 30 28 30 29 29 28 29 28 28 29 28 28 26 28 28 27 27 27 27 27 25 26 26 25 23 22 23 23 22 21 20 20 20 20 21 21 21 21 21 21 21 20
25 24 24 23 22 22 19 18 20 21 20 21 22 22 23 23 24 24 24 25 25 25 24 19 14 15 16 14 13 13 13 15 16 17 14 14 15 15 15 16 16 16 15 16 18 18 18 22 26 28 30 30 31 31 30 30 30 29 30 30 30 29 30 29 28 28 28 27 28 27 27 26 26 27 26 26 25 26 25 23 24 23 23 22 22 22 22 21 21 21 21 21 21 21 21 20
25 24 23 23 23 20 18 18 20 20 21 21 21 22 22 24 23 23 24 24 24 24 21 16 14 16 15 14 14 12 13 15 16 16 15 15 16 17 17 18 18 19 18 18 18 20 25 25 30 30 31 30 32 32 31 32 31 32 30 30 30 29 28 28 30 29 28 28 26 26 28 26 26 26 27 26 25 26 25 24 24 23 23 23 22 22 21 20 21 21 21 21 21 21 20 21
25 23 22 23 22 19 18 19 20 21 20 20 21 21 22 24 23 24 24 24 24 21 15 15 15 14 14 14 14 13 14 16 15 16 15 17 17 18 20 19 21 21 19 19 21 26 28 30 30 32 30 31 32 33 32 31 30 30 30 29 29 28 28 27 28 28 28 27 28 27 26 26 27 26 27 26 26 26 25 25 23 24 23 22 23 22 22 22 21 21 21 21 20 20 20 20
26 25 23 22 22 19 18 20 20 20 22 21 22 21 22 21 23 24 23 23 23 16 15 16 16 16 15 14 13 14 15 16 14 16 17 18 20 18 19 20 22 21 19 20 23 28 30 32 31 31 32 32 33 32 31 30 31 29 28 29 29 28 30 29 29 28 27 28 28 28 28 27 27 28 27 25 26 24 25 24 24 24 23 23 23 22 21 22 22 21 22 20 20 21 21 21
26 25 23 23 22 20 19 20 21 21 21 21 20 21 22 21 23 23 23 23 22 15 16 17 16 15 15 14 14 15 16 16 17 18 20 19 20 19 17 19 21 23 22 22 29 31 33 34 32 33 34 32 34 33 32 30 30 28 29 28 29 30 30 29 29 29 30 28 28 28 28 27 28 27 28 28 26 24 26 24 24 24 25 22 22 22 22 21 22 20 21 20 21 21 21 20
26 24 23 23 22 20 21 22 21 20 21 19 20 19 21 21 21 20 20 20 18 16 16 16 16 15 14 15 15 16 16 17 19 20 21 21 19 17 17 17 18 21 23 24 31 33 34 32 34 33 32 31 35 35 33 32 33 31 30 30 30 30 31 31 31 30 29 28 29 28 29 28 29 29 28 27 25 27 25 25 24 24 23 22 22 23 22 21 22 22 21 20 21 21 21 21
26 24 24 23 22 23 22 22 21 20 20 19 19 20 20 20 20 18 16 17 16 15 15 16 15 15 14 15 16 17 18 19 21 21 22 19 18 17 18 18 18 20 23 23 28 33 34 34 34 33 33 33 35 33 35 34 33 31 31 31 31 31 32 31 29 30 30 29 29 28 28 28 27 27 25 25 27 24 25 24 23 23 23 22 23 22 22 23 21 22 20 21 19 23 21 21
25 24 23 22 23 23 22 22 21 21 20 20 19 18 19 18 17 17 17 17 17 16 17 16 15 15 16 16 17 18 17 18 19 23 24 18 18 18 18 18 18 19 21 23 27 31 35 34 35 34 34 33 34 35 35 35 34 32 33 32 33 34 33 31 32 31 30 29 29 29 29 29 27 29 28 27 26 26 25 25 23 23 23 24 23 23 22 22 21 21 20 21 22 21 20 20
23 22 22 22 24 23 22 22 21 21 20 19 18 18 18 17 17 18 18 17 17 17 17 16 15 15 16 16 18 17 18 18 20 23 25 19 18 19 18 20 18 19 21 26 29 34 37 36 36 35 35 35 36 35 35 34 35 34 33 34 34 33 32 31 32 31 31 31 30 30 27 29 27 28 26 26 26 24 25 24 23 23 23 23 23 22 23 23 22 21 21 21 21 21 20 20
20 22 23 24 22 24 23 21 21 19 19 19 19 18 18 18 18 18 17 17 18 17 16 16 16 16 16 18 19 18 19 18 22 27 26 19 19 19 20 20 21 20 21 27 32 38 35 37 36 35 36 36 35 35 34 34 36 35 34 33 34 32 31 34 33 32 31 30 30 29 30 27 27 27 26 27 25 25 25 25 24 23 23 23 23 22 22 23 22 22 21 21 21 20 21 20
18 22 23 23 22 22 23 21 21 19 19 19 19 18 19 17 18 18 18 17 18 16 16 16 16 18 18 18 18 18 18 19 24 29 23 19 19 21 19 22 23 23 23 30 37 37 36 38 36 37 37 37 37 35 35 35 34 34 33 35 33 35 32 33 31 31 30 29 31 31 28 27 28 27 25 27 26 27 24 25 24 23 24 23 23 22 23 22 22 23 22 21 21 20 20 19
20 21 21 22 23 22 23 22 20 19 19 19 18 18 18 18 19 19 19 18 18 18 18 18 19 20 20 19 19 18 19 22 28 30 24 20 20 21 23 26 28 26 22 25 34 37 37 36 36 38 36 36 36 37 37 35 36 35 33 32 34 33 35 33 32 30 32 30 30 29 30 29 28 26 26 27 26 26 24 26 24 23 23 23 23 23 23 23 22 22 22 21 21 20 19 19
21 22 22 23 22 23 21 21 21 20 19 20 20 19 19 19 20 19 19 19 19 19 18 19 20 21 20 19 19 19 21 26 31 30 23 22 23 25 27 32 31 24 20 23 32 39 37 40 39 36 37 36 36 37 35 33 34 36 34 34 33 33 35 32 32 32 30 31 29 30 30 28 28 26 26 26 25 25 25 24 25 23 23 24 22 23 24 24 22 22 23 22 21 21 20 19
22 24 23 23 23 22 21 22 22 19 20 20 19 20 19 20 20 20 19 20 20 19 19 20 21 22 22 20 20 20 22 29 33 26 26 27 29 32 38 38 33 22 20 22 32 39 39 37 38 37 38 37 37 36 37 35 35 34 34 34 33 32 32 32 32 32 32 29 31 30 28 27 27 27 25 26 26 25 25 24 24 23 22 23 26 22 23 22 23 22 22 21 22 22 21 19
22 22 22 23 22 22 22 21 21 20 19 19 19 20 19 18 19 20 20 20 20 20 19 20 22 24 24 21 20 20 23 31 31 24 26 28 30 36 42 41 33 22 21 24 31 37 38 39 38 37 36 37 36 37 37 34 36 34 35 33 34 32 33 33 34 31 31 30 30 30 29 27 28 27 27 27 26 26 24 25 24 25 23 24 25 23 22 23 22 23 22 23 23 22 20 20
22 23 22 22 22 23 22 22 20 20 20 20 20 21 19 19 20 20 19 20 20 21 20 20 23 26 26 25 21 22 28 31 25 23 25 27 29 32 38 40 40 32 29 32 35 35 38 39 39 39 37 38 37 35 35 36 36 34 34 34 34 35 34 35 32 32 31 30 29 28 30 29 28 29 27 27 26 27 27 26 25 23 24 23 25 25 23 24 23 23 22 23 23 23 22 22
23 24 23 23 23 22 23 21 20 21 20 20 20 21 20 21 20 20 20 20 20 20 20 20 24 26 26 24 21 24 32 34 22 22 24 26 28 31 34 37 42 39 37 38 38 38 38 38 37 39 37 36 35 36 37 36 36 34 35 33 34 35 35 33 32 31 31 30 29 30 28 28 27 28 26 26 26 25 26 25 26 25 24 24 24 24 23 23 22 24 23 23 23 23 24 23
24 24 24 23 24 23 22 22 21 21 21 21 21 21 21 21 21 21 20 20 20 20 21 21 27 26 23 22 21 26 33 33 22 22 23 26 27 29 32 36 35 31 34 36 38 37 37 38 37 37 39 35 35 36 35 35 35 34 33 34 32 33 32 33 32 31 29 30 31 29 28 29 27 27 26 27 26 27 26 25 26 23 24 25 25 24 24 24 23 23 23 23 23 23 23 23
24 24 24 24 23 24 23 22 22 21 22 22 21 22 22 21 21 21 21 20 21 21 21 25 27 31 27 25 23 28 33 31 23 23 25 27 28 27 28 30 25 23 24 29 34 36 35 35 38 37 36 36 36 37 35 36 36 35 34 35 33 33 33 33 32 32 29 31 31 29 28 27 27 26 27 26 26 26 25 25 25 24 24 25 24 25 23 24 23 24 23 23 24 24 24 23
24 23 24 23 24 23 23 23 22 22 22 21 21 21 22 22 21 22 21 21 21 21 24 28 30 29 28 29 30 32 34 31 23 23 25 25 25 25 26 26 23 22 22 23 26 31 33 34 35 37 38 38 35 37 35 35 35 33 33 34 33 34 31 31 33 31 30 31 29 30 29 28 28 27 26 27 26 27 25 25 25 25 24 24 25 24 23 24 23 24 24 24 24 24 25 24
25 24 25 23 23 23 23 22 22 21 21 21 21 21 21 22 21 21 21 21 21 23 26 29 29 26 22 22 29 33 35 31 24 24 25 25 24 24 24 25 23 22 22 22 23 24 32 34 36 36 36 38 35 35 35 35 35 30 25 28 31 31 34 32 32 31 30 30 29 29 29 28 27 28 27 27 26 27 25 26 25 25 24 26 24 25 24 24 24 24 24 25 25 24 24 25
23 23 23 23 22 21 22 22 22 21 21 21 21 22 22 21 22 22 22 22 22 24 25 28 27 25 22 24 28 32 35 33 30 26 24 24 24 23 23 24 22 23 23 23 22 25 30 33 33 35 35 36 34 35 36 35 33 28 23 26 31 31 32 32 32 30 30 29 30 29 29 29 27 28 26 27 26 26 26 26 25 25 24 25 24 25 25 25 24 25 24 24 25 25 24 25
23 22 23 23 22 22 22 23 22 22 22 22 22 24 23 22 22 21 22 22 24 26 25 24 23 22 22 24 28 32 34 33 26 24 24 23 23 23 23 23 22 23 24 24 23 24 27 33 34 34 34 35 35 36 35 36 32 28 25 25 31 33 33 32 32 31 31 29 29 30 29 27 28 27 27 26 26 27 26 26 26 25 25 25 25 24 24 24 25 25 25 25 25 25 25 25
23 24 23 23 22 23 23 22 22 22 23 23 23 23 21 23 21 22 23 23 27 28 25 22 22 22 23 24 28 31 32 31 24 23 24 24 24 24 24 23 24 24 27 27 26 26 28 33 33 33 32 37 35 33 33 36 33 31 28 29 31 32 33 32 34 31 31 30 30 30 30 28 27 27 28 26 26 27 26 25 25 26 26 25 25 25 25 24 25 25 26 25 25 25 25 25
23 23 23 23 23 23 23 23 22 22 23 24 23 23 22 21 23 24 24 27 30 29 25 23 22 23 24 25 28 30 34 29 24 23 23 24 24 25 27 27 27 27 31 31 30 31 32 31 34 34 34 34 33 34 34 33 33 32 26 27 31 31 32 32 31 30 30 30 29 31 29 28 28 28 27 27 27 26 26 26 26 26 25 25 25 25 24 25 26 25 25 25 25 26 26 26
22 22 23 24 23 23 23 23 23 22 23 22 22 23 22 22 22 23 27 29 31 31 26 25 23 23 24 26 31 33 33 28 24 23 24 24 24 28 31 30 32 32 32 32 33 33 34 32 32 33 33 33 32 34 32 32 33 31 27 26 30 30 32 32 31 31 29 31 30 28 30 29 30 29 27 26 27 27 26 26 27 26 25 26 25 25 25 25 23 25 25 25 25 25 26 26
23 23 23 23 23 23 24 23 23 23 23 23 22 22 22 22 23 25 28 32 32 32 27 24 23 24 24 27 33 33 32 27 24 24 27 29 27 32 33 33 33 33 33 31 33 33 33 32 33 32 33 32 34 33 34 34 33 32 32 31 29 26 29 30 32 30 29 30 29 30 30 27 28 29 28 27 26 26 27 25 25 26 25 25 26 26 26 25 25 24 24 24 26 26 26 26
23 22 22 23 23 22 23 23 23 23 23 22 22 22 22 22 23 25 29 33 34 32 30 25 24 25 26 29 33 33 32 28 25 24 27 33 33 33 32 31 32 32 32 33 32 32 33 33 32 34 33 32 33 32 33 33 33 32 33 32 30 29 30 31 31 32 31 30 28 30 28 29 28 28 27 27 26 26 26 26 26 25 25 25 25 25 25 25 24 24 24 24 25 26 27 26
23 23 22 23 24 22 23 24 23 22 23 23 22 23 23 23 23 25 28 32 34 31 27 27 25 25 29 32 32 33 29 28 25 29 32 34 34 34 34 32 32 32 32 32 32 32 33 33 33 33 31 32 33 35 33 33 32 31 32 33 33 32 31 32 30 30 29 33 30 28 29 28 29 27 28 26 27 27 26 26 26 26 25 25 25 26 25 25 24 24 24 24 26 27 26 27
23 22 22 23 23 23 24 23 23 22 23 22 23 23 23 23 23 24 26 29 31 33 28 28 27 28 31 30 32 32 30 26 24 26 31 33 32 33 32 32 32 32 33 32 31 32 32 32 31 33 33 31 31 32 33 33 32 32 33 33 31 30 31 31 32 31 29 29 31 29 29 29 28 27 27 28 27 26 26 26 26 26 26 25 26 26 26 27 26 26 26 26 26 27 27 27
22 22 23 22 23 22 23 23 23 23 23 24 23 23 23 23 23 23 25 27 31 32 29 28 29 31 32 32 30 31 30 28 25 27 32 32 31 32 33 32 33 32 31 32 32 31 32 31 32 32 31 33 33 32 33 31 31 31 32 31 30 32 31 30 30 29 30 30 29 30 29 29 30 29 29 28 27 26 26 26 26 26 25 27 26 26 27 27 27 26 26 26 27 28 27 26
23 23 23 22 22 23 23 24 23 24 25 24 24 23 23 23 24 25 25 28 31 31 26 27 29 30 32 32 32 32 31 31 27 30 31 32 31 32 32 31 31 31 32 31 32 31 30 32 32 32 32 32 32 32 31 33 31 31 29 31 32 31 32 31 29 32 33 29 31 29 28 30 29 28 29 28 27 27 27 27 26 26 27 27 27 27 26 27 27 27 26 26 27 27 26 27
24 24 23 23 22 23 22 23 23 24 25 24 24 24 24 23 24 24 25 28 29 26 25 27 28 29 30 31 31 31 31 30 31 31 30 31 31 33 32 32 30 31 30 31 29 30 32 33 32 32 32 32 32 32 31 32 31 32 29 30 30 31 30 31 30 30 31 31 28 28 32 30 29 28 28 27 28 28 28 27 26 26 26 27 27 27 27 27 26 27 27 28 27 27 26 26
25 24 23 23 24 24 24 23 24 25 25 24 24 24 24 24 24 25 26 28 27 26 25 26 27 28 29 29 29 30 30 31 31 30 28 30 30 31 31 31 31 31 32 31 29 30 31 31 33 30 30 33 33 31 32 32 30 31 31 32 29 30 32 31 31 30 30 30 29 31 28 28 30 28 29 29 27 28 27 27 27 27 27 27 27 27 27 26 27 27 27 27 27 26 26 26
24 25 24 24 25 25 24 25 24 25 25 24 24 24 24 24 24 25 26 26 25 25 26 26 27 29 30 29 29 30 29 30 31 30 31 31 31 31 31 31 32 32 31 31 31 31 31 31 31 30 30 30 31 31 31 32 32 30 31 31 31 31 32 30 30 30 31 30 31 29 30 29 30 30 28 29 27 28 29 28 27 27 27 27 28 27 27 28 28 27 27 27 27 27 27 26
26 26 24 24 25 24 25 24 24 25 24 24 25 24 24 25 25 24 25 25 25 25 26 26 28 28 29 28 29 28 29 29 29 31 31 31 31 30 31 32 32 30 31 31 30 31 30 30 32 31 31 32 31 31 30 32 32 30 29 29 30 31 31 31 29 30 30 30 30 30 29 30 30 29 29 28 28 28 28 27 27 28 28 27 28 28 27 27 27 28 26 28 27 27 26 27
28 25 25 24 24 25 24 25 24 25 24 24 24 25 24 25 25 25 25 26 25 26 26 26 27 29 28 27 28 28 28 28 30 30 30 30 30 31 31 31 30 31 31 31 30 31 30 30 31 30 30 31 31 31 31 31 32 29 31 29 31 30 32 32 31 32 31 31 31 29 29 30 30 30 28 29 30 28 28 28 27 28 28 28 28 28 28 28 27 27 26 27 27 27 27 27
29 26 25 25 25 25 25 24 25 25 24 24 24 25 25 25 25 25 26 26 26 26 27 26 28 28 28 27 28 28 29 29 28 29 30 30 30 30 31 30 31 32 31 31 30 32 30 31 31 29 28 29 31 30 28 30 31 31 31 31 32 30 31 31 30 30 31 31 30 29 29 29 30 29 29 29 28 28 28 29 27 28 28 28 27 28 29 27 27 28 29 28 26 27 27 27
29 29 27 26 25 25 25 25 25 25 25 25 25 25 25 25 26 25 27 26 25 26 27 27 27 27 27 28 28 27 28 28 29 28 28 29 29 31 29 29 30 30 31 30 31 31 30 29 31 31 31 29 29 30 31 31 30 30 29 31 31 31 30 32 31 31 31 32 30 29 30 30 30 31 29 30 29 29 29 28 28 28 28 28 29 27 28 28 27 29 28 28 29 28 28 27
30 29 28 25 25 26 26 26 25 26 25 25 26 25 26 26 25 27 26 26 26 27 27 26 28 27 28 27 27 27 27 29 29 28 29 28 29 30 30 31 30 29 31 31 30 31 31 31 30 30 32 28 31 31 30 28 31 31 32 30 32 32 30 31 31 33 31 30 30 31 31 31 30 31 29 30 30 30 29 28 29 28 29 29 28 29 28 28 28 27 29 27 27 28 27 28
30 29 31 27 26 26 26 26 26 26 26 26 26 26 26 27 27 27 26 27 26 27 27 26 26 28 27 27 27 27 28 27 28 29 29 29 29 30 29 29 30 29 29 31 30 30 31 31 31 31 30 31 31 29 29 31 28 29 31 32 31 32 32 32 32 31 32 30 31 33 33 30 31 31 31 30 30 30 30 29 29 29 28 29 29 29 28 28 28 28 28 28 28 27 28 29
32 29 32 31 30 27 27 26 27 27 26 26 28 28 29 26 26 27 27 27 27 27 27 28 27 28 27 27 27 28 27 27 27 28 28 26 28 29 29 28 31 31 31 30 31 31 29 32 31 32 31 31 31 31 31 30 30 28 31 31 32 32 31 32 31 32 31 33 31 31 33 31 31 30 30 30 29 29 30 30 29 31 30 29 29 31 31 30 29 28 29 30 30 29 27 30
33 33 32 31 30 30 30 27 27 28 27 28 28 29 28 27 28 28 28 27 28 28 27 27 26 28 28 27 27 27 28 26 28 27 29 28 30 28 30 29 29 29 31 29 28 30 27 30 31 30 30 30 30 30 31 31 31 30 33 32 31 33 32 33 32 32 32 32 31 33 31 32 31 30 31 32 30 30 30 29 31 30 31 30 29 29 29 30 28 29 29 29 29 29 30 28
35 34 34 33 32 31 30 28 28 28 28 28 29 29 28 28 29 29 29 29 28 27 28 28 28 27 27 28 27 28 27 27 28 27 28 28 27 29 27 29 30 30 30 31 28 28 27 27 32 27 29 31 30 30 30 30 32 32 31 29 30 30 32 31 33 31 32 32 33 34 31 31 31 31 30 32 30 31 31 29 33 33 31 30 30 31 31 31 29 30 29 29 29 30 29 29
