data/bioclim/bclim17.asc
NCOLS 300 
NROWS 196 
XLLCORNER -121.25 
YLLCORNER 31.1666666666667 
CELLSIZE 0.0416666666666667 
NODATA_value -32768 
[rows 116 to 173 of 196, columns 192 to 287 of 300]
24 26 28 26 23 26 32 34 32 34 35 36 39 36 39 43 50 54 52 56 60 57 52 45 44 46 44 44 43 46 50 56 61 47 38 40 44 54 63 63 63 62 65 66 66 66 65 64 63 62 61 60 60 59 56 55 54 51 51 50 49 48 45 44 43 42 42 41 40 40 40 38 38 37 37 35 35 36 38 38 37 39 37 37 37 35 36 35 38 36 34 34 33 32 32 34
23 26 23 22 27 29 34 34 34 35 35 34 36 37 39 41 47 45 54 60 63 59 51 46 43 41 41 41 41 44 47 53 60 54 43 40 50 52 58 60 57 62 65 64 67 66 65 62 64 64 63 61 62 60 59 58 56 53 52 51 51 49 48 46 45 43 43 43 42 41 40 40 38 38 38 37 36 37 39 39 40 41 41 38 40 40 39 39 38 36 36 35 33 33 34 34
22 19 22 23 29 30 34 34 34 36 37 37 37 37 37 40 40 43 50 60 60 59 55 46 42 42 38 39 39 43 45 50 53 57 51 40 48 51 49 56 61 62 62 61 63 57 57 56 58 61 63 61 63 62 61 60 59 56 55 55 53 50 49 47 46 46 46 44 44 44 43 42 42 41 40 40 39 39 40 41 41 41 45 45 43 41 42 40 38 38 36 36 35 37 35 36
20 19 21 24 26 29 31 31 34 37 40 40 37 37 37 39 37 41 44 51 54 51 47 45 42 40 38 38 39 43 45 47 52 58 63 50 41 43 49 56 61 62 59 57 58 55 56 54 54 54 56 54 58 59 61 61 60 59 58 57 54 52 49 49 48 47 47 47 48 45 44 44 44 43 42 40 42 43 42 43 43 43 45 45 43 43 42 42 40 40 38 37 37 35 36 37
23 26 22 23 26 30 32 31 31 36 43 40 38 39 40 38 37 38 38 45 52 49 45 41 36 38 38 38 38 42 44 48 53 57 62 56 42 40 45 54 56 56 55 56 56 53 51 54 55 57 55 52 52 53 55 58 60 60 58 58 57 54 54 52 51 51 51 51 49 48 48 48 46 46 45 44 44 46 44 44 45 46 47 48 45 45 43 44 44 42 39 37 37 35 36 36
22 23 24 24 26 28 29 30 31 36 41 40 38 41 41 38 36 36 38 42 49 53 50 41 35 34 35 36 36 39 44 46 52 56 56 52 49 38 41 44 49 50 49 49 51 53 53 51 50 52 53 51 50 53 54 53 54 59 54 54 54 55 55 53 51 51 49 49 50 50 52 50 48 50 47 46 46 47 47 48 48 49 49 49 49 47 46 48 48 45 41 39 37 37 36 36
21 22 23 24 26 27 30 32 32 31 36 41 41 45 43 38 35 35 38 44 55 60 52 43 36 34 32 35 38 40 41 48 51 47 42 45 43 36 46 53 49 45 44 45 50 53 53 51 49 50 49 47 47 49 50 52 53 55 55 51 51 54 55 52 49 49 49 47 49 49 52 51 51 50 50 50 49 49 49 52 52 53 54 54 53 51 52 53 52 49 46 42 38 38 38 37
19 21 22 23 24 26 27 29 30 30 30 34 37 41 40 38 35 35 38 44 50 55 55 57 42 32 32 35 39 40 44 51 51 40 37 37 36 35 45 53 55 57 51 46 47 50 52 51 45 46 47 49 49 49 49 50 53 53 54 52 49 52 55 52 52 46 46 48 47 49 51 53 50 49 50 51 51 51 52 56 57 58 58 59 59 56 57 59 58 54 50 45 41 38 38 39
18 21 22 22 23 24 26 26 26 27 27 29 31 34 38 35 38 35 39 42 47 46 54 54 43 31 32 33 39 40 41 45 49 42 39 36 34 36 45 53 55 60 61 46 42 42 45 42 41 44 47 48 50 50 50 49 49 51 53 50 48 47 53 51 47 46 48 46 47 47 48 50 47 49 48 49 49 52 53 57 59 59 61 62 63 67 65 68 67 61 53 49 43 41 39 38
18 19 21 21 22 22 24 24 26 26 26 26 27 29 31 30 31 35 38 36 42 38 40 43 43 32 29 30 34 40 44 45 47 43 46 41 32 33 37 45 53 54 61 50 42 38 41 37 48 48 50 48 46 48 49 47 49 51 51 49 48 48 48 50 47 43 45 48 45 45 46 47 47 49 49 49 49 51 54 57 61 61 62 62 63 67 68 72 73 68 60 53 46 43 39 42
18 21 21 21 21 22 23 23 23 24 25 25 26 26 27 31 35 35 31 31 35 31 32 35 33 30 27 30 35 42 49 45 49 45 40 44 30 32 34 41 45 52 60 54 41 37 37 39 45 48 53 50 47 50 51 49 46 50 49 47 45 46 48 48 47 45 42 45 49 48 43 46 46 46 50 54 54 54 55 59 61 59 58 61 62 64 68 71 72 69 63 57 55 58 51 49
17 17 18 21 21 21 21 22 22 22 22 22 23 26 27 31 35 34 31 28 29 28 28 31 30 27 26 29 34 44 40 40 45 45 40 37 29 30 34 37 42 53 60 54 47 38 35 37 48 54 53 50 48 48 52 51 45 47 47 47 43 43 47 47 45 42 40 43 47 49 43 43 46 48 50 54 53 55 57 55 53 54 60 64 65 64 68 70 71 70 66 63 66 67 63 54
17 17 17 18 18 20 21 21 22 22 22 22 21 23 26 27 31 33 34 30 27 27 25 25 26 25 27 29 32 36 40 40 40 40 45 37 29 29 32 37 45 55 54 53 44 38 34 38 48 54 53 51 50 52 52 48 45 47 47 44 40 40 47 46 47 44 40 44 47 47 43 42 45 48 48 50 52 51 55 52 51 60 67 67 67 69 73 78 74 73 70 69 69 69 67 61
17 17 17 17 18 20 21 22 22 22 22 22 22 21 22 24 27 28 30 29 28 25 23 23 24 27 26 27 29 34 40 35 41 41 42 40 34 29 30 35 43 50 46 47 50 37 33 34 41 49 54 54 51 52 55 48 43 50 47 45 44 40 47 45 47 46 41 43 47 47 43 41 44 48 45 46 49 53 53 48 50 56 61 65 68 71 78 85 84 77 72 69 67 67 66 63
18 17 17 17 18 20 21 22 22 22 23 22 22 21 20 22 23 25 26 27 25 24 23 21 25 23 25 26 26 29 32 30 37 41 37 40 37 34 29 31 38 43 42 47 51 37 33 33 37 41 45 48 50 49 52 55 42 46 49 48 44 39 44 45 45 41 41 47 47 48 43 41 43 44 45 48 52 53 49 47 50 57 63 65 68 73 78 81 85 77 71 67 67 63 63 62
21 18 17 17 17 21 18 19 21 21 21 20 20 19 18 20 20 21 22 23 23 22 21 20 21 21 23 23 25 26 26 28 32 34 34 34 34 34 29 28 34 42 42 40 48 42 33 32 36 41 43 44 43 51 51 57 50 40 45 47 45 39 38 41 38 41 45 44 44 46 42 42 43 43 46 48 50 50 48 49 50 52 57 58 64 69 73 75 75 72 69 67 67 64 59 61
16 17 17 17 17 17 17 17 17 17 17 18 18 18 18 18 18 18 20 20 20 20 20 18 20 20 21 21 23 23 25 27 29 32 32 30 29 27 27 31 38 36 35 45 50 46 33 32 32 34 44 41 42 49 53 58 57 39 35 37 38 34 33 36 39 36 39 39 39 40 41 41 44 46 46 47 47 46 46 47 49 51 53 60 64 64 65 67 68 68 67 63 60 59 59 60
15 17 17 17 17 17 16 16 16 16 16 16 16 16 16 16 16 16 16 16 16 16 17 16 18 19 20 20 21 21 23 25 27 30 31 29 27 25 25 31 37 33 33 42 51 48 39 33 31 32 36 37 38 37 42 51 45 40 31 35 35 30 34 38 44 41 43 42 43 43 39 40 43 46 43 46 44 46 48 49 55 58 60 62 60 60 61 64 63 62 60 57 56 53 55 60
15 16 17 18 18 17 16 15 15 15 15 15 15 15 15 15 15 15 15 15 15 15 15 15 16 17 18 18 20 20 21 23 25 28 30 27 25 24 24 28 31 29 32 40 46 49 42 35 32 30 31 32 33 33 35 39 37 36 31 34 31 34 38 44 46 47 46 46 47 46 46 42 40 40 44 46 50 51 51 52 53 54 56 57 57 60 64 63 61 59 57 55 54 52 54 55
13 14 15 17 18 18 16 15 15 14 13 13 15 14 15 15 15 15 14 14 14 13 14 15 15 16 16 18 18 19 20 21 23 25 32 27 24 22 22 26 26 30 32 36 40 48 52 41 36 32 30 30 31 31 32 33 35 31 31 31 33 36 38 48 49 48 48 49 47 48 47 47 44 43 45 48 48 51 50 51 51 51 52 54 56 59 60 60 59 56 53 55 59 64 64 60
12 13 14 14 14 14 15 15 15 13 12 12 12 12 15 15 16 16 13 13 12 12 13 13 14 15 16 16 17 18 18 19 20 21 29 25 23 22 22 23 26 29 30 30 35 40 44 48 34 31 34 33 31 30 30 31 32 31 31 33 37 37 39 45 48 43 47 50 49 51 49 49 49 49 46 44 48 49 48 48 49 49 51 53 59 61 59 59 56 52 55 61 63 65 67 62
11 11 12 13 12 12 12 12 12 12 12 12 12 12 15 19 22 16 13 12 12 12 12 12 13 14 15 16 16 17 18 18 18 19 22 23 22 20 21 23 26 26 27 28 32 33 32 34 31 32 39 35 32 32 31 32 32 36 37 34 41 41 37 41 44 39 42 46 49 50 50 51 49 48 49 46 47 48 48 48 48 48 48 51 56 56 53 52 53 54 60 62 66 69 64 56
11 11 11 11 12 11 11 11 11 11 11 11 11 12 13 16 24 16 11 11 11 11 11 12 12 13 15 15 16 18 17 17 17 18 18 19 20 20 20 21 23 24 26 27 31 32 35 33 34 35 38 38 33 33 32 35 32 36 38 42 47 40 36 36 40 36 35 41 45 44 42 45 43 45 46 49 47 47 48 46 47 48 48 51 52 50 51 52 52 51 53 58 61 62 60 53
10 10 10 11 11 11 11 11 11 11 11 11 11 11 12 15 19 13 10 10 10 10 10 12 12 13 13 15 15 16 16 16 16 16 17 18 18 18 22 23 26 30 27 28 31 32 34 36 36 41 43 41 38 36 33 35 33 31 34 39 46 40 37 35 35 33 31 35 37 36 37 39 41 41 44 49 49 48 49 49 49 48 47 49 48 48 49 49 49 48 46 47 49 51 51 48
9 9 8 9 9 11 9 8 9 11 11 11 11 11 11 11 13 11 9 10 9 9 10 11 12 13 13 15 15 16 16 16 16 16 16 16 17 19 22 25 27 28 29 31 31 35 38 36 38 43 47 43 37 33 35 37 34 32 33 38 38 38 36 32 31 31 30 31 34 35 36 36 38 41 42 46 49 53 50 49 48 49 48 48 47 49 52 52 48 45 44 49 50 52 48 46
9 8 8 8 11 11 9 9 8 9 9 9 10 11 11 11 10 9 10 10 9 9 10 10 12 12 13 13 15 16 16 16 16 16 16 16 16 17 19 21 24 26 29 36 35 35 35 36 38 43 44 38 37 34 36 42 36 33 32 36 34 34 34 32 30 29 28 29 31 32 34 35 35 38 37 39 42 47 51 53 49 49 48 47 46 47 49 50 48 45 43 47 53 54 48 48
9 8 8 8 9 8 8 8 8 8 9 9 9 9 9 9 9 9 10 9 9 9 10 10 12 12 13 13 15 16 16 16 16 15 15 15 15 17 18 20 23 24 28 30 34 33 34 34 35 37 41 41 39 37 35 39 34 33 32 33 32 31 31 31 29 28 27 27 29 32 33 34 37 39 39 39 40 40 43 50 53 51 49 46 46 45 45 47 48 44 40 44 48 49 48 46
9 8 8 8 8 8 8 8 8 8 9 9 9 9 9 9 9 9 10 10 10 10 10 10 12 13 14 14 16 16 15 15 15 15 15 15 15 15 17 20 23 24 27 30 32 33 34 34 35 34 35 37 41 41 40 39 42 40 36 33 32 31 31 29 29 28 27 27 30 33 32 34 37 39 41 40 39 39 39 41 51 55 53 48 46 46 45 45 44 40 39 42 46 48 46 45
9 9 8 8 8 8 8 8 8 8 8 9 9 9 9 9 9 9 10 10 10 13 16 11 11 13 14 15 15 15 15 15 15 15 15 15 14 14 17 19 23 26 29 31 32 34 35 35 35 34 34 34 38 38 38 38 45 50 47 40 33 32 32 33 32 28 27 27 27 29 29 31 32 37 36 40 40 39 40 39 39 42 48 52 48 47 45 47 47 43 38 41 43 45 43 41
11 9 8 8 8 8 8 8 8 8 8 8 9 9 9 9 9 9 10 10 10 11 16 21 14 13 13 13 13 13 13 14 14 15 15 14 14 14 17 20 23 26 30 33 35 36 36 36 36 35 34 33 37 36 33 34 38 47 51 43 35 33 37 37 34 29 27 25 26 27 26 26 27 29 30 34 36 39 39 38 39 39 39 42 48 47 45 42 41 39 39 41 45 45 43 38
8 8 9 8 8 8 8 8 8 8 8 8 9 9 9 9 9 9 10 10 10 11 12 16 21 14 12 12 13 13 13 13 13 13 15 15 15 16 18 21 24 29 33 36 38 38 38 37 36 35 36 34 35 35 33 34 35 38 39 40 36 35 36 35 31 28 26 25 25 24 25 24 24 25 27 28 32 34 38 41 39 38 38 38 42 46 45 47 44 35 39 42 50 50 45 42
8 8 8 8 8 8 8 8 10 9 9 8 8 9 9 9 10 11 11 10 10 11 11 12 15 19 12 12 12 13 13 13 13 13 15 15 17 19 21 23 27 31 35 39 42 42 40 39 36 36 36 35 35 34 33 36 33 33 33 40 42 36 34 32 28 26 25 24 24 25 24 23 24 23 23 23 26 29 34 41 41 38 38 37 37 39 42 44 41 35 34 41 50 46 41 33
8 8 8 8 8 8 8 8 9 10 10 10 8 9 9 10 10 11 11 11 11 11 11 11 14 17 14 12 12 13 13 13 13 13 15 15 17 22 23 25 28 32 38 43 46 46 43 40 38 38 35 35 34 34 33 34 34 33 30 30 32 34 29 28 26 28 27 27 27 28 28 28 27 24 23 23 23 25 29 34 40 39 38 39 36 34 37 41 38 33 33 41 47 42 40 30
7 7 7 7 7 8 9 8 8 8 8 8 9 8 9 9 10 13 13 11 11 11 11 11 12 14 13 12 13 13 13 13 13 13 15 15 16 18 21 24 29 34 40 48 52 52 48 44 39 39 37 36 34 33 33 33 33 34 33 30 28 28 29 34 34 29 29 29 31 31 35 37 35 29 25 23 22 23 24 29 34 36 35 38 39 37 34 35 34 36 31 36 42 37 32 30
6 6 8 6 6 7 7 7 7 8 8 8 9 8 9 9 10 13 13 12 11 11 11 11 11 12 11 11 12 13 13 13 13 14 15 16 17 18 21 24 28 34 43 52 60 60 54 45 41 39 37 36 34 34 33 32 31 30 33 33 28 28 28 28 30 32 32 31 35 37 42 47 42 33 28 24 23 22 22 23 25 28 31 33 39 41 40 34 31 40 37 28 33 32 27 30
6 6 6 6 6 8 7 7 7 8 8 8 8 8 9 9 9 10 13 12 11 11 12 11 12 12 11 12 12 12 13 13 13 16 16 17 18 21 21 24 27 33 42 52 64 63 53 45 41 39 37 36 35 34 33 32 31 29 29 30 28 28 28 30 30 30 32 35 33 41 45 40 33 31 27 24 23 22 21 20 21 23 25 28 31 40 40 35 30 38 39 31 28 28 26 27
6 6 6 7 7 8 7 8 8 8 8 8 8 8 9 9 9 10 11 13 13 13 12 12 12 12 12 12 12 12 13 13 14 15 16 16 17 20 21 23 27 32 40 49 57 56 50 44 41 39 36 36 34 34 34 33 33 32 29 27 27 28 29 28 29 32 34 34 33 38 43 45 34 26 25 25 24 22 21 20 20 21 23 24 26 30 35 32 28 30 36 32 26 24 24 25
6 6 7 7 7 8 7 8 8 8 8 8 8 8 9 9 9 10 11 13 14 14 13 13 13 13 12 12 12 12 13 14 14 14 16 16 16 19 21 23 27 31 38 45 49 50 47 44 40 38 36 35 34 34 34 34 35 33 30 28 27 27 31 32 30 30 31 29 31 33 37 37 33 29 29 26 24 23 21 20 20 20 20 21 22 24 27 32 28 25 25 25 29 29 27 26
6 6 7 7 8 8 8 8 8 8 8 8 8 8 9 9 10 10 11 13 14 14 14 13 13 14 13 13 13 13 13 14 14 14 15 16 16 19 20 22 25 30 34 40 43 46 43 41 38 38 36 34 34 34 34 35 36 34 32 28 27 27 27 30 27 30 29 28 28 29 34 38 36 45 36 26 25 24 22 20 20 20 19 19 20 21 21 23 25 23 23 25 30 36 38 29
6 6 6 7 7 7 7 8 8 8 8 8 8 9 9 9 10 10 12 12 13 13 13 13 13 14 14 14 14 14 14 14 14 14 16 16 17 19 19 22 25 28 31 36 39 40 40 40 38 36 35 34 34 34 34 36 36 34 31 29 27 27 26 27 30 34 33 30 30 26 28 35 42 40 33 28 26 23 22 21 21 20 19 19 19 20 20 20 20 20 23 24 27 31 34 31
6 6 6 6 6 7 7 8 8 8 8 8 9 9 9 10 13 13 13 13 13 13 13 13 14 15 15 15 14 14 14 14 14 14 16 16 17 19 19 22 23 26 30 33 36 37 37 37 36 35 35 34 33 33 34 37 36 32 30 28 28 26 26 27 30 37 36 35 31 28 26 29 34 34 30 29 29 27 24 23 22 21 21 20 19 19 19 20 20 20 22 23 26 29 32 31
6 6 6 6 6 7 8 8 8 8 8 9 9 9 9 10 10 13 13 15 17 15 15 14 14 16 20 18 15 14 14 14 14 14 16 16 17 19 19 22 22 25 28 31 33 35 35 36 35 35 34 34 33 33 37 39 36 32 30 30 29 26 25 26 29 32 36 37 34 32 28 28 29 31 32 36 41 44 35 33 34 29 24 21 20 20 20 20 20 20 21 22 24 26 29 29
6 6 6 6 7 7 8 8 8 8 8 10 9 10 10 10 11 13 14 16 18 17 16 15 14 16 17 17 16 14 14 14 14 15 16 17 17 19 19 22 22 25 28 29 32 32 33 34 33 33 33 32 32 32 33 37 34 31 30 32 30 27 24 25 26 29 33 40 38 35 30 30 27 28 30 34 48 53 57 59 62 52 36 23 20 20 20 20 20 20 20 22 24 25 26 28
6 6 6 6 7 7 8 8 8 8 9 10 10 10 10 10 11 13 13 16 18 17 16 15 14 15 16 16 15 14 14 14 15 15 16 17 17 19 19 21 22 25 25 28 30 31 32 32 32 33 32 31 31 31 32 32 32 31 31 31 30 27 25 23 24 26 30 40 41 37 37 33 29 27 28 30 34 37 47 58 69 68 40 26 22 20 20 20 20 20 21 23 26 24 24 25
6 6 6 8 7 8 8 8 8 8 9 10 12 11 11 11 12 13 13 14 17 17 16 16 15 15 16 15 14 14 14 14 15 15 16 17 18 19 19 21 22 23 25 27 28 29 29 30 31 30 30 31 31 31 31 31 32 32 34 34 33 28 25 24 23 24 26 33 43 39 46 38 32 28 26 28 29 29 30 35 51 64 48 33 22 22 22 20 20 20 21 26 28 23 22 23
6 6 7 7 8 8 9 8 8 8 9 10 11 12 13 13 13 13 13 15 17 17 16 16 14 14 16 16 14 14 14 14 15 15 16 17 19 18 19 20 22 23 25 25 27 28 28 29 29 29 30 30 31 32 32 31 31 32 35 38 35 31 27 25 24 22 24 26 33 39 46 43 32 29 28 27 27 28 28 28 32 42 49 35 24 23 22 22 20 19 21 23 26 23 21 22
6 6 7 7 8 8 8 8 8 9 9 10 10 11 13 13 15 13 15 16 16 16 16 16 14 14 14 16 14 14 14 14 16 16 17 17 17 18 19 20 21 22 23 25 25 26 27 27 28 29 28 29 33 33 31 29 31 31 34 39 39 34 29 25 24 22 23 24 28 39 38 42 32 30 28 27 27 26 26 27 28 37 34 28 26 24 23 22 21 19 20 21 23 23 21 23
6 6 7 7 8 8 8 8 8 9 9 10 11 11 13 13 15 15 16 16 16 16 16 15 16 16 14 14 14 14 14 15 17 17 17 17 17 19 20 20 21 23 23 24 25 25 25 26 27 27 28 29 33 33 29 28 28 29 38 41 43 36 31 27 24 23 23 23 25 33 33 42 32 30 28 27 26 26 26 26 27 30 37 32 30 27 24 23 22 21 19 19 21 21 21 23
6 6 6 8 8 8 8 8 9 9 9 11 13 11 13 15 15 14 15 16 16 16 16 15 16 16 16 15 14 14 14 15 15 16 17 17 17 19 20 20 22 23 24 24 24 23 25 25 25 25 27 28 29 29 28 27 26 30 44 45 44 35 31 28 24 23 21 22 24 28 30 40 35 30 31 27 26 26 26 26 26 27 32 38 32 27 25 24 22 22 21 20 20 20 21 21
6 6 6 8 8 8 8 11 9 9 9 11 12 13 13 15 16 13 13 16 18 16 15 15 16 16 16 15 14 14 14 15 15 17 17 17 17 18 20 20 23 24 24 23 23 23 23 23 24 24 24 24 25 25 25 25 25 35 53 59 50 40 36 29 23 23 21 22 24 26 27 32 35 34 35 31 28 26 24 24 25 26 27 30 30 27 25 24 22 22 22 21 20 20 20 21
6 6 6 8 8 8 8 10 11 11 10 11 11 11 12 15 14 13 13 14 16 16 15 15 16 15 15 16 14 14 14 15 17 17 17 17 17 18 20 20 23 24 24 23 23 23 23 23 23 23 23 24 24 24 24 26 35 42 43 46 52 49 38 28 25 24 22 22 24 25 27 28 28 31 36 41 35 25 23 23 24 25 26 27 27 25 25 24 23 22 22 22 20 20 20 20
6 6 6 7 9 8 9 11 11 11 11 11 11 11 12 14 15 13 13 13 14 13 13 15 15 15 15 14 14 14 15 15 18 19 17 17 17 18 19 20 20 23 23 23 23 23 23 23 23 23 23 23 22 22 23 27 35 37 35 32 38 39 34 28 27 25 23 21 21 24 25 26 26 29 32 41 38 27 23 23 23 24 25 25 25 24 24 23 23 23 22 22 20 20 20 20
6 6 6 6 9 8 9 11 11 11 11 11 11 11 12 13 13 13 13 13 13 13 13 13 15 15 15 15 15 15 15 15 15 16 16 17 17 18 19 19 20 20 21 21 21 21 21 21 22 22 23 22 22 22 22 22 22 22 22 25 26 28 29 28 29 27 24 23 20 21 23 25 26 26 30 32 35 30 27 23 23 23 24 25 27 25 25 25 24 23 23 22 21 20 20 20
6 6 6 6 7 10 9 9 9 10 10 11 11 11 11 12 12 12 12 12 12 12 13 15 15 15 15 15 15 15 15 15 16 16 16 17 17 18 19 19 19 20 21 21 21 21 21 21 21 23 27 23 22 21 20 20 19 19 20 20 20 24 27 27 30 33 28 24 22 21 21 23 29 26 28 30 34 29 27 23 22 22 23 23 27 31 31 33 31 25 23 23 23 21 20 20
6 6 6 6 7 11 11 9 9 9 9 10 11 11 12 12 12 12 12 12 12 12 12 15 16 16 15 15 15 15 15 15 16 16 17 17 18 19 19 19 19 19 21 21 21 21 21 21 21 21 22 24 22 21 19 19 19 19 19 19 20 21 29 34 47 48 35 29 23 23 21 22 26 26 27 28 28 25 24 23 22 22 22 23 24 27 39 47 42 33 26 23 23 23 22 21
6 6 6 6 7 7 8 9 9 9 9 10 11 11 12 12 12 12 12 12 12 12 12 15 16 16 17 15 15 15 15 16 16 17 18 19 19 19 19 19 19 19 21 21 24 21 21 21 21 21 21 21 22 20 19 19 19 19 19 20 21 29 39 37 45 44 29 25 25 25 19 22 26 27 25 25 26 26 24 22 22 22 22 22 24 26 31 37 40 40 32 26 25 24 24 22
6 6 6 6 7 7 8 9 9 9 9 10 11 11 12 12 12 12 12 12 12 12 12 14 15 17 17 15 15 15 16 16 18 20 24 20 19 19 19 19 19 20 20 21 21 21 21 20 20 21 20 20 20 20 19 19 19 19 20 20 20 23 23 24 29 40 27 30 29 25 21 21 27 25 26 28 26 26 24 22 22 22 22 22 23 25 28 31 31 32 33 33 32 31 29 25
6 6 6 6 7 7 9 10 9 9 10 10 11 14 12 12 12 12 12 12 12 12 12 12 15 15 18 15 15 15 16 16 18 20 23 23 19 19 19 20 20 20 20 21 22 20 20 20 20 21 20 20 20 19 18 18 18 19 20 20 20 20 21 24 33 46 29 30 25 21 19 21 25 25 28 33 28 26 24 23 22 22 22 23 23 25 26 28 28 30 31 35 39 41 36 33
