data/bioclim/bclim16.asc
NCOLS 300 
NROWS 196 
XLLCORNER -121.25 
YLLCORNER 31.1666666666667 
CELLSIZE 0.0416666666666667 
NODATA_value -32768 
[rows 88 to 131 of 196, columns 96 to 191 of 300]
45 70 65 43 36 43 57 59 66 54 45 42 40 37 34 28 24 23 22 22 19 19 20 21 21 22 24 27 28 32 35 39 42 42 48 49 51 56 64 50 48 51 57 55 45 43 49 64 70 88 77 64 62 56 52 54 61 68 59 47 36 31 34 41 50 57 53 50 52 59 66 64 61 65 60 51 51 52 53 56 70 98 115 110 103 95 103 105 103 104 107 88 100 113 120 122
67 72 55 40 35 40 46 54 60 57 57 43 37 31 33 34 32 30 29 28 25 25 24 22 21 22 23 25 27 30 34 41 46 46 48 48 48 52 56 63 69 63 51 45 43 47 53 72 76 104 92 72 71 66 58 56 58 65 65 44 37 32 33 39 49 67 62 53 52 53 56 60 73 79 62 53 51 52 53 54 59 71 101 108 104 108 110 108 105 105 97 93 107 122 124 127
42 43 40 36 35 35 38 41 50 51 47 41 35 33 33 36 42 44 42 44 55 49 40 28 22 22 22 25 28 32 36 42 51 49 52 51 49 52 62 78 84 60 50 45 43 47 53 64 73 101 92 77 75 71 65 60 59 64 59 44 37 33 33 41 51 73 69 56 52 53 55 59 73 89 64 53 51 51 53 53 56 60 75 90 110 121 120 110 107 102 101 106 117 122 122 127
38 37 37 37 40 40 38 51 69 62 58 54 52 43 43 52 58 58 58 67 78 82 82 44 26 22 22 26 33 39 42 48 53 54 52 50 50 54 69 110 99 63 52 47 44 45 48 58 67 88 86 77 72 69 68 65 65 64 50 44 36 32 33 39 47 63 64 56 53 53 55 60 76 108 73 55 53 51 52 53 55 57 62 70 104 123 115 102 100 102 107 114 119 121 124 127
43 49 40 42 51 47 44 47 54 57 51 46 53 60 59 55 58 58 50 56 58 67 77 56 31 22 22 25 29 38 47 55 60 63 58 54 53 55 62 71 77 72 62 51 47 45 48 53 59 72 81 83 72 67 64 65 66 60 50 41 36 32 32 36 43 59 64 59 55 54 56 65 79 100 82 65 55 52 52 53 54 57 60 66 98 105 99 96 97 102 109 122 122 125 127 132
52 63 63 60 63 51 50 47 50 50 47 45 46 46 51 70 64 55 50 48 47 47 47 40 29 22 22 25 30 36 45 59 57 62 64 59 57 57 59 64 86 84 78 62 48 47 48 53 59 70 82 83 72 66 63 61 62 62 50 42 37 32 32 34 40 52 63 60 56 55 57 64 73 87 102 92 67 54 52 53 53 57 62 65 81 99 92 95 100 104 109 118 127 130 129 132
78 66 57 66 78 63 57 50 47 52 52 50 48 45 46 51 48 47 43 44 43 38 37 31 25 22 23 25 30 38 47 50 48 55 63 63 61 61 62 65 72 86 78 60 50 48 51 55 65 75 85 79 72 66 61 58 58 57 52 47 40 36 32 33 39 45 52 61 62 61 59 59 62 71 101 92 71 58 53 56 53 58 75 74 74 95 92 104 107 111 114 123 135 137 135 134
75 69 53 50 53 53 58 53 44 49 65 66 51 45 42 39 36 34 34 34 34 34 34 31 23 22 23 23 26 30 35 38 43 51 59 69 65 66 67 70 76 88 69 57 52 54 58 65 77 87 85 78 75 64 58 55 55 53 55 54 47 41 36 33 37 42 49 59 68 70 65 60 57 62 77 95 68 59 53 52 52 61 80 96 79 78 90 109 116 121 127 137 137 133 134 131
67 72 52 47 47 47 50 50 47 58 52 51 45 44 39 36 42 42 37 34 34 31 31 29 30 26 26 23 24 28 32 34 39 46 58 70 69 70 75 84 87 84 65 60 58 61 67 75 83 83 81 84 78 67 56 52 52 52 57 62 58 50 44 34 36 42 49 59 73 65 58 55 55 57 71 87 65 55 50 49 53 62 80 108 91 82 88 107 126 133 131 131 131 131 135 131
59 69 50 46 46 45 45 48 54 58 60 46 45 39 36 40 52 34 29 28 31 30 31 32 40 40 32 26 24 26 29 32 35 43 52 64 67 70 79 93 91 77 68 68 74 91 109 95 84 80 77 78 74 70 55 50 50 53 60 69 74 60 47 36 36 42 49 60 76 61 55 54 53 54 62 84 67 54 49 49 54 64 78 103 93 86 84 93 104 131 127 126 131 135 138 138
51 50 46 46 45 45 50 51 54 67 65 54 48 39 36 35 34 29 27 26 27 34 34 37 41 32 31 26 25 26 28 32 35 40 49 58 65 76 79 82 79 73 73 82 98 103 107 93 83 77 75 73 71 75 55 49 49 53 60 70 68 56 46 37 36 41 49 58 68 60 55 54 53 53 56 71 62 54 54 57 64 69 76 91 86 89 83 88 101 126 118 119 127 131 136 138
47 50 52 48 53 49 56 62 51 54 57 45 48 43 35 34 33 31 29 28 25 26 31 41 38 28 28 25 25 26 28 30 37 42 48 55 64 76 73 68 64 65 72 90 104 98 92 89 82 77 74 71 69 72 56 48 48 52 57 61 57 50 42 37 36 41 46 53 64 63 56 54 52 52 54 63 58 60 66 76 82 82 84 84 80 81 82 84 106 117 115 118 126 127 131 143
59 52 46 48 54 54 57 60 47 43 41 35 38 40 40 41 40 36 32 28 25 24 24 28 30 28 29 26 26 26 27 30 39 47 50 57 62 63 59 55 55 61 75 96 98 95 89 85 80 75 72 69 67 68 58 50 47 50 53 57 54 49 39 35 36 42 46 52 61 68 59 54 54 53 53 54 58 66 78 100 110 121 100 89 82 77 77 85 88 104 118 120 134 130 130 137
40 43 40 43 56 62 64 63 42 35 32 32 32 35 43 46 44 41 34 31 30 27 27 25 27 29 26 26 26 26 27 30 34 49 49 65 70 55 49 49 53 63 86 102 97 97 85 80 77 74 71 71 67 64 56 50 47 47 50 53 47 42 35 35 38 42 47 52 58 75 62 55 54 54 54 56 63 71 80 110 145 135 107 94 84 77 75 82 98 103 116 125 135 130 125 132
35 36 37 43 57 77 74 63 41 35 32 32 31 32 35 38 37 36 35 30 30 31 30 26 26 26 26 26 26 26 27 30 33 38 49 53 58 51 46 47 55 71 90 93 87 88 77 76 82 73 68 69 64 65 58 52 48 46 47 53 45 37 33 35 39 42 49 55 59 69 66 56 55 55 55 57 58 74 89 112 152 132 102 89 82 75 75 88 104 116 120 119 128 128 129 135
36 36 37 40 47 51 50 48 51 53 44 34 32 32 32 33 33 33 30 30 33 30 29 28 26 26 26 26 27 30 32 30 32 36 42 45 46 43 43 49 59 82 89 93 78 72 71 71 71 68 63 61 61 62 58 58 52 47 45 53 50 36 34 35 38 42 48 53 59 70 62 58 56 56 58 58 60 69 91 101 135 120 98 89 80 75 78 97 111 111 107 108 117 123 137 140
38 37 37 38 44 47 44 41 50 60 50 37 34 33 33 32 32 31 31 39 42 36 30 30 29 28 29 31 35 35 39 36 32 34 36 38 40 41 44 53 81 99 69 78 66 64 62 62 62 62 60 59 57 56 54 52 50 46 43 47 42 35 35 35 38 42 46 50 58 71 70 59 58 58 58 59 61 73 107 133 125 113 98 86 81 76 78 87 89 100 110 113 122 132 146 157
39 39 39 39 41 41 44 39 38 40 47 38 35 34 34 33 34 34 36 45 48 45 39 34 30 29 36 39 47 39 40 42 40 34 36 39 44 46 48 57 90 96 62 61 60 60 57 57 56 56 56 54 54 53 51 50 48 45 42 42 38 35 35 35 35 40 45 49 54 65 68 65 62 59 60 61 63 71 93 114 125 116 95 84 78 75 75 79 96 116 128 122 122 139 162 167
41 40 39 39 41 41 40 41 39 38 37 37 37 36 35 34 34 37 39 48 54 58 51 37 34 31 40 43 44 42 46 40 36 36 39 43 47 50 53 64 95 82 61 56 55 54 54 53 52 52 52 53 56 56 50 49 50 49 43 42 39 38 35 35 35 39 42 46 52 59 61 64 68 60 61 63 64 70 84 92 127 125 122 100 87 80 73 78 93 116 137 128 126 135 141 150
44 42 42 43 47 49 45 44 43 43 40 39 37 37 37 36 35 39 37 41 51 66 54 35 32 29 33 36 43 46 46 43 39 39 42 50 58 67 62 78 102 70 57 52 51 50 48 48 48 48 49 52 57 57 49 50 56 54 46 44 45 40 38 35 35 38 42 45 49 53 56 63 67 63 60 64 66 67 71 91 109 139 116 102 88 82 75 79 92 111 140 136 126 124 133 143
45 45 46 47 50 53 59 61 62 62 56 52 55 50 39 37 37 37 35 37 39 42 45 39 33 30 31 34 39 45 45 43 42 43 46 79 104 112 87 79 72 59 53 50 48 48 45 44 44 47 50 53 58 53 49 49 51 51 50 50 55 44 39 38 36 38 41 43 47 50 52 58 59 59 60 64 66 69 72 81 104 129 114 104 88 81 77 77 88 103 122 140 127 122 130 136
47 48 51 56 60 58 63 76 83 91 95 107 104 67 51 44 43 41 38 38 38 39 45 48 37 33 32 35 43 44 49 50 46 50 54 60 87 93 81 72 61 55 51 54 61 55 44 43 44 47 53 60 63 55 49 46 48 49 52 52 49 45 41 40 38 38 40 43 45 48 50 53 55 57 61 64 67 70 73 80 104 138 122 101 91 82 78 79 85 96 114 138 137 130 125 125
52 62 73 79 70 67 71 82 95 106 119 110 100 92 87 85 73 59 48 41 41 38 38 38 36 34 34 37 41 43 43 46 48 50 53 57 57 57 61 59 54 50 56 63 60 50 43 42 44 48 60 69 64 55 48 45 48 49 52 52 52 48 45 42 41 38 39 43 45 47 50 51 55 57 60 64 67 70 74 78 87 110 118 95 88 83 81 80 82 90 100 119 130 133 130 123
70 79 91 110 126 105 96 124 124 127 179 133 119 133 131 125 100 90 76 59 50 37 35 41 43 41 40 41 39 38 39 43 44 44 50 50 49 49 54 55 50 46 48 50 47 43 40 42 47 52 60 64 59 52 47 45 49 53 52 50 51 52 48 48 49 51 43 45 52 52 53 55 57 60 64 64 67 70 74 77 82 91 102 102 102 95 84 82 82 90 108 112 123 127 128 119
82 82 96 114 134 95 101 141 168 139 139 171 119 125 148 141 107 99 92 81 65 38 38 41 50 49 39 37 36 34 34 38 39 39 40 44 47 43 43 48 48 43 41 40 39 38 40 46 52 58 63 63 59 51 46 45 51 53 50 48 48 51 51 55 58 50 44 42 51 53 55 58 61 63 65 65 66 68 71 77 80 84 89 95 104 108 97 84 80 85 103 116 121 123 110 114
74 81 99 108 169 143 94 109 116 120 132 114 111 125 109 97 98 83 72 86 62 53 50 50 51 49 40 33 31 31 31 31 31 31 32 33 38 42 37 34 38 40 38 36 35 36 42 51 62 67 67 61 55 51 45 45 49 52 47 46 46 48 51 58 55 49 46 41 44 49 56 68 71 71 70 68 68 69 71 74 80 82 87 90 94 101 99 84 80 84 94 100 106 100 98 111
86 83 114 106 128 167 113 92 98 104 112 104 117 116 101 91 78 69 65 68 76 83 87 79 60 45 42 37 33 31 28 28 27 28 28 28 28 30 32 30 29 30 34 34 34 38 42 57 79 82 71 63 55 49 45 43 46 48 44 43 44 46 50 54 63 58 49 42 42 46 53 63 79 87 81 73 69 69 71 74 77 80 87 89 89 87 84 81 78 83 90 89 93 96 104 129
93 96 99 139 161 162 110 98 98 101 104 110 116 109 90 86 90 75 73 73 68 76 74 85 79 63 52 42 39 36 33 28 27 27 28 28 28 28 28 28 28 29 32 32 40 39 42 50 63 73 77 64 52 46 43 43 44 44 43 42 43 44 47 50 53 50 46 42 42 45 51 59 67 79 77 74 71 69 69 73 76 79 83 88 84 83 79 74 79 92 92 87 97 104 113 125
112 115 117 133 170 122 112 108 105 105 120 113 103 107 97 82 81 87 73 64 58 59 61 62 68 69 66 54 46 43 42 40 29 28 28 28 28 28 28 28 28 29 30 33 47 37 39 46 59 73 62 65 48 42 40 40 44 44 43 43 42 43 44 46 46 46 45 42 42 42 48 52 59 64 66 69 70 70 68 70 73 76 80 87 81 79 74 73 84 100 106 98 100 109 115 113
135 142 157 151 141 129 127 124 121 118 117 116 109 100 94 87 84 80 86 81 55 52 84 61 54 51 60 54 49 44 41 39 35 31 30 31 28 28 28 28 28 28 29 29 32 33 36 42 54 61 58 49 42 39 39 43 47 49 47 45 43 42 43 43 43 44 44 45 44 44 45 48 53 57 62 66 66 65 68 72 70 73 78 85 82 81 81 73 86 96 109 116 121 116 114 106
165 258 247 266 281 215 186 173 160 153 148 144 128 113 103 94 90 81 83 76 61 55 59 64 56 44 44 54 48 52 45 44 43 37 45 43 32 28 28 32 32 28 28 28 29 31 33 38 46 58 50 42 40 36 40 44 49 56 62 51 45 43 43 43 45 46 46 48 48 48 47 47 48 51 56 66 66 62 65 66 67 72 79 80 85 88 92 81 72 83 94 104 114 118 118 110
213 289 328 369 359 329 313 284 268 246 251 198 163 143 125 111 106 107 93 79 67 61 56 53 44 43 42 50 52 60 57 53 61 51 52 48 37 31 29 32 32 29 28 28 28 29 32 33 38 55 43 37 36 36 40 47 55 64 62 56 47 45 43 46 46 49 52 52 56 59 55 50 50 47 50 56 62 60 58 60 62 66 70 75 82 81 87 78 73 70 82 92 98 94 99 95
365 341 330 381 366 335 324 320 317 305 291 270 258 221 214 183 166 148 116 91 82 73 62 56 47 43 41 46 52 50 52 48 47 55 55 55 42 36 32 32 34 32 29 28 28 29 33 32 32 38 34 32 32 33 38 49 63 73 62 59 50 46 44 46 50 53 56 66 77 66 60 57 53 53 47 50 53 57 55 55 58 62 65 70 79 80 74 72 69 68 71 74 76 76 80 88
434 444 414 404 375 351 333 322 314 305 295 288 282 269 248 237 207 181 140 107 91 81 70 62 55 45 44 43 47 47 44 41 41 47 59 54 47 42 37 36 38 38 32 29 28 28 32 32 29 29 29 30 30 32 36 45 53 64 67 56 56 45 43 45 47 50 50 55 59 62 58 54 52 50 47 53 53 50 50 50 52 59 59 65 70 75 72 67 63 67 70 72 77 83 90 96
415 410 415 395 360 358 343 331 323 321 314 312 305 286 263 247 211 175 149 116 103 93 79 67 59 50 46 43 42 44 44 41 39 39 45 48 49 59 47 42 45 51 41 34 29 28 29 34 36 29 29 29 30 30 35 40 47 57 66 53 48 45 43 43 44 46 46 48 49 51 50 48 47 47 50 56 59 57 53 55 55 58 55 56 57 65 69 68 69 71 72 75 80 85 89 94
273 277 344 380 364 349 351 350 338 323 336 337 333 310 281 253 209 170 157 131 113 97 79 65 56 53 46 45 42 42 42 40 39 37 36 36 39 46 52 46 47 55 52 40 32 29 29 33 48 38 32 30 30 30 33 36 40 49 56 48 44 42 42 41 42 43 43 45 45 46 46 45 45 48 53 56 56 57 60 67 65 61 60 61 61 60 73 85 90 82 76 77 81 84 87 92
190 223 257 280 265 320 368 360 365 348 341 324 325 312 287 251 211 180 153 137 115 97 79 68 59 59 50 46 45 44 44 42 39 37 36 36 35 36 38 45 45 50 52 46 36 32 30 32 38 52 36 32 30 30 31 34 38 42 49 44 40 40 40 40 40 40 42 42 43 43 43 44 45 47 48 54 53 59 67 63 65 67 65 65 69 72 80 90 94 85 81 83 85 88 89 93
162 168 180 215 265 318 353 365 364 394 394 353 317 286 267 226 174 141 140 131 123 127 105 97 98 97 74 86 72 50 53 46 43 39 37 39 39 38 40 42 46 50 51 46 40 36 32 32 42 42 33 31 30 31 31 34 35 38 39 39 38 39 40 40 40 40 40 40 40 40 41 43 45 47 48 48 52 55 58 61 65 67 72 77 79 80 74 77 81 86 88 91 99 106 111 105
165 175 184 213 249 261 330 362 357 354 345 320 272 234 207 162 129 119 134 151 165 163 153 118 121 122 125 142 112 69 78 72 49 49 44 43 47 52 47 49 47 46 47 50 55 43 36 33 37 40 36 34 34 34 36 38 35 33 34 34 37 41 48 43 41 42 38 38 39 40 40 43 45 47 49 51 52 55 57 60 62 67 74 76 74 72 72 76 81 85 93 110 130 137 118 105
206 187 207 216 232 255 296 322 326 326 326 311 273 188 159 131 117 109 135 121 151 175 180 170 149 128 129 129 121 95 88 74 59 57 51 49 46 49 44 49 49 42 41 52 65 59 42 34 37 45 46 42 37 36 39 41 35 33 33 34 36 40 44 44 41 44 37 37 38 39 40 42 43 45 48 49 51 53 55 58 61 65 67 68 68 69 73 77 84 99 117 127 105 98 95 94
256 251 216 220 226 244 253 260 255 231 232 240 236 199 144 115 88 78 90 96 109 121 146 161 161 143 140 130 120 98 82 66 56 55 58 50 44 40 39 38 37 36 37 40 46 57 42 36 33 37 44 59 54 38 39 38 35 34 34 34 35 37 39 38 37 37 36 37 37 39 43 45 43 45 46 48 49 52 55 58 62 65 65 65 68 72 76 81 93 120 104 94 90 89 89 89
189 196 192 204 219 233 238 229 217 190 174 162 139 126 121 96 76 68 65 69 74 90 90 134 128 159 153 113 104 95 74 52 45 44 49 46 40 40 40 39 37 36 37 37 37 50 41 33 31 33 36 41 48 39 41 42 38 35 34 34 37 38 41 41 35 34 35 36 37 40 43 45 46 46 49 52 53 52 55 58 61 62 65 68 71 75 89 104 95 91 88 86 86 87 88 89
163 180 189 158 173 211 231 220 222 234 193 171 171 130 108 84 71 64 61 62 62 56 62 66 73 93 123 128 101 92 86 68 47 44 44 44 44 44 45 48 48 54 45 36 34 41 40 31 29 30 31 35 41 41 39 45 47 38 38 43 42 46 50 41 37 34 34 35 37 40 43 45 46 48 50 56 55 53 55 55 58 61 63 71 76 82 98 97 85 84 83 83 85 88 91 96
159 173 174 156 154 165 207 226 257 274 278 283 331 249 246 150 78 62 58 59 53 51 47 47 54 69 94 113 126 105 101 77 77 77 57 50 48 48 48 51 56 50 39 34 32 35 45 33 28 28 31 34 43 45 35 34 38 43 38 38 41 48 49 41 35 34 34 34 38 42 44 45 45 48 52 56 55 55 55 55 58 60 64 71 94 93 84 82 81 81 82 85 88 98 118 118
