data/bioclim/bclim15.asc
NCOLS 300 
NROWS 196 
XLLCORNER -121.25 
YLLCORNER 31.1666666666667 
CELLSIZE 0.0416666666666667 
NODATA_value -32768 
[rows 52 to 103 of 196, columns 192 to 287 of 300]
33 31 32 32 33 31 31 28 28 27 28 29 28 28 29 28 29 29 29 29 29 28 27 28 27 28 28 28 28 28 27 27 27 27 25 27 26 27 27 28 30 26 25 31 30 32 26 27 30 29 27 29 31 30 31 30 34 32 30 32 31 32 32 32 32 33 31 32 32 33 32 32 32 30 30 31 30 30 32 31 31 32 31 31 30 30 30 30 29 30 29 29 29 29 29 29
32 31 31 31 30 29 29 28 28 27 28 29 28 28 29 28 29 29 29 29 28 29 29 29 28 28 28 28 27 27 27 27 25 26 27 27 27 25 27 30 30 28 25 30 31 30 30 26 31 32 28 28 30 32 32 31 32 32 30 33 34 31 31 32 33 31 31 32 32 34 32 32 34 33 32 31 30 30 30 31 32 32 31 31 31 31 31 31 30 30 30 29 29 30 29 30
29 30 30 30 29 28 29 28 28 29 28 28 28 28 28 29 29 29 29 29 30 30 28 28 29 28 27 28 28 27 28 28 28 26 29 28 29 28 27 26 25 25 23 23 28 28 28 27 27 32 32 32 29 30 31 32 31 31 32 31 33 32 32 33 31 32 33 32 34 32 33 34 34 33 31 32 32 32 31 32 31 32 31 31 31 32 31 30 31 31 30 30 30 29 29 30
32 31 30 31 30 29 28 29 28 29 28 29 28 28 29 29 30 29 29 30 29 29 29 28 28 28 28 28 29 28 28 28 28 26 30 29 29 30 30 26 25 24 25 23 24 26 27 27 27 30 32 32 33 32 31 32 31 30 32 31 32 34 32 31 32 32 32 33 31 33 34 32 32 34 32 33 30 32 33 31 32 32 32 30 32 31 32 31 31 31 30 29 30 29 29 30
33 33 30 29 30 30 29 28 29 28 29 29 28 29 28 29 30 29 30 29 29 28 29 29 29 29 29 29 28 29 29 29 28 29 27 27 29 29 30 32 31 27 22 24 27 30 31 32 28 34 30 31 31 32 34 32 31 32 33 31 33 31 31 32 32 32 31 31 33 34 34 34 34 33 32 32 32 34 33 31 34 33 31 30 32 30 31 32 30 30 30 30 31 30 30 31
32 32 30 29 29 30 30 28 29 28 28 29 29 28 28 29 29 29 29 28 29 28 29 28 29 29 29 29 29 28 28 29 30 29 30 28 29 30 29 32 28 27 26 26 30 32 32 36 32 32 32 35 32 31 36 31 32 33 32 32 32 32 33 32 32 33 33 32 32 33 34 33 33 32 32 32 33 32 32 32 34 32 32 33 32 32 31 31 31 31 30 30 30 31 30 30
32 32 31 30 30 30 29 29 29 28 29 28 28 29 28 28 29 30 29 28 29 29 29 29 28 29 29 30 29 29 29 29 29 29 30 31 30 30 29 29 32 27 34 36 39 36 32 34 31 33 32 33 33 34 32 32 32 33 32 32 33 32 33 32 32 33 32 31 33 33 34 34 34 31 32 33 33 33 32 32 32 32 32 31 31 31 33 30 31 32 31 31 31 31 31 31
32 31 31 30 30 30 29 29 30 30 29 29 29 28 30 28 29 28 29 29 30 29 29 29 29 30 30 29 29 30 30 29 29 30 29 30 30 30 28 28 30 33 34 34 34 36 34 36 34 34 35 35 33 32 33 32 31 33 34 33 31 32 32 33 32 33 31 32 32 32 33 35 34 33 33 33 32 33 32 32 33 33 33 31 31 32 32 32 32 32 32 31 32 31 31 31
30 30 30 30 30 30 29 29 29 30 29 28 29 30 29 29 28 28 29 29 29 29 29 30 30 31 30 30 29 30 30 30 30 30 30 30 31 30 28 29 35 36 32 33 34 36 32 33 33 33 34 34 33 32 32 32 31 34 32 33 31 33 32 32 32 32 32 31 33 32 33 32 33 34 34 33 32 34 34 34 33 34 32 32 33 31 32 32 32 31 33 32 31 31 32 32
31 30 30 31 30 30 29 29 29 28 29 29 29 30 30 30 30 30 29 29 29 29 30 30 31 31 31 30 29 29 30 30 30 31 31 30 30 28 28 31 32 32 33 32 33 33 33 34 32 32 35 34 34 35 32 33 32 34 33 32 32 32 33 32 32 33 33 32 33 33 34 34 33 32 32 34 34 35 35 33 35 32 32 34 33 33 32 32 32 32 32 33 32 33 32 33
31 31 31 31 31 31 30 30 30 29 29 29 28 29 28 29 29 29 29 30 30 30 30 31 31 32 30 30 29 29 30 28 30 31 30 30 30 30 30 29 32 32 33 30 32 32 34 33 34 34 34 34 34 35 33 33 32 33 33 32 32 32 33 33 33 32 33 33 33 32 34 34 33 33 35 32 32 34 32 33 33 34 35 33 34 34 34 33 32 32 34 32 34 33 33 32
30 31 31 30 31 30 30 30 30 29 30 30 30 30 30 29 29 29 29 29 30 30 32 32 32 31 32 31 30 28 28 28 29 30 30 31 29 29 30 32 31 31 32 32 32 32 32 32 33 34 34 32 34 32 33 32 33 34 34 33 32 32 33 34 33 33 34 33 33 33 34 34 33 34 33 34 33 33 33 35 33 34 33 35 32 33 33 34 34 33 34 32 33 34 34 34
31 30 31 31 30 30 30 30 30 30 30 30 29 30 29 29 30 31 30 31 30 31 31 32 32 32 31 31 30 30 31 28 30 31 30 29 31 31 31 31 31 31 30 32 32 32 32 32 33 34 32 33 34 33 32 33 33 33 34 32 32 33 32 33 33 34 33 32 32 33 33 32 34 33 33 34 33 34 35 34 34 35 34 34 33 32 34 33 34 34 33 35 34 34 33 34
32 31 31 31 32 31 30 30 31 30 30 30 30 31 29 30 30 30 30 31 32 32 32 32 32 32 32 31 30 30 31 30 29 31 31 31 30 30 31 31 31 31 31 32 32 32 33 32 32 32 33 33 33 34 32 33 32 33 32 32 33 34 34 33 34 34 33 34 34 34 33 34 33 34 34 34 33 36 33 33 35 34 36 33 34 34 34 36 34 36 34 34 34 35 35 35
32 31 31 32 31 31 31 31 30 30 30 29 31 30 30 30 30 30 31 31 31 32 32 32 32 32 32 32 31 30 30 29 30 30 32 31 30 30 31 32 31 32 32 33 33 32 32 31 31 33 32 34 34 33 32 33 33 33 33 33 33 33 34 34 34 34 32 34 34 33 34 33 33 33 35 34 34 33 34 34 34 35 35 34 35 34 34 35 34 36 34 36 36 34 35 35
31 32 32 31 32 32 31 31 31 31 31 30 30 31 31 31 30 31 31 31 32 32 32 33 33 33 33 33 31 31 29 31 29 31 30 31 30 32 30 30 32 32 31 32 32 32 33 32 33 33 33 33 33 32 32 34 34 34 34 34 35 34 35 35 34 34 34 35 33 33 35 33 35 33 34 35 35 35 35 34 34 34 34 34 36 34 35 35 35 36 36 35 36 37 35 34
32 32 32 32 32 31 31 32 32 31 31 31 31 31 31 31 30 31 31 31 31 32 33 33 33 33 33 33 32 30 30 30 30 31 30 31 32 32 31 31 32 32 32 32 33 33 31 33 33 33 33 34 33 32 33 34 34 34 35 35 34 34 36 34 34 33 34 33 35 34 34 34 34 35 35 34 35 35 35 35 35 35 35 35 33 34 35 35 37 36 36 36 36 37 37 37
32 32 33 32 32 32 32 31 32 31 31 31 32 31 31 31 31 31 31 31 32 33 32 34 33 33 33 33 32 31 30 31 31 30 31 31 30 32 32 31 31 32 31 33 32 35 32 34 33 33 34 33 34 33 35 34 32 36 34 34 35 33 35 35 34 34 34 34 34 35 34 34 35 34 34 34 34 34 35 34 36 36 36 35 36 35 37 36 36 36 36 37 37 38 37 38
33 33 33 32 33 32 32 31 31 32 33 32 32 31 32 32 32 30 31 32 30 32 32 33 34 33 33 33 33 31 32 30 32 32 31 31 31 32 31 32 31 34 32 35 35 33 35 32 34 34 33 34 35 35 35 36 37 36 35 33 34 34 34 36 34 36 35 35 35 35 34 34 35 34 35 34 34 35 34 34 35 36 37 35 36 36 37 36 37 36 37 37 36 37 37 38
34 34 33 33 33 33 33 32 31 32 32 33 33 33 32 32 33 32 32 31 32 31 33 33 33 33 34 34 33 32 31 31 32 32 32 32 31 32 32 32 31 33 33 32 32 34 34 34 34 34 34 34 34 35 36 34 35 35 35 35 34 34 36 36 36 34 34 36 34 34 36 34 35 35 35 35 36 36 34 35 34 34 35 36 37 36 35 37 37 37 38 37 38 37 39 38
33 33 34 33 33 33 33 32 33 33 32 33 33 33 33 32 32 32 31 31 32 32 33 32 33 33 33 33 33 33 32 32 31 31 31 32 33 32 32 33 32 33 33 33 32 34 34 36 35 34 34 34 34 35 36 37 35 35 36 36 36 36 36 36 36 35 35 35 35 35 35 36 35 35 36 35 36 35 35 35 35 35 35 37 37 37 38 37 37 37 37 38 39 37 39 38
34 34 33 34 34 34 34 34 33 33 33 34 33 33 33 32 32 33 32 32 32 31 33 32 33 34 34 34 33 34 33 31 34 32 33 32 32 34 32 32 34 34 34 32 33 35 34 36 34 35 35 35 36 35 37 37 37 35 35 35 36 37 36 36 36 36 35 35 36 35 35 35 35 36 36 35 35 35 35 35 36 36 36 37 36 38 38 38 38 37 37 38 39 38 38 38
34 34 34 34 34 33 34 34 34 33 33 34 33 32 33 33 33 33 33 32 32 34 32 32 33 32 31 33 34 33 33 32 33 33 34 32 32 33 34 34 34 34 34 33 36 35 35 35 35 35 36 36 36 36 35 37 35 36 37 36 37 37 36 35 36 36 36 35 36 36 36 37 37 35 35 36 36 36 35 36 36 37 37 38 37 37 37 39 38 39 38 38 39 39 38 39
34 35 34 34 35 34 34 34 35 34 34 33 34 33 34 34 33 34 32 33 32 32 32 31 33 33 32 33 33 32 33 33 34 34 34 33 32 34 34 34 34 35 35 35 36 37 36 35 35 37 35 38 38 38 38 37 37 38 36 37 36 37 35 35 36 36 37 37 36 37 38 36 35 37 36 37 36 36 36 36 37 36 36 37 37 37 37 38 38 40 38 39 39 39 39 38
35 36 35 34 36 35 36 34 35 34 35 34 34 35 35 34 34 34 34 33 33 33 33 34 33 34 32 33 32 33 33 33 33 34 35 33 34 35 33 35 36 37 37 36 39 35 36 35 36 36 37 37 37 37 36 37 37 36 37 39 37 38 36 36 37 36 36 37 36 36 37 36 37 35 37 36 37 37 36 37 38 37 38 38 38 38 38 38 39 39 40 39 40 39 40 38
36 36 35 36 35 34 35 35 35 35 34 35 34 34 35 36 35 34 34 33 33 32 33 34 33 34 32 33 33 33 33 32 35 36 35 33 34 33 35 36 35 37 37 38 39 37 37 38 37 36 37 38 37 38 39 37 38 37 37 37 38 37 37 37 37 38 37 38 36 37 38 37 37 36 38 37 36 36 37 38 39 38 38 38 38 38 39 39 40 41 40 40 39 39 39 39
35 36 35 36 36 36 36 36 36 36 35 36 35 35 35 35 34 34 34 34 34 34 33 34 33 34 32 33 34 33 34 35 35 35 33 33 35 35 36 35 36 36 37 37 39 37 39 39 36 37 37 37 37 39 37 38 37 38 36 38 38 37 38 37 37 38 37 37 38 37 37 37 38 38 38 38 37 37 38 39 38 39 38 38 38 39 39 38 40 40 40 39 40 40 40 40
36 36 36 36 36 36 36 36 36 36 36 36 35 35 35 36 36 35 36 34 35 34 33 35 34 34 34 33 33 33 34 35 33 34 33 33 35 35 36 38 37 37 38 38 39 39 39 39 39 37 38 39 38 37 37 40 38 38 36 37 37 38 39 37 37 37 39 38 37 37 38 37 38 37 38 38 37 37 38 36 38 39 38 38 38 38 39 38 39 40 40 40 40 40 39 41
38 37 37 37 36 37 37 37 36 36 37 37 36 36 35 36 36 36 36 36 35 34 35 34 34 34 33 34 34 34 33 33 33 34 34 33 34 37 36 36 38 38 39 39 40 41 39 38 39 38 37 38 38 39 37 38 40 39 38 40 40 41 38 37 38 40 38 38 39 38 39 38 38 38 39 38 39 39 38 37 38 38 39 40 38 38 41 38 39 40 41 40 40 40 40 40
38 38 37 37 37 37 38 37 37 38 37 37 37 37 36 36 36 37 37 36 35 35 34 35 33 34 33 35 34 34 33 34 33 34 34 36 35 35 35 39 39 39 41 40 41 41 38 39 40 38 39 37 39 38 39 37 39 38 40 38 39 39 38 39 39 39 39 38 38 39 38 37 39 39 39 39 39 38 38 38 38 38 40 39 40 39 40 40 41 41 41 40 41 41 40 40
37 38 37 37 38 38 38 38 38 38 37 38 37 37 37 37 36 37 37 37 36 36 35 35 35 34 34 34 35 35 34 34 35 35 35 35 35 34 35 35 36 40 40 40 43 43 41 40 42 40 40 40 39 38 38 39 39 39 38 40 40 39 40 39 41 39 39 39 38 39 39 38 38 38 38 37 38 37 38 38 38 38 39 40 39 41 41 40 40 42 42 41 41 41 39 39
38 39 37 38 37 38 37 38 39 38 38 38 37 37 37 38 38 38 38 38 37 36 36 35 35 35 36 35 35 34 34 34 34 34 35 34 35 35 36 36 39 41 43 41 41 42 43 41 41 41 41 39 39 41 40 39 40 41 40 40 40 40 42 41 40 40 40 40 39 39 39 39 38 39 39 38 38 38 39 38 39 39 39 40 40 40 40 41 41 41 41 41 41 40 40 41
39 39 38 38 39 38 38 39 40 39 38 38 39 38 38 38 38 38 37 38 38 36 36 36 36 36 36 36 35 34 35 36 35 35 35 35 36 35 36 37 41 40 42 43 41 43 41 41 41 42 41 40 41 41 42 40 41 41 41 40 41 42 41 42 40 40 40 40 41 39 39 39 39 39 39 38 39 39 39 39 39 39 40 39 40 40 41 41 40 42 42 41 42 42 41 40
41 39 39 40 39 39 39 40 40 39 40 40 40 40 39 39 38 39 38 38 37 36 36 37 37 36 36 37 36 36 35 36 35 36 35 35 36 35 37 39 41 41 43 43 43 42 43 45 42 42 45 44 41 43 42 42 43 42 39 43 40 42 41 42 41 41 40 40 42 40 41 39 39 39 41 40 39 40 39 39 40 40 40 41 41 41 40 42 40 42 42 43 41 43 43 42
41 40 39 40 41 40 39 40 39 39 39 39 41 40 39 39 39 39 39 38 38 38 37 37 37 37 36 37 37 36 36 35 35 35 35 36 36 37 37 39 42 42 44 43 44 44 42 42 44 44 45 43 43 43 43 43 42 42 43 41 43 44 43 41 43 43 43 42 41 40 40 40 41 41 41 39 40 40 40 39 41 40 40 41 39 41 40 42 41 43 42 42 42 42 43 42
41 40 40 41 42 40 40 41 41 41 41 39 40 40 40 39 40 39 39 39 39 38 38 37 37 37 37 37 37 36 36 35 35 35 36 37 36 37 38 40 42 44 42 44 44 43 44 44 44 44 43 45 41 42 42 43 42 43 43 44 44 41 42 43 42 43 43 43 42 43 43 40 41 40 41 40 40 40 40 41 41 40 41 40 41 42 42 42 41 43 43 43 43 43 44 43
42 43 41 41 42 41 41 41 41 42 41 40 41 40 41 41 40 41 40 39 39 39 37 38 38 38 38 37 37 37 37 36 36 36 37 36 38 38 39 39 41 41 41 43 44 44 43 43 44 43 43 43 45 44 44 45 43 44 43 43 43 43 45 43 43 45 44 44 44 42 43 43 41 42 41 41 42 43 41 41 43 42 42 42 42 43 43 43 43 43 42 43 43 43 44 44
43 43 44 43 42 40 41 42 42 41 41 40 40 40 41 40 41 41 40 40 39 39 39 38 38 38 37 37 37 37 37 37 37 36 37 37 37 38 38 39 39 41 42 43 43 43 44 45 45 43 43 46 43 43 43 44 46 44 43 45 45 45 46 43 45 43 44 44 44 46 44 44 41 41 41 42 42 42 43 41 43 43 42 42 43 43 42 41 43 43 43 43 42 43 43 43
44 44 44 45 44 41 43 43 43 42 41 41 41 42 42 41 42 41 41 40 40 39 39 39 39 38 38 37 37 38 37 37 37 37 37 37 37 37 36 38 39 41 42 43 43 45 44 43 43 45 43 43 45 46 45 46 44 46 46 46 45 47 44 47 44 44 45 46 43 43 43 42 42 43 42 43 43 42 43 43 43 44 43 43 43 43 42 43 43 43 44 43 44 44 43 44
44 44 45 45 45 43 44 43 43 43 42 41 42 42 42 42 43 43 41 41 41 40 40 39 38 38 38 37 37 37 37 37 37 37 37 37 37 37 37 37 39 39 42 41 42 44 43 44 43 44 44 45 44 45 44 46 46 46 46 46 47 47 47 47 45 47 45 44 45 43 44 42 43 42 43 43 43 43 43 43 43 44 43 44 45 43 43 44 44 45 44 45 43 44 44 44
44 45 45 45 45 46 43 44 43 45 44 42 43 42 43 43 43 41 42 41 40 40 40 40 39 39 39 38 38 37 38 38 37 37 37 37 37 37 37 38 38 39 39 41 42 43 43 44 45 45 45 44 44 46 44 46 45 45 48 48 48 48 46 47 46 46 44 45 45 45 44 44 43 43 43 44 45 44 45 43 43 44 45 46 44 45 44 44 44 45 45 45 44 44 45 44
45 45 46 46 46 46 45 44 44 45 44 43 43 43 44 44 43 43 42 41 42 40 39 39 40 39 38 38 38 37 38 38 38 38 37 38 37 37 37 37 37 38 38 41 40 42 43 43 43 44 44 44 46 46 45 46 47 47 45 47 47 47 47 46 47 46 46 45 46 45 44 44 45 44 43 44 45 45 46 44 46 45 46 45 46 46 44 45 47 47 46 45 47 45 45 47
45 45 46 46 46 47 47 45 45 46 45 44 42 43 43 45 44 43 43 42 42 41 40 39 39 39 39 38 38 38 38 38 38 38 38 38 37 38 38 38 38 38 38 39 40 41 41 42 41 44 43 44 45 43 44 46 46 45 47 47 47 48 47 47 49 48 47 47 47 45 44 46 45 46 45 46 47 46 46 45 46 47 45 47 47 45 46 47 46 47 47 48 46 47 46 48
45 46 45 45 46 46 48 47 48 47 47 45 45 45 45 44 46 44 44 42 42 41 40 40 39 39 39 39 39 38 38 38 38 38 38 38 38 38 38 38 37 38 38 39 39 40 40 40 42 41 42 45 43 45 45 46 46 48 47 46 46 49 48 51 50 48 49 47 46 47 46 47 46 46 46 45 49 47 48 47 47 47 47 47 47 48 46 48 48 49 49 49 48 47 46 48
45 45 47 45 46 47 47 49 49 47 47 46 46 45 45 47 47 46 45 43 42 41 40 41 40 40 39 39 39 39 38 39 39 39 38 38 38 38 38 38 38 39 38 38 38 40 40 41 40 41 43 44 44 45 47 47 46 48 47 47 48 49 49 49 50 50 50 48 48 48 46 47 47 48 48 50 50 48 47 48 48 48 49 48 47 49 49 49 49 47 48 49 51 49 49 50
46 46 47 46 46 47 48 49 49 48 47 46 47 46 47 47 47 47 45 44 43 42 41 40 40 41 39 39 39 39 39 38 39 38 38 38 38 39 38 38 38 38 38 39 38 40 40 40 41 40 42 44 43 44 45 45 47 47 49 49 49 50 50 49 50 48 48 49 49 47 48 47 47 50 49 48 47 47 47 47 47 48 50 50 50 51 50 47 49 49 49 49 49 49 50 52
47 45 47 46 46 47 48 48 48 49 49 47 46 48 49 48 48 46 47 46 45 43 41 40 40 40 39 40 39 38 39 39 38 38 38 38 39 38 38 38 38 38 38 38 39 39 40 39 41 41 41 42 43 44 45 47 46 47 48 51 50 49 50 51 52 51 49 49 49 48 49 49 50 49 50 50 50 50 49 49 51 49 49 50 50 49 48 50 49 49 51 50 51 53 51 52
46 48 46 46 46 47 47 48 49 49 48 47 49 48 47 49 49 47 48 47 46 43 41 42 40 39 40 40 39 39 39 39 38 39 38 39 38 38 38 38 38 39 38 39 38 38 39 39 40 41 41 42 44 44 45 45 47 48 50 49 51 51 52 52 52 53 52 49 49 49 51 50 52 50 51 48 50 52 50 49 51 51 50 49 50 51 50 50 50 51 50 53 54 51 52 51
47 48 46 47 47 48 48 49 48 47 48 48 50 49 49 49 49 48 48 47 46 44 43 42 41 40 40 40 40 39 39 39 38 38 38 39 38 38 38 37 38 38 39 39 39 39 39 40 39 42 41 43 42 43 45 45 47 49 48 51 50 52 52 52 53 51 50 51 51 53 50 50 52 52 52 52 51 50 49 52 49 49 52 53 50 51 51 52 52 52 52 52 53 52 52 51
47 47 48 48 46 47 48 48 48 47 49 48 48 50 48 47 48 47 48 47 47 44 42 42 41 41 40 40 40 40 38 38 38 38 39 38 37 38 37 38 38 39 39 39 39 39 39 40 40 40 42 41 43 44 46 45 47 49 48 50 52 51 54 52 54 51 53 53 54 52 52 53 50 51 52 52 51 53 51 52 52 53 51 53 51 54 51 51 52 52 53 54 53 51 53 52
47 47 47 48 46 47 46 47 48 48 48 50 50 48 50 48 47 47 48 48 47 46 45 43 42 42 41 40 40 39 38 38 38 38 38 38 38 38 38 38 39 39 39 39 39 39 39 39 40 41 42 42 41 43 44 46 47 49 49 52 53 52 52 54 53 54 53 54 53 53 52 50 51 53 53 51 53 53 51 51 52 54 51 51 53 53 53 52 54 55 53 52 54 55 54 53
47 46 46 48 47 47 46 46 47 48 48 50 49 50 49 50 49 48 48 48 47 47 46 45 45 43 41 40 40 39 38 39 39 38 38 38 38 38 38 38 39 39 39 39 39 39 39 39 40 40 41 42 42 42 44 45 47 48 48 51 52 54 54 55 54 55 54 55 55 54 53 53 53 52 53 53 53 54 53 53 52 52 51 53 54 55 54 53 53 53 54 53 53 55 54 53
