data/bioclim/bclim8.asc
NCOLS 300 
NROWS 196 
XLLCORNER -121.25 
YLLCORNER 31.1666666666667 
CELLSIZE 0.0416666666666667 
NODATA_value -32768 
[rows 86 to 128 of 196, columns 0 to 95 of 300]
91 94 86 88 91 90 92 99 98 94 96 97 98 100 99 98 95 93 90 89 87 86 92 93 86 87 84 90 98 101 104 104 104 104 104 105 104 104 104 103 104 104 104 104 104 105 105 106 107 107 108 108 109 109 110 111 107 102 95 77 79 74 63 56 32 42 63 83 80 58 66 48 56 79 81 77 64 36 34 67 87 97 82 82 82 82 82 82 80 76 76 75 87 110 111 111
109 99 93 80 81 91 94 97 94 90 93 94 98 100 99 99 99 97 94 92 91 92 91 87 85 83 94 98 100 102 103 102 102 103 103 104 104 104 104 103 104 104 104 104 103 104 105 105 106 107 108 107 108 109 109 110 108 101 89 77 82 75 62 36 35 52 79 92 87 85 86 88 85 83 60 36 53 44 38 62 81 96 98 81 81 82 82 81 82 82 82 83 108 110 111 112
112 111 103 97 88 87 88 94 94 90 88 89 93 100 99 98 97 96 97 96 96 94 89 86 83 82 88 96 97 100 101 100 100 102 102 103 103 104 104 104 104 104 103 103 103 104 104 105 106 107 108 108 107 107 107 109 108 99 89 79 82 65 52 34 42 63 90 84 92 91 84 89 75 64 39 26 33 43 58 56 81 95 97 98 81 81 82 80 82 84 84 83 107 110 111 111
-32768 -32768 107 106 102 94 88 85 89 91 92 91 96 100 99 98 96 94 92 94 93 95 92 85 83 83 84 87 92 96 98 99 100 101 102 102 103 103 104 103 103 103 103 103 103 104 104 105 106 107 108 108 108 108 107 108 107 101 89 81 88 72 52 47 64 89 92 70 67 63 52 74 81 56 33 31 40 53 61 77 87 93 96 97 80 81 81 79 77 79 80 82 85 88 108 104
-32768 -32768 -32768 107 106 104 99 97 88 92 94 98 100 101 98 98 97 96 92 92 92 92 92 93 90 85 84 87 90 92 94 98 99 100 100 101 102 103 103 104 104 103 103 103 104 104 104 105 106 108 109 109 110 111 110 111 111 104 90 82 82 61 68 85 78 80 63 54 58 39 37 69 77 66 48 45 59 74 81 86 90 92 94 95 95 93 92 89 89 90 80 85 86 103 82 102
-32768 -32768 -32768 -32768 106 107 104 106 99 95 94 95 98 101 98 95 95 96 95 93 92 91 92 90 93 90 86 83 85 83 84 93 97 99 99 101 102 103 104 104 103 103 103 103 104 104 105 106 107 108 109 110 110 111 112 114 115 113 101 86 71 81 74 72 45 73 56 31 31 26 22 45 65 64 46 59 70 82 86 89 91 84 86 88 92 88 88 90 78 81 83 84 102 81 81 101
-32768 -32768 -32768 -32768 -32768 107 109 110 109 107 98 93 94 100 101 95 94 96 93 90 91 90 92 90 91 91 87 82 81 80 77 80 92 96 98 100 101 102 104 104 104 103 103 104 104 104 106 107 108 109 110 111 111 110 111 114 114 113 103 94 93 78 44 34 40 63 45 24 9 11 31 38 54 57 47 61 74 83 86 88 85 68 82 87 86 80 88 89 88 93 80 98 95 97 80 97
-32768 -32768 -32768 -32768 -32768 -32768 -32768 113 113 111 107 99 93 95 100 100 95 92 93 88 86 89 90 90 90 90 87 85 83 81 77 72 81 90 95 98 101 102 103 104 104 103 103 104 104 105 106 107 109 110 111 113 113 114 116 117 118 119 117 99 83 79 60 35 47 69 63 46 16 17 24 33 57 48 49 60 74 82 86 87 84 78 74 91 91 90 91 90 81 76 88 91 95 79 91 89
-32768 -32768 -32768 -32768 -32768 -32768 -32768 -32768 -32768 113 112 107 95 90 97 101 98 92 89 88 84 77 85 88 89 90 90 86 85 84 81 76 71 76 87 95 99 101 103 103 104 104 104 104 105 106 107 108 110 110 112 113 115 116 116 116 117 118 116 110 99 87 73 65 66 72 66 59 51 41 27 36 65 60 57 66 76 86 91 90 87 92 99 84 98 94 91 89 85 87 90 83 93 91 86 81
-32768 -32768 -32768 -32768 -32768 -32768 -32768 -32768 -32768 116 116 115 110 98 94 93 99 96 93 92 91 86 81 82 84 89 91 85 86 87 86 83 78 69 77 87 94 98 101 101 102 103 104 105 106 107 108 109 110 111 113 114 115 116 118 119 120 119 117 112 106 94 86 78 74 67 57 71 74 71 52 51 69 65 64 77 83 89 96 98 104 105 103 100 94 82 81 81 84 95 79 93 92 85 78 82
-32768 -32768 -32768 -32768 -32768 -32768 -32768 -32768 118 115 117 117 115 114 110 95 90 95 95 95 94 93 89 76 72 85 91 88 84 86 88 88 87 81 68 72 85 92 96 99 98 97 99 103 106 107 108 110 111 112 113 114 115 117 118 119 120 119 118 118 113 110 97 96 93 84 78 83 82 77 65 51 66 71 79 87 87 96 101 104 105 103 98 90 80 80 87 90 92 96 81 81 93 85 78 80
-32768 -32768 -32768 -32768 -32768 -32768 -32768 -32768 116 109 107 108 115 119 116 105 92 94 91 86 89 87 90 91 75 77 86 90 86 86 85 88 88 87 81 69 68 83 92 95 98 97 97 98 101 105 108 111 112 113 114 115 116 117 118 119 120 120 120 120 114 103 102 98 84 63 65 74 75 68 64 56 59 73 72 73 84 100 102 103 100 93 89 85 85 89 90 91 92 95 81 96 94 88 81 82
-32768.000000000000000 -32768 -32768 -32768 -32768 -32768 -32768 -32768 110 109 104 103 110 117 119 117 107 96 103 100 95 98 90 84 89 86 75 85 89 88 86 86 89 89 88 84 75 78 88 93 97 100 102 104 106 109 110 111 112 113 115 115 116 117 118 119 119 120 120 120 115 90 58 74 86 74 64 50 52 56 54 47 48 60 72 80 94 99 100 99 95 91 91 90 91 92 92 92 91 91 95 94 91 88 84 86
-32768 -32768 -32768 -32768 -32768 -32768 -32768 -32768 -32768 111 112 112 116 117 116 117 115 110 108 108 104 104 99 92 87 93 89 78 81 85 83 82 86 89 90 89 85 79 78 88 95 99 101 105 107 110 111 112 113 114 115 116 116 118 119 119 120 120 121 117 96 66 45 46 69 71 62 48 50 57 56 51 45 56 74 88 95 96 98 97 96 93 92 92 92 93 93 79 93 92 88 86 95 92 88 89
-32768 -32768 -32768 -32768 -32768 -32768 -32768 -32768 -32768 -32768 -32768 -32768 -32768 116 116 117 116 115 109 107 106 107 101 96 93 97 96 91 81 81 83 79 77 85 88 89 89 87 82 78 86 95 100 104 105 109 112 113 113 114 115 116 117 118 118 119 119 119 118 101 73 58 57 60 55 57 67 63 61 61 62 45 53 72 87 92 94 95 96 96 95 94 78 94 78 78 78 78 93 79 94 93 96 100 97 95
-32768 -32768 -32768 -32768 -32768 -32768 -32768 -32768 -32768 -32768 -32768 -32768 -32768 -32768 119 118 117 111 108 105 109 109 105 98 100 92 94 97 95 91 89 85 80 71 74 84 87 88 88 83 78 84 93 100 107 110 111 112 113 113 114 116 117 117 117 118 118 117 113 104 90 76 64 67 61 57 56 60 63 63 63 61 74 84 89 91 93 94 95 95 94 78 79 79 79 78 91 91 93 95 97 82 85 104 104 103
-32768 -32768 -32768 -32768 -32768 -32768 -32768 -32768 -32768 -32768 -32768 -32768 -32768 -32768 119 118 116 115 114 107 106 110 111 105 96 96 92 83 83 92 97 94 91 82 73 67 80 84 86 87 83 81 84 98 106 108 109 110 111 111 112 114 116 116 115 115 115 116 113 107 100 93 70 46 36 34 26 39 52 59 64 73 82 88 91 91 92 93 92 93 79 94 79 79 79 94 77 77 78 79 81 99 86 105 106 106
-32768 -32768 -32768 -32768 -32768 -32768 -32768 -32768 -32768 -32768 -32768 -32768 -32768 -32768 118 118 117 116 116 115 110 110 114 109 106 105 98 88 78 69 85 93 94 94 89 75 72 77 78 80 81 80 86 95 99 103 105 105 107 106 108 108 108 105 109 111 112 113 112 107 99 87 71 62 49 40 20 36 46 62 75 81 86 90 91 92 92 91 90 77 77 78 78 79 79 79 79 79 80 96 97 83 102 105 106 107
-32768 -32768 -32768 -32768 -32768 -32768 -32768 -32768 -32768 -32768 -32768 -32768 -32768 -32768 118 117 117 117 117 117 116 114 110 95 95 98 95 92 86 74 60 80 87 89 91 91 89 89 87 78 77 77 79 81 85 92 96 97 96 93 89 89 82 94 103 105 108 110 107 93 73 69 58 42 43 48 50 48 58 71 81 83 86 86 91 91 92 91 91 90 76 77 78 78 79 77 77 78 94 80 96 98 85 102 104 105
-32768 -32768 -32768 -32768 -32768 -32768 -32768 -32768 -32768 -32768 -32768 -32768 -32768 -32768 115 115 117 116 116 116 117 117 114 106 101 92 97 96 90 81 74 60 67 76 81 86 88 89 88 88 87 85 79 72 67 77 82 77 76 79 71 72 67 77 91 97 98 101 90 73 62 47 43 40 51 64 70 72 76 81 85 87 87 89 90 90 89 88 89 75 75 76 83 83 76 73 74 89 90 91 78 81 100 101 103 103
-32768 -32768 -32768 -32768 -32768 -32768 -32768 -32768 -32768 -32768 -32768 -32768 -32768 -32768 112 107 109 115 115 115 116 117 118 111 106 97 102 98 92 84 86 75 61 54 56 71 81 84 84 85 85 84 78 71 60 61 65 53 41 50 57 54 55 64 66 66 66 71 77 71 58 53 54 63 69 72 77 82 85 87 88 89 90 90 90 89 87 88 74 75 75 81 83 76 75 73 72 73 88 87 88 92 97 99 100 100
-32768 -32768 -32768 -32768 -32768 -32768 -32768 -32768 -32768 -32768 -32768 -32768 -32768 -32768 -32768 115 112 113 112 113 112 112 115 116 115 111 105 100 102 98 88 93 84 74 63 60 71 75 76 76 78 80 79 67 64 60 54 52 34 28 40 35 35 37 34 47 64 67 66 60 66 74 76 77 79 81 83 87 88 90 91 91 91 92 92 92 92 91 91 91 75 76 76 75 74 73 85 86 88 89 90 77 92 94 98 97
-32768 -32768 -32768 -32768 -32768 -32768 -32768 -32768 -32768 -32768 -32768 -32768 -32768 -32768 -32768 117 115 112 112 113 111 111 111 111 112 110 106 96 91 95 97 84 86 86 83 66 57 57 63 60 71 69 77 76 69 61 59 50 32 15 9 16 35 42 34 42 59 64 59 67 77 81 82 83 85 86 88 88 89 90 90 91 91 91 91 92 91 91 91 75 91 76 75 88 73 86 84 83 85 89 91 92 93 93 96 99
-32768 -32768 -32768 -32768 -32768 -32768 -32768 -32768 -32768 -32768 -32768 -32768 -32768 -32768 119 117 116 114 113 116 115 115 115 112 111 110 107 101 90 80 84 88 83 74 76 80 66 56 51 60 65 57 59 73 68 63 56 51 49 33 29 37 44 35 18 31 55 65 72 72 74 78 78 80 83 85 86 88 88 89 90 90 91 91 91 91 90 90 91 90 90 86 83 82 84 84 85 85 85 86 90 92 93 95 98 99
-32768 -32768 -32768 -32768 -32768 -32768 -32768 -32768 -32768 -32768 -32768 -32768 -32768 -32768 -32768 117 115 115 115 112 112 111 111 113 113 112 110 108 103 95 74 74 75 61 49 55 56 59 50 52 59 48 51 59 71 68 62 58 52 47 43 46 45 44 41 49 64 75 78 75 68 52 56 66 69 74 81 85 87 89 90 90 91 90 90 90 90 89 90 90 90 86 82 83 83 84 85 80 76 81 87 91 93 96 94 90
-32768 -32768 -32768 -32768 -32768 -32768 -32768 -32768 -32768 -32768 -32768 -32768 -32768 -32768 -32768 119 119 118 118 118 117 114 109 108 107 111 113 111 109 108 97 90 85 65 53 63 64 53 43 50 57 62 58 59 63 68 66 60 56 51 41 41 45 51 41 50 61 73 82 81 76 78 65 54 50 61 68 77 81 87 89 90 90 90 89 88 88 88 89 89 89 88 84 84 85 84 85 85 80 80 87 91 92 95 90 82
-32768 -32768 -32768 -32768 -32768 -32768 -32768 -32768 -32768 -32768 -32768 -32768 -32768 -32768 -32768 116 116 119 120 120 118 116 114 115 115 115 114 116 115 113 110 107 101 96 81 84 73 64 68 72 69 69 66 57 53 49 39 37 35 40 46 50 50 46 33 32 42 52 67 83 81 88 80 78 73 80 74 73 74 76 79 84 88 88 87 87 87 87 87 87 87 88 88 87 87 85 86 87 86 84 88 91 91 93 86 76
-32768 -32768 -32768 -32768 -32768 -32768 -32768 -32768 -32768 -32768 -32768 -32768 -32768 -32768 118 112 111 110 112 115 117 116 115 118 115 118 118 118 117 117 115 112 110 103 95 84 72 84 80 85 73 66 55 51 56 58 58 55 51 46 45 47 50 61 61 67 62 51 78 89 85 86 92 81 88 83 81 86 78 71 73 79 80 85 85 86 86 87 87 87 86 85 87 87 86 85 86 86 87 87 89 89 89 92 84 84
-32768 -32768 -32768 -32768 -32768 -32768 -32768 -32768 -32768 -32768 -32768 -32768 -32768 -32768 118 114 114 108 105 112 114 114 107 111 111 114 115 114 109 106 107 112 114 110 106 100 92 92 95 92 87 74 52 57 60 58 57 66 72 75 74 73 77 75 74 81 72 80 89 98 85 89 98 97 96 93 92 86 78 70 70 64 65 77 82 85 86 86 86 86 85 85 85 85 84 84 84 84 84 85 86 87 88 90 91 88
-32768 -32768 -32768 -32768 -32768 -32768 -32768 -32768 -32768 -32768 -32768 -32768 -32768 -32768 -32768 -32768 -32768 117 115 113 113 112 112 112 115 105 102 103 104 95 87 91 96 98 97 92 95 98 98 97 91 78 63 65 88 86 78 84 72 67 62 52 51 56 72 82 80 68 83 102 102 96 103 107 102 100 89 91 91 89 85 79 74 72 72 78 80 82 83 83 83 82 82 81 81 80 80 80 80 81 83 84 86 87 89 91
-32768 -32768 -32768 -32768 -32768 -32768 -32768 -32768 -32768 -32768 -32768 -32768 -32768 -32768 -32768 -32768 -32768 -32768 119 116 115 116 118 120 118 112 116 120 120 118 116 115 113 111 113 110 100 91 89 92 88 86 82 73 77 87 102 96 95 95 75 61 67 59 74 99 89 80 92 107 108 103 106 112 108 106 104 101 97 93 91 84 81 84 80 73 65 72 70 74 75 75 74 72 73 74 75 74 76 77 78 81 82 84 87 89
-32768 -32768 -32768 -32768 -32768 -32768 -32768 -32768 -32768 -32768 -32768 -32768 -32768 -32768 -32768 -32768 -32768 -32768 122 123 -32768 -32768 -32768 -32768 -32768 -32768 -32768 -32768 -32768 -32768 122 121 121 121 122 121 122 120 120 119 114 108 104 97 99 108 114 114 111 106 101 100 94 75 87 113 101 100 104 112 109 108 114 115 115 112 108 104 105 97 90 91 87 84 77 71 59 67 61 53 64 66 61 56 56 61 65 66 69 71 73 76 78 81 84 87
-32768 -32768 -32768 -32768 -32768 -32768 -32768 -32768 -32768 -32768 -32768 -32768 -32768 -32768 -32768 -32768 -32768 -32768 -32768 -32768 -32768 -32768 -32768 -32768 -32768 -32768 -32768 -32768 -32768 -32768 -32768 -32768 123 122 -32768 122 123 126 -32768 -32768 126 126 122 111 109 116 118 111 105 104 107 114 113 111 118 124 120 118 121 117 116 115 113 109 113 113 108 105 99 80 73 69 69 57 54 55 44 42 50 39 31 39 42 36 30 28 40 53 58 63 66 71 74 78 82 86
-32768 -32768 -32768 -32768 -32768 -32768 -32768 -32768 -32768 -32768 -32768 -32768 -32768 -32768 -32768 -32768 -32768 -32768 -32768 -32768 -32768 -32768 -32768 -32768 -32768 -32768 -32768 -32768 -32768 -32768 -32768 -32768 -32768 -32768 -32768 -32768 -32768 -32768 -32768 -32768 -32768 -32768 -32768 114 114 109 117 118 112 112 118 121 124 121 121 118 112 108 102 97 100 100 95 93 106 108 99 90 90 89 78 68 58 51 61 64 50 43 39 23 31 27 13 10 37 19 20 34 53 68 66 67 71 76 80 84
-32768 -32768 -32768 -32768 -32768 -32768 -32768 -32768 -32768 -32768 -32768 -32768 -32768 -32768 -32768 -32768 -32768 -32768 -32768 -32768 -32768 -32768 -32768 -32768 -32768 -32768 -32768 -32768 -32768 -32768 -32768 -32768 -32768 -32768 -32768 -32768 -32768 -32768 -32768 -32768 -32768 -32768 -32768 -32768 124 118 121 119 114 117 124 124 116 114 118 118 118 118 116 111 112 110 100 99 98 109 116 116 109 105 92 94 81 79 77 74 69 49 54 36 58 52 31 39 55 27 1 25 47 69 81 71 71 77 84 79
-32768 -32768 -32768 -32768 -32768 -32768 -32768 -32768 -32768 -32768 -32768 -32768 -32768 -32768 -32768 -32768 -32768 -32768 -32768 -32768 -32768 -32768 -32768 -32768 -32768 -32768 -32768 -32768 -32768 -32768 -32768 -32768 -32768 -32768 -32768 -32768 -32768 -32768 -32768 -32768 -32768 -32768 -32768 -32768 -32768 -32768 124 126 125 125 126 124 124 123 124 123 123 122 121 121 120 118 110 118 120 122 124 124 123 120 114 93 81 86 70 57 62 65 72 73 91 86 74 72 59 35 11 13 38 65 84 78 58 63 64 61
-32768 -32768 -32768 -32768 -32768 -32768 -32768 -32768 -32768 -32768 -32768 -32768 -32768 -32768 -32768 -32768 -32768 -32768 -32768 -32768 -32768 -32768 -32768 -32768 -32768 -32768 -32768 -32768 -32768 -32768 -32768 -32768 -32768 -32768 -32768 -32768 -32768 -32768 -32768 -32768 -32768 -32768 -32768 -32768 -32768 -32768 -32768 126 126 126 127 126 125 126 126 125 123 119 117 112 110 109 119 125 127 128 128 128 129 126 112 107 108 104 89 64 65 82 78 86 92 110 98 94 78 61 39 18 27 54 81 95 98 81 69 62
-32768 -32768 -32768 -32768 -32768 -32768 -32768 -32768 -32768 -32768 -32768 -32768 -32768 -32768 -32768 -32768 -32768 -32768 -32768 -32768 -32768 -32768 -32768 -32768 -32768 -32768 -32768 -32768 -32768 -32768 -32768 -32768 -32768 -32768 -32768 -32768 -32768 -32768 -32768 -32768 -32768 -32768 -32768 -32768 -32768 -32768 -32768 -32768 128 127 128 127 127 126 120 122 122 120 115 114 115 118 125 127 129 131 132 133 133 135 134 120 124 125 124 117 99 106 95 97 108 109 97 99 79 75 71 68 74 81 87 108 113 116 113 105
-32768 -32768 -32768 -32768 -32768 -32768 -32768 -32768 -32768 -32768 -32768 -32768 -32768 -32768 -32768 -32768 -32768 -32768 -32768 -32768 -32768 -32768 -32768 -32768 -32768 -32768 -32768 -32768 -32768 -32768 -32768 -32768 -32768 -32768 -32768 -32768 -32768 -32768 -32768 -32768 -32768 -32768 -32768 -32768 -32768 -32768 -32768 -32768 127 128 128 127 128 123 120 110 116 119 120 121 122 122 121 122 122 123 129 131 134 135 134 140 136 132 133 135 136 137 134 132 131 127 116 116 111 111 113 116 117 120 122 119 121 123 123 123
-32768 -32768 -32768 -32768 -32768 -32768 -32768 -32768 -32768 -32768 -32768 -32768 -32768 -32768 -32768 -32768 -32768 -32768 -32768 -32768 -32768 -32768 -32768 -32768 -32768 -32768 -32768 -32768 -32768 -32768 -32768 -32768 -32768 -32768 -32768 -32768 -32768 -32768 -32768 -32768 -32768 -32768 -32768 -32768 -32768 -32768 -32768 -32768 -32768 -32768 128 128 122 122 116 107 111 110 114 117 125 125 116 122 117 121 125 133 133 138 141 142 141 140 139 140 140 140 139 137 136 133 130 128 127 125 126 129 130 130 129 126 126 126 126 125
-32768 -32768 -32768 -32768 -32768 -32768 -32768 -32768 -32768 -32768 -32768 -32768 -32768 -32768 -32768 -32768 -32768 -32768 -32768 124 122 123 124 -32768 -32768 -32768 -32768 -32768 -32768 -32768 -32768 127 121 117 122 120 125 -32768 -32768 125 127 127 -32768 -32768 -32768 -32768 -32768 -32768 -32768 -32768 -32768 -32768 -32768 126 123 122 119 118 117 114 121 125 119 123 131 135 140 143 145 146 146 145 145 143 142 141 142 141 140 139 136 132 131 131 131 131 131 133 133 133 132 130 129 129 128 125
-32768 -32768 -32768 -32768 -32768 -32768 -32768 -32768 -32768 -32768 -32768 -32768 -32768 -32768 -32768 -32768 -32768 -32768 -32768 124 120 121 124 -32768 123 125 123 124 123 -32768 -32768 -32768 124 119 112 110 115 122 118 117 120 127 -32768 126 128 -32768 -32768 -32768 -32768 -32768 -32768 -32768 -32768 -32768 -32768 -32768 -32768 133 133 133 134 138 -32768 140 -32768 142 144 145 146 146 147 147 146 146 144 143 142 137 139 138 135 135 132 129 133 133 133 134 134 134 132 128 130 130 125 118
-32768 -32768 -32768 -32768 -32768 -32768 -32768 -32768 -32768 -32768 -32768 -32768 -32768 -32768 -32768 -32768 -32768 -32768 -32768 -32768 -32768 -32768 -32768 -32768 123 121 119 118 119 123 126 -32768 124 122 120 119 119 120 112 119 -32768 -32768 -32768 -32768 -32768 -32768 -32768 -32768 -32768 -32768 -32768 -32768 -32768 -32768 -32768 -32768 -32768 -32768 -32768 -32768 -32768 -32768 -32768 -32768 -32768 -32768 144 146 146 146 146 147 146 146 144 143 142 136 135 133 135 132 129 128 132 134 134 135 135 134 134 132 132 129 119 108
