data/bioclim/bclim17.asc
NCOLS 300 
NROWS 196 
XLLCORNER -121.25 
YLLCORNER 31.1666666666667 
CELLSIZE 0.0416666666666667 
NODATA_value -32768 
[rows 58 to 115 of 196, columns 0 to 95 of 300]
8 8 7 5 5 5 4 4 4 4 4 2 2 2 2 2 2 2 2 2 2 2 3 3 3 3 3 3 3 3 3 3 3 3 3 3 3 3 3 3 3 5 5 7 8 8 9 6 8 10 9 11 12 15 17 20 26 29 22 23 41 48 47 52 58 46 57 59 60 59 36 16 14 14 19 28 37 39 27 18 15 15 16 20 21 15 24 37 38 24 32 34 20 14 11 12
8 7 8 6 5 5 4 4 4 4 4 2 2 2 2 2 2 2 2 2 2 2 3 3 3 3 3 3 3 3 3 3 3 3 3 3 3 3 3 3 3 3 5 6 7 6 6 7 9 12 10 9 9 11 12 13 14 14 19 29 36 33 46 50 48 35 48 54 65 65 34 19 14 14 15 20 30 37 25 16 13 13 14 15 14 15 23 28 33 25 33 34 26 16 11 9
7 7 7 8 6 7 7 5 5 4 4 4 2 2 2 2 2 2 2 2 2 2 3 3 3 3 3 3 3 3 3 3 2 3 3 3 3 3 3 3 3 3 3 4 5 6 6 8 8 9 12 12 11 15 17 18 15 15 15 19 19 20 27 31 27 40 56 66 68 65 32 21 15 14 14 15 23 41 36 21 11 10 11 11 13 21 24 20 23 24 33 37 31 19 12 8
6 7 7 8 6 8 7 6 4 4 4 4 4 2 2 2 2 2 2 2 2 2 3 3 3 3 3 3 3 3 3 3 2 3 3 3 3 3 3 3 3 3 3 3 4 5 7 8 8 9 10 13 13 14 19 19 17 23 20 24 26 25 24 24 33 35 41 51 64 64 37 22 18 15 15 15 18 37 40 28 13 10 10 10 12 15 21 18 20 22 31 34 27 16 12 8
6 7 7 8 8 8 8 7 4 4 5 5 4 3 2 2 2 2 2 2 2 3 3 3 3 3 3 3 3 3 3 3 2 3 3 3 3 3 3 3 3 3 3 3 4 4 6 8 8 9 9 9 11 14 17 21 21 26 25 28 37 33 27 28 41 56 66 56 66 70 48 25 20 15 15 15 15 29 46 36 21 11 10 10 10 11 15 18 19 22 25 30 22 16 11 8
5 5 7 7 8 8 8 7 5 4 5 5 4 4 2 2 2 2 2 2 2 3 3 3 3 3 3 3 3 3 3 3 2 3 3 3 3 3 3 3 3 3 3 3 3 3 4 6 7 7 9 11 11 13 14 16 21 23 29 34 37 33 38 40 38 55 74 69 78 77 58 39 22 18 15 15 15 20 39 41 29 16 10 10 10 10 11 17 17 22 22 26 23 17 12 8
5 7 6 6 6 6 6 5 4 4 5 5 5 4 3 2 2 2 2 2 3 3 3 3 3 3 3 3 3 3 3 3 2 2 3 3 3 3 3 3 3 3 3 3 3 3 3 3 5 8 8 9 10 11 11 14 17 18 23 29 35 45 51 49 54 54 75 62 66 74 79 50 27 22 19 18 15 16 25 46 36 29 16 13 11 11 11 15 18 22 23 21 23 17 11 9
7 5 7 8 8 8 6 5 4 4 4 4 4 4 4 3 2 2 2 2 3 3 3 3 3 3 3 3 3 3 3 3 2 2 3 3 3 3 3 3 3 3 3 3 3 3 3 3 5 8 8 8 10 10 11 12 12 15 20 22 26 38 49 49 56 63 64 60 56 65 76 71 36 23 21 19 15 15 19 33 38 38 34 22 22 20 15 16 22 29 27 23 20 15 13 9
8 6 6 6 8 8 7 7 6 5 5 4 4 4 4 4 3 3 2 2 3 3 3 3 3 3 3 3 3 3 3 3 2 2 2 2 3 3 3 3 3 3 3 3 3 3 3 3 3 5 6 8 10 9 11 12 10 12 15 19 21 22 26 31 49 70 66 56 44 63 76 77 59 33 23 19 16 15 16 19 26 30 39 29 27 27 26 21 23 32 32 27 21 17 14 11
7 6 6 5 5 6 7 7 7 5 5 5 5 5 5 5 5 5 4 3 3 3 3 3 3 3 3 3 3 3 3 3 2 2 2 2 2 2 2 2 2 2 3 3 3 3 3 3 3 5 5 7 8 8 10 10 10 12 12 12 16 19 21 33 55 55 70 67 41 60 70 71 73 59 37 23 18 15 16 16 16 21 29 36 31 27 26 29 27 27 29 24 19 18 17 12
6 6 5 5 5 5 5 7 8 7 5 5 5 5 5 6 6 5 4 4 4 3 3 3 3 3 3 3 3 3 3 3 2 2 2 2 2 2 2 2 2 2 2 2 2 3 3 3 3 3 4 5 8 8 10 10 9 9 12 15 19 28 32 36 54 50 43 43 38 54 58 63 68 59 52 37 21 15 16 16 16 17 20 29 31 26 23 23 24 17 14 17 19 23 23 16
5 6 5 5 5 5 5 5 7 7 7 6 5 5 5 6 5 5 5 4 4 4 4 4 3 3 3 3 3 3 3 3 3 2 2 2 2 2 2 2 2 2 2 2 2 2 3 3 3 3 4 4 5 5 8 9 8 11 13 13 16 20 32 34 52 55 48 37 38 59 59 51 57 55 53 36 22 16 16 16 16 16 17 28 31 24 23 23 21 16 11 11 13 25 30 21
4 4 4 4 4 5 5 5 5 6 5 7 7 9 8 6 5 5 5 4 4 4 4 4 4 4 3 3 3 3 3 3 3 2 2 2 2 2 2 2 2 2 2 2 2 2 2 3 3 3 4 4 4 4 6 8 9 9 15 16 24 27 37 51 56 57 54 40 35 44 48 46 48 48 52 41 25 17 16 16 16 17 17 22 28 24 21 21 19 15 10 10 11 14 23 24
3 4 4 4 5 5 5 5 7 7 7 6 7 9 10 10 8 6 5 5 5 4 4 4 4 4 5 4 3 3 3 3 3 2 2 2 2 2 2 2 2 2 2 2 2 2 2 2 3 3 4 4 4 5 8 9 9 11 12 13 18 29 34 42 39 41 57 41 29 39 41 41 41 42 49 44 29 17 16 16 16 18 19 19 20 21 22 22 19 14 11 10 10 11 14 23
3 2 4 4 4 4 4 4 5 5 8 7 7 7 9 8 8 7 6 6 6 5 4 4 4 4 4 4 3 3 3 3 3 2 2 2 2 2 2 2 2 2 2 2 2 2 2 2 2 3 4 4 4 4 6 9 9 13 14 18 21 29 37 40 31 29 38 42 28 44 49 53 41 40 43 45 26 17 16 16 18 22 23 21 20 22 23 23 18 14 14 11 10 10 12 20
3 2 2 3 4 4 4 4 4 5 5 6 6 6 5 5 5 5 5 6 5 5 4 4 4 4 4 4 4 3 3 3 3 2 2 2 2 2 2 2 2 2 2 2 2 2 2 2 2 2 4 4 4 4 4 6 9 13 13 13 16 25 30 35 30 24 31 37 26 36 40 44 46 40 48 52 27 17 16 18 20 27 30 26 23 23 24 20 18 18 21 12 11 10 11 14
5 2 2 2 2 4 4 4 4 4 5 5 5 5 6 5 5 5 4 3 3 4 4 4 4 4 4 4 4 4 3 3 3 2 2 2 2 2 2 2 2 2 2 2 2 2 2 2 2 2 3 3 4 4 6 7 8 10 9 10 14 20 18 27 26 21 23 26 26 23 29 36 40 36 40 45 26 18 17 18 19 27 32 29 31 27 23 19 17 20 24 14 11 10 10 11
5 4 2 2 2 2 4 4 4 4 4 5 5 5 5 6 6 5 5 3 3 3 3 3 4 4 4 4 4 3 3 2 3 2 2 2 2 2 2 2 2 2 2 2 2 2 2 2 2 2 3 3 3 3 4 6 7 9 8 10 13 15 17 28 30 26 22 22 23 23 36 40 38 35 35 40 37 22 17 18 18 22 28 30 34 31 24 22 19 21 27 14 11 10 9 9
5 3 2 2 2 2 2 3 3 3 4 4 5 6 5 5 5 5 5 3 3 3 3 3 3 3 3 3 3 3 3 2 2 1 2 2 2 2 2 2 2 2 2 2 2 2 2 2 2 2 3 3 3 3 3 4 5 8 8 8 12 15 16 19 24 24 20 20 20 24 34 37 37 37 38 37 36 22 17 18 22 22 24 25 28 28 24 23 19 21 33 20 11 9 8 8
5 3 3 2 2 2 2 2 3 3 4 4 4 5 5 5 4 4 5 3 3 3 3 3 3 3 3 3 3 3 3 2 2 1 1 2 2 2 2 2 2 2 2 2 2 2 2 2 2 2 3 3 3 3 4 4 4 5 5 10 16 18 19 24 27 25 22 21 24 24 29 35 35 38 35 32 40 26 16 17 20 20 20 20 21 24 24 24 23 25 34 21 12 9 8 8
5 4 4 4 2 2 2 2 2 3 3 3 4 5 5 5 5 4 3 3 3 3 3 3 3 3 3 3 3 3 3 2 2 1 1 1 2 2 2 2 2 2 2 2 2 2 2 2 2 2 3 3 3 3 3 3 4 5 8 9 12 14 16 23 30 21 18 22 34 34 30 36 32 30 28 33 39 26 16 14 15 18 18 16 16 21 24 24 26 25 30 24 12 9 8 8
3 3 3 5 4 3 3 2 2 2 3 3 4 5 4 5 5 6 5 5 3 3 3 3 3 3 3 3 3 3 3 2 2 2 1 1 2 2 2 2 2 2 2 2 2 2 2 2 2 3 3 3 3 3 3 3 5 5 7 8 12 13 16 25 20 17 17 24 39 37 35 36 32 28 25 27 31 32 18 13 14 14 16 15 15 18 20 21 25 25 24 21 14 8 8 8
3 3 3 3 3 4 3 3 2 2 3 3 3 4 3 4 5 5 5 6 5 5 5 4 3 3 3 3 3 3 3 2 2 2 1 1 1 2 2 2 2 2 2 2 2 2 2 2 3 3 3 3 3 3 3 3 3 5 8 10 14 17 20 21 18 17 16 19 28 40 31 27 24 23 25 26 28 32 22 13 13 15 17 12 10 13 17 20 24 25 23 21 14 10 8 8
3 3 2 2 2 3 3 3 3 2 3 3 3 3 4 4 5 5 4 4 5 6 6 5 5 4 3 3 3 3 3 2 2 2 1 1 1 2 2 2 2 2 2 2 2 2 2 2 3 3 3 3 3 3 3 4 5 5 7 9 12 14 18 20 20 17 16 22 28 40 39 32 27 24 24 31 33 33 27 18 12 15 15 10 8 9 11 14 20 25 22 21 17 10 9 8
3 3 3 2 2 2 3 3 2 2 3 3 3 3 3 3 4 5 4 3 3 5 5 5 5 3 3 3 3 3 3 3 2 2 2 1 1 2 2 2 2 2 2 2 2 2 2 3 3 3 3 3 3 3 3 3 5 5 7 9 9 11 13 18 24 17 15 19 30 32 35 29 29 24 26 31 33 28 25 17 11 10 10 9 8 8 9 11 17 22 22 18 14 9 8 9
3 3 3 3 3 2 2 3 3 1 1 1 3 3 3 3 3 4 5 4 3 3 3 5 5 3 3 3 3 3 3 2 2 2 2 1 2 2 2 2 2 2 2 2 2 2 3 3 3 3 3 3 3 3 3 3 5 5 7 9 10 11 15 18 25 22 16 14 24 34 32 29 24 23 23 29 28 27 22 16 11 9 8 8 8 8 8 9 14 14 18 18 11 8 8 9
5 5 3 2 3 3 2 2 3 1 1 1 1 3 3 3 3 3 4 4 3 3 3 3 5 5 3 3 3 3 3 3 2 2 2 2 3 2 2 2 2 2 2 2 3 3 3 3 3 3 3 3 3 3 3 3 5 5 7 8 10 13 15 20 22 18 15 16 21 29 28 27 26 20 24 22 22 26 22 18 10 8 8 8 8 7 7 7 9 11 15 15 9 8 8 8
3 5 5 3 3 2 3 3 3 2 1 1 1 1 3 3 3 3 3 4 4 3 3 3 3 5 3 3 3 3 3 3 2 2 2 2 3 3 3 3 2 3 3 3 3 3 3 3 3 3 3 3 3 3 3 3 5 7 9 12 10 13 15 20 20 18 16 13 16 22 22 27 23 17 19 17 19 24 19 15 9 8 8 7 6 7 7 7 7 10 11 9 8 8 8 8
3 3 3 3 3 3 2 2 3 3 3 3 1 1 1 1 2 3 3 3 3 4 3 3 4 4 5 4 3 3 3 2 2 2 2 2 3 3 3 3 3 3 3 3 3 3 3 3 3 3 3 3 3 3 3 3 5 7 8 10 10 12 14 15 19 17 16 13 13 15 15 19 17 13 13 13 15 22 23 14 9 8 7 6 6 6 6 7 7 9 9 9 8 8 8 8
0 1 3 5 5 3 3 3 3 3 3 3 3 1 1 1 1 3 3 3 3 3 3 4 5 5 3 3 3 3 3 3 2 2 2 3 3 3 3 3 3 3 3 3 3 3 3 3 3 3 3 3 3 3 3 4 5 7 8 10 10 12 13 17 18 15 13 11 13 13 12 11 11 11 17 23 18 20 22 15 11 8 6 5 5 5 5 7 7 7 7 8 8 8 7 7
0 0 1 2 3 4 3 3 3 3 3 3 3 3 1 1 3 3 3 3 3 3 3 4 5 5 5 3 3 3 3 3 2 2 3 3 3 3 3 3 3 3 3 3 3 3 3 3 3 3 3 3 3 3 5 5 5 7 8 10 10 13 14 18 17 14 11 12 10 11 13 10 13 15 21 25 23 20 15 17 11 7 7 6 5 5 5 6 6 7 7 7 8 8 7 7
-32768 -32768 0 1 1 3 3 4 3 3 3 3 3 3 3 3 3 3 3 3 3 3 3 4 5 5 5 5 3 3 3 3 2 2 3 3 3 3 3 3 3 3 3 3 3 3 3 3 3 3 3 3 3 3 5 5 5 7 8 10 8 12 14 15 13 11 11 14 15 15 17 14 11 17 23 23 22 18 15 11 9 7 7 6 6 5 5 6 7 7 7 7 7 8 8 8
-32768 -32768 -32768 1 1 1 2 3 4 3 3 3 3 3 3 3 3 3 3 3 3 3 3 3 4 5 5 5 4 4 3 3 2 3 3 3 3 3 3 3 3 3 3 3 3 3 3 3 3 3 3 3 3 3 3 4 4 5 8 9 9 13 12 10 12 11 13 16 15 19 19 14 13 15 19 20 15 11 10 9 9 7 7 7 7 7 7 9 9 9 6 6 6 8 8 8
-32768 -32768 -32768 -32768 1 1 2 3 3 3 3 3 3 3 3 3 3 3 3 4 3 4 3 4 3 4 5 5 5 5 5 4 4 3 3 3 3 3 3 3 3 3 3 3 3 3 3 3 3 3 3 3 3 3 3 3 4 4 7 8 10 9 12 12 16 12 15 20 19 22 23 18 14 15 18 15 13 10 9 9 7 9 9 7 7 8 8 8 6 6 6 6 6 7 7 8
-32768 -32768 -32768 -32768 -32768 2 2 3 3 3 3 4 4 3 3 4 4 4 4 4 4 4 4 4 4 4 5 5 5 5 5 5 4 3 3 3 3 3 3 3 3 3 3 3 3 3 3 3 3 3 3 3 3 3 3 3 4 4 7 8 8 10 14 17 16 13 17 22 27 26 21 19 17 16 18 15 11 10 9 9 9 12 9 8 7 10 8 8 8 7 6 6 8 7 7 7
-32768 -32768 -32768 -32768 -32768 -32768 -32768 2 3 3 3 4 4 4 4 4 4 4 4 4 4 4 4 4 4 4 5 5 5 5 5 6 5 3 3 3 3 3 3 3 3 3 3 3 3 3 3 3 3 3 3 3 3 3 3 3 3 3 4 7 9 9 12 17 16 12 13 16 24 24 22 21 15 18 18 15 11 10 9 9 9 10 11 7 7 7 7 7 10 12 8 8 8 8 9 10
-32768 -32768 -32768 -32768 -32768 -32768 -32768 -32768 -32768 3 3 4 4 4 4 4 4 3 4 4 5 5 5 5 4 4 4 5 5 5 5 5 6 5 4 3 3 3 3 3 3 3 3 3 3 3 3 3 3 3 3 3 3 3 3 3 3 4 4 4 6 8 11 12 11 11 12 15 15 18 21 19 14 14 16 14 11 9 7 7 8 7 6 5 5 7 7 7 8 8 8 11 8 8 10 12
-32768 -32768 -32768 -32768 -32768 -32768 -32768 -32768 -32768 3 3 3 4 5 5 4 3 3 3 3 3 5 5 5 5 5 4 5 5 5 5 5 5 6 5 4 3 3 3 3 3 3 3 3 3 3 3 3 3 3 3 3 3 3 3 3 3 3 4 4 6 8 8 10 11 12 14 12 12 13 16 16 13 14 13 10 9 7 6 6 5 6 5 5 6 8 9 9 9 7 7 7 8 10 12 11
-32768 -32768 -32768 -32768 -32768 -32768 -32768 -32768 3 3 3 3 3 4 4 5 4 3 3 3 3 3 4 5 5 5 5 5 5 5 5 4 4 5 7 6 4 3 3 3 3 3 3 3 3 3 3 3 3 3 3 3 3 3 3 3 3 3 4 4 4 5 7 7 7 9 11 10 10 11 14 15 14 11 10 8 8 7 5 5 5 6 6 7 8 8 7 7 7 7 6 7 8 10 12 11
-32768 -32768 -32768 -32768 -32768 -32768 -32768 -32768 3 4 4 5 4 3 3 5 5 4 4 5 4 5 3 4 5 5 5 5 5 5 4 4 4 4 4 7 7 4 4 3 3 3 3 3 3 3 3 3 3 3 3 3 3 3 3 3 3 3 3 4 4 6 6 7 9 12 12 11 11 13 14 15 14 11 11 10 9 5 5 5 6 6 6 8 8 7 7 7 7 7 7 7 8 8 10 10
-32768.000000000000000 -32768 -32768 -32768 -32768 -32768 -32768 -32768 4 4 5 5 5 3 3 4 4 4 3 3 3 3 4 5 4 4 5 4 4 4 4 4 4 4 4 4 5 5 4 3 3 3 3 3 3 3 3 3 3 3 3 3 3 3 3 3 3 3 3 3 4 7 11 10 9 11 12 15 14 14 14 15 15 14 11 10 7 5 5 6 6 6 6 6 6 6 7 7 7 7 7 7 8 9 9 10
-32768 -32768 -32768 -32768 -32768 -32768 -32768 -32768 -32768 4 4 4 2 3 3 3 3 3 3 4 3 4 3 3 4 4 4 5 4 4 4 4 4 4 4 4 4 4 4 4 3 3 3 3 3 3 3 3 3 3 3 3 3 3 3 3 3 3 3 3 6 10 13 13 11 10 12 14 14 14 14 15 15 15 11 8 7 6 5 6 6 6 6 6 6 6 6 6 7 7 7 9 7 8 9 9
-32768 -32768 -32768 -32768 -32768 -32768 -32768 -32768 -32768 -32768 -32768 -32768 -32768 3 2 2 2 2 3 3 3 4 3 3 4 3 3 4 4 4 4 4 5 4 4 4 4 4 4 4 4 3 3 3 3 3 3 3 3 3 3 3 3 3 3 3 3 3 3 5 7 11 11 11 12 12 12 12 12 13 13 15 15 11 8 7 7 6 5 5 6 6 6 6 6 6 6 6 6 7 7 7 7 7 7 8
-32768 -32768 -32768 -32768 -32768 -32768 -32768 -32768 -32768 -32768 -32768 -32768 -32768 -32768 2 2 2 3 3 3 3 2 3 3 3 4 4 3 4 4 4 4 4 5 5 4 4 4 4 4 4 4 3 3 2 2 3 3 3 3 3 3 3 3 3 3 3 3 4 5 6 7 10 11 11 12 12 12 12 11 11 13 11 8 8 7 7 6 5 5 5 6 6 6 6 6 6 6 6 6 6 7 7 7 7 7
-32768 -32768 -32768 -32768 -32768 -32768 -32768 -32768 -32768 -32768 -32768 -32768 -32768 -32768 2 2 2 2 2 3 3 3 3 3 4 4 4 4 4 4 3 4 4 4 4 6 4 4 4 4 4 4 4 3 3 2 3 3 3 3 3 3 3 3 3 3 3 3 4 5 5 6 9 12 15 15 18 15 12 11 11 10 10 8 7 7 7 5 5 5 5 5 5 5 6 6 6 6 6 6 6 6 6 7 7 7
-32768 -32768 -32768 -32768 -32768 -32768 -32768 -32768 -32768 -32768 -32768 -32768 -32768 -32768 2 2 2 2 2 2 2 3 3 2 2 2 3 4 4 5 4 4 4 3 4 4 5 4 4 4 4 4 4 3 3 3 3 3 3 3 3 3 3 4 3 3 3 4 4 5 5 6 8 9 12 14 20 15 14 11 10 9 8 7 6 6 6 6 5 5 5 5 5 5 5 6 6 6 6 6 6 6 6 6 7 7
-32768 -32768 -32768 -32768 -32768 -32768 -32768 -32768 -32768 -32768 -32768 -32768 -32768 -32768 2 2 2 2 2 2 2 2 2 4 4 4 4 4 4 4 7 4 4 4 4 4 4 4 4 4 4 4 4 4 4 4 4 4 4 4 4 5 6 5 4 5 5 5 5 6 7 8 9 12 12 12 12 12 11 10 9 9 7 7 6 6 6 5 5 5 5 5 4 5 5 6 6 6 6 6 6 6 6 6 7 7
-32768 -32768 -32768 -32768 -32768 -32768 -32768 -32768 -32768 -32768 -32768 -32768 -32768 -32768 2 2 2 2 2 2 2 2 2 3 3 4 3 3 4 4 4 7 6 4 4 4 4 4 4 4 4 4 4 5 6 5 4 5 6 5 6 6 6 6 5 5 5 5 6 7 7 11 11 12 11 9 9 9 9 9 7 7 7 7 6 6 6 6 5 5 4 4 4 4 5 7 6 6 6 6 6 6 6 6 7 7
-32768 -32768 -32768 -32768 -32768 -32768 -32768 -32768 -32768 -32768 -32768 -32768 -32768 -32768 2 4 3 2 2 2 2 2 2 2 2 3 2 3 4 4 4 4 7 7 7 5 4 4 4 4 4 4 4 6 7 6 6 8 11 8 8 8 8 6 7 7 7 7 6 7 7 9 9 9 9 9 9 8 8 8 7 7 7 7 6 6 6 6 5 5 4 4 4 4 5 7 7 7 7 7 7 7 7 7 8 8
-32768 -32768 -32768 -32768 -32768 -32768 -32768 -32768 -32768 -32768 -32768 -32768 -32768 -32768 -32768 2 2 2 2 2 2 2 2 2 2 2 2 2 2 2 4 4 4 4 7 7 5 4 4 4 4 4 4 6 6 7 8 8 12 15 11 12 12 12 12 10 7 7 7 7 7 7 7 7 7 7 8 8 8 7 7 7 7 7 6 6 6 6 5 5 5 4 4 5 5 6 7 7 7 7 7 7 7 7 8 8
-32768 -32768 -32768 -32768 -32768 -32768 -32768 -32768 -32768 -32768 -32768 -32768 -32768 -32768 -32768 2 2 2 2 2 2 2 2 2 2 2 2 4 4 3 2 4 4 4 4 7 7 7 7 7 5 5 4 4 6 6 7 8 12 19 21 18 12 10 12 11 7 7 7 7 7 7 7 7 7 7 7 8 8 7 7 7 7 7 6 6 6 6 5 5 5 5 5 6 6 6 7 8 7 7 7 7 7 7 7 8
-32768 -32768 -32768 -32768 -32768 -32768 -32768 -32768 -32768 -32768 -32768 -32768 -32768 -32768 2 2 2 2 2 2 2 2 2 2 2 2 2 2 4 4 4 4 4 4 4 4 6 7 8 7 6 7 7 4 6 6 7 8 8 12 14 12 9 12 18 14 7 7 7 7 7 7 7 7 7 7 7 7 8 7 7 7 7 6 6 6 6 6 6 6 6 6 6 7 6 7 7 8 8 8 7 7 7 7 7 8
-32768 -32768 -32768 -32768 -32768 -32768 -32768 -32768 -32768 -32768 -32768 -32768 -32768 -32768 -32768 2 3 2 2 2 2 2 2 2 2 2 2 2 2 3 4 4 4 7 8 7 7 7 8 7 7 8 8 6 5 6 6 6 8 8 10 8 9 10 10 7 6 6 6 7 7 7 8 7 7 7 7 7 7 8 7 7 6 6 6 6 6 6 6 6 6 6 7 7 7 7 7 9 9 9 8 8 8 8 8 10
-32768 -32768 -32768 -32768 -32768 -32768 -32768 -32768 -32768 -32768 -32768 -32768 -32768 -32768 -32768 2 2 2 2 2 2 2 2 2 2 2 2 2 2 2 2 3 4 6 7 7 6 8 10 8 7 6 7 7 6 6 6 6 7 8 10 10 10 7 10 8 7 6 6 7 7 7 7 8 9 8 8 8 7 7 7 7 7 7 7 6 6 6 6 6 6 6 7 7 7 7 7 7 9 9 8 8 8 8 8 11
-32768 -32768 -32768 -32768 -32768 -32768 -32768 -32768 -32768 -32768 -32768 -32768 -32768 -32768 -32768 2 2 2 2 2 2 2 2 2 2 2 2 2 2 2 2 2 2 2 4 4 4 6 5 4 5 5 6 7 8 8 11 11 12 10 8 8 8 8 12 12 10 7 7 6 7 7 7 7 7 7 8 8 8 8 8 6 7 7 7 6 6 6 6 7 7 7 7 7 7 8 8 8 8 9 9 8 8 8 9 13
-32768 -32768 -32768 -32768 -32768 -32768 -32768 -32768 -32768 -32768 -32768 -32768 -32768 -32768 2 3 3 2 2 2 2 2 2 2 2 2 2 2 2 2 2 2 2 2 2 4 4 4 4 4 4 6 7 8 7 6 6 7 8 10 10 8 8 6 7 6 6 7 7 6 7 7 7 7 7 7 7 7 8 8 8 8 8 6 6 6 6 6 7 7 7 8 8 8 8 8 8 8 8 8 9 9 9 9 10 12
-32768 -32768 -32768 -32768 -32768 -32768 -32768 -32768 -32768 -32768 -32768 -32768 -32768 -32768 2 2 2 2 2 2 2 2 2 2 2 2 2 2 2 2 2 2 2 2 2 2 2 2 2 2 3 4 8 7 6 7 6 6 6 6 6 6 6 6 6 6 6 6 6 6 7 7 7 7 7 7 7 7 8 8 9 9 9 9 7 6 6 6 6 8 8 8 8 8 8 9 9 9 9 9 10 10 10 10 10 10
-32768 -32768 -32768 -32768 -32768 -32768 -32768 -32768 -32768 -32768 -32768 -32768 -32768 -32768 -32768 -32768 -32768 2 2 2 2 2 2 2 2 2 2 2 2 2 4 2 2 2 2 2 2 2 2 2 2 4 6 6 4 4 4 4 6 6 6 7 8 7 6 6 6 7 7 5 6 7 7 6 7 7 8 8 8 8 8 8 9 9 9 9 8 7 7 8 8 8 8 9 9 9 9 9 9 9 11 11 11 11 11 11
