data/bioclim/bclim12.asc
NCOLS 300 
NROWS 196 
XLLCORNER -121.25 
YLLCORNER 31.1666666666667 
CELLSIZE 0.0416666666666667 
NODATA_value -32768 
[rows 0 to 41 of 196, columns 94 to 187 of 300]
231 232 238 283 356 389 333 256 236 233 232 237 251 274 275 263 268 277 306 334 347 345 289 270 264 261 266 275 298 341 296 269 270 269 267 280 289 287 309 302 287 287 306 320 352 353 322 357 301 280 279 285 306 372 350 309 309 286 260 247 253 351 402 405 528 564 555 320 221 220 221 233 311 464 507 512 414 372 235 197 188 186 186 186 195 212 241 233 217 192 180 173 175 176
227 230 257 345 350 399 280 231 223 224 227 240 261 303 277 264 265 268 290 325 321 361 292 261 257 257 271 271 275 291 268 259 261 261 261 273 305 300 302 289 285 296 369 393 385 386 343 370 299 278 279 278 310 355 333 326 308 302 309 257 267 356 466 464 536 430 500 333 221 221 228 249 325 423 517 632 563 434 264 200 187 187 187 191 207 223 270 283 253 217 189 178 178 184
227 237 271 348 337 323 240 223 219 219 226 255 279 305 286 263 257 271 318 314 336 329 273 257 255 269 303 281 274 286 260 255 255 259 263 275 292 303 290 289 293 300 382 427 393 408 377 371 307 283 281 281 314 341 301 315 337 340 300 273 276 327 420 420 521 393 326 255 229 223 243 311 383 454 493 564 478 360 248 201 188 188 191 209 233 251 337 338 279 229 193 179 178 211
236 256 304 393 358 260 227 217 215 216 240 289 310 313 278 261 257 266 301 295 327 293 282 253 257 307 339 294 274 278 261 254 254 258 264 274 282 284 274 283 305 278 304 361 346 370 402 360 310 291 285 285 303 306 287 298 331 395 343 292 277 301 334 364 432 468 298 244 229 227 249 307 414 388 393 465 432 326 229 200 192 191 201 222 262 279 303 311 271 224 196 179 183 277
245 279 327 387 317 230 209 209 209 220 252 328 334 301 271 260 252 256 265 283 345 322 297 263 273 361 355 293 266 260 255 253 255 265 269 279 278 271 266 279 280 264 281 320 328 350 379 354 339 310 297 288 285 286 277 295 357 483 380 312 284 288 323 403 392 461 300 241 228 228 291 339 341 318 294 290 274 234 202 194 193 195 232 247 265 253 256 284 286 271 212 177 184 269
262 312 364 316 214 203 203 205 210 224 270 333 334 318 292 263 252 255 263 279 318 346 329 274 291 382 327 273 259 255 252 251 268 292 288 288 277 265 264 266 257 259 280 315 322 402 399 370 369 330 311 294 279 270 276 290 327 461 436 325 288 286 305 369 375 317 277 246 237 241 319 368 320 286 273 249 231 214 202 197 194 196 218 243 259 232 240 256 297 300 241 188 178 201
285 315 320 220 196 196 198 203 214 233 258 332 381 358 299 260 251 255 263 279 311 362 349 310 302 354 302 263 253 250 251 255 279 323 318 288 276 254 252 254 254 256 268 297 319 372 374 355 367 326 310 293 294 268 269 269 289 415 463 328 294 290 302 335 383 336 268 245 236 250 364 464 404 368 296 246 217 209 203 200 197 197 201 216 228 217 218 241 285 304 304 259 192 182
296 356 267 200 192 193 196 199 217 239 276 339 371 357 275 251 253 256 269 286 331 336 291 309 285 312 301 260 254 250 250 251 277 325 320 286 261 247 242 254 254 248 260 293 333 377 359 346 333 304 294 294 277 265 261 264 279 379 407 325 297 298 308 337 372 308 269 249 242 257 308 435 583 474 343 272 227 208 203 199 198 198 198 199 200 203 208 230 323 348 363 374 260 215
366 333 225 189 186 188 189 197 226 268 284 323 338 290 256 245 255 258 282 314 356 296 255 270 267 308 308 255 254 251 250 251 266 283 311 295 260 246 236 248 253 238 251 278 323 423 387 355 329 300 281 282 273 264 257 258 269 340 408 357 305 307 327 371 382 313 275 256 243 246 285 419 669 542 398 323 251 218 205 203 203 207 208 204 203 202 202 223 263 306 363 404 284 236
382 290 204 188 187 187 189 206 229 260 304 323 313 264 244 245 256 268 286 336 311 268 248 247 255 314 278 263 279 255 250 252 262 263 276 279 275 245 231 239 248 233 245 274 327 467 377 339 313 299 281 274 270 260 255 255 261 334 468 380 315 329 370 382 410 358 277 257 244 242 268 382 594 533 473 435 326 249 217 210 238 255 284 237 226 217 209 217 233 253 294 360 273 259
328 291 201 187 186 186 191 204 233 258 285 292 276 247 238 241 262 297 330 325 268 250 240 244 267 278 260 291 323 264 249 257 263 254 256 272 280 246 229 227 225 225 240 275 338 476 420 366 330 298 281 281 283 258 251 252 263 345 409 376 322 358 415 389 457 355 276 253 245 245 254 341 557 528 445 359 319 278 239 223 239 293 313 263 255 244 224 215 221 239 258 288 286 245
343 308 250 186 183 183 191 214 256 298 319 275 243 237 238 242 301 359 369 334 250 241 238 251 312 282 261 326 277 267 245 246 250 247 251 264 286 253 242 231 217 217 231 261 343 424 390 316 325 298 287 284 273 250 250 251 273 361 399 346 337 351 387 385 392 318 275 252 247 246 251 315 516 572 488 387 316 274 246 224 228 261 298 318 315 287 249 225 221 252 268 265 266 218
360 390 310 187 180 183 197 232 334 463 367 272 237 235 236 259 328 433 363 293 249 238 237 255 316 271 248 261 259 262 245 249 245 243 247 258 284 266 273 248 219 212 216 236 261 282 293 301 314 309 309 281 276 249 249 253 286 377 382 341 352 351 367 382 353 300 267 250 246 247 248 308 493 471 461 444 310 256 235 221 222 241 294 337 338 305 284 238 235 288 285 254 238 217
390 356 296 186 179 184 197 240 333 472 397 297 246 236 240 288 334 424 361 279 242 232 239 259 299 250 236 241 264 269 260 244 240 240 248 276 305 290 275 238 217 210 211 218 234 248 265 333 320 298 281 258 247 246 248 254 329 407 361 336 340 384 387 351 307 284 270 251 249 248 250 295 403 393 381 461 302 242 228 224 228 241 285 284 293 348 310 256 269 294 259 242 227 213
298 260 248 188 179 188 202 229 278 367 335 313 265 234 234 276 344 407 362 268 232 229 246 280 288 265 237 231 266 272 251 237 236 238 256 316 294 262 263 238 208 208 208 217 223 243 267 299 314 276 255 245 245 245 248 266 323 367 344 320 344 419 395 315 284 269 270 283 263 254 255 278 328 351 338 397 288 230 229 236 242 245 250 258 274 332 292 238 243 301 259 237 222 212
253 257 218 179 179 190 222 266 346 320 291 289 250 232 233 284 316 363 303 255 226 226 259 309 336 296 243 227 243 261 241 232 234 241 267 303 282 253 234 219 207 207 207 213 220 262 259 278 304 268 248 242 242 243 250 320 399 388 339 311 322 404 498 339 280 261 271 316 294 266 258 269 289 306 303 293 258 233 237 272 287 279 257 252 262 250 231 217 228 348 286 258 233 206
214 242 209 175 180 193 223 289 338 315 296 252 233 232 235 268 293 311 276 243 223 235 269 338 332 341 234 218 235 254 236 227 237 249 277 274 256 232 216 208 204 205 206 207 226 295 296 281 304 277 252 244 242 244 253 315 401 383 328 309 300 344 470 339 273 261 265 288 324 287 266 266 275 282 276 267 252 239 250 294 370 323 279 270 265 221 208 206 214 282 320 270 232 205
191 209 203 170 176 204 237 268 252 244 251 239 228 231 240 274 295 260 260 239 223 255 269 266 282 307 218 212 221 227 224 226 257 269 272 276 247 217 205 199 200 204 205 205 249 314 323 302 301 278 271 254 242 243 245 268 328 357 325 306 293 310 398 306 268 265 265 285 338 315 272 266 266 272 256 251 245 244 260 304 389 332 295 275 246 218 207 206 207 285 420 337 268 216
188 175 169 170 182 209 251 255 234 216 226 237 229 236 260 297 243 228 241 251 226 238 255 236 228 215 203 208 215 219 220 226 243 261 261 262 224 200 197 198 200 203 204 218 334 342 324 323 320 306 260 254 242 241 243 255 284 328 343 343 291 302 370 298 268 267 268 279 310 335 279 274 276 291 252 250 249 251 268 306 388 349 307 279 244 223 212 211 211 251 360 366 256 204
164 161 162 173 196 223 235 235 215 205 216 230 239 263 297 270 227 212 217 229 222 239 239 206 197 197 199 210 239 220 218 223 239 256 255 228 208 197 197 198 198 201 205 228 326 351 364 323 308 284 251 240 240 240 243 247 277 367 388 315 282 300 358 298 272 269 268 274 321 344 289 287 289 304 276 251 253 256 281 312 410 389 331 307 251 226 216 213 215 257 309 297 240 195
151 151 163 187 215 248 220 207 196 196 211 237 236 273 249 232 211 203 226 236 249 268 266 202 189 193 199 210 227 221 220 222 234 238 251 220 200 196 197 198 198 201 205 231 298 371 357 329 284 266 250 243 240 241 241 244 279 380 311 282 282 308 347 299 280 273 272 272 287 301 311 318 312 325 318 268 261 259 288 321 396 411 344 314 257 238 226 221 222 256 375 299 224 197
149 152 163 181 205 205 194 187 187 211 243 255 253 265 274 225 203 200 223 229 252 260 249 203 190 188 196 209 235 223 222 225 227 231 233 204 194 195 197 198 201 203 213 257 306 337 368 328 271 256 249 242 240 239 240 246 319 318 283 282 281 318 311 361 303 272 272 275 281 295 347 354 351 324 311 283 269 265 283 306 341 371 350 312 269 248 234 230 231 272 385 287 220 208
150 161 164 169 179 180 178 177 183 210 255 281 269 286 285 220 195 194 202 219 268 260 246 202 192 187 191 219 241 224 225 224 230 223 210 193 193 195 197 200 202 208 253 314 352 346 323 288 259 248 243 241 241 238 242 260 325 315 284 283 297 293 294 328 293 277 277 281 286 306 343 372 408 368 323 294 281 271 277 297 320 346 341 311 281 260 243 243 257 330 412 278 249 230
151 178 193 189 169 168 169 171 177 196 228 261 295 301 263 223 193 192 198 219 269 276 254 204 188 186 187 196 220 244 236 225 247 237 196 193 195 197 198 201 207 237 309 400 409 335 302 275 258 244 241 239 239 241 247 271 344 315 285 285 314 280 289 359 321 282 281 284 291 305 322 382 414 425 353 308 292 284 280 287 338 370 344 319 296 273 258 264 322 425 397 299 278 251
148 184 244 204 171 164 164 167 173 184 207 219 231 244 221 219 187 191 192 208 266 266 248 210 183 182 185 190 210 255 226 217 233 219 196 196 196 197 200 205 221 258 329 451 409 320 287 263 250 257 238 236 242 247 269 275 303 300 287 316 312 274 284 318 336 300 283 288 303 333 347 401 404 364 373 360 339 310 294 284 315 368 391 373 319 289 273 283 398 447 373 327 294 293
140 164 210 190 173 166 158 165 174 192 212 207 207 200 190 194 182 189 187 203 232 243 226 200 182 180 183 188 201 230 238 224 208 207 196 196 196 197 203 217 243 272 346 442 357 296 266 251 259 248 240 237 247 269 280 272 283 291 309 312 273 268 284 308 330 308 289 290 309 352 422 412 373 351 364 342 358 395 346 300 305 347 415 401 331 303 285 283 342 399 398 356 341 325
138 155 184 182 178 167 155 167 188 213 228 210 199 209 187 184 178 181 181 195 217 236 205 189 182 182 183 187 205 233 233 211 198 196 196 196 198 206 227 294 318 320 373 369 308 268 249 250 286 264 245 239 242 261 271 265 280 299 320 282 262 269 290 319 336 313 291 293 309 343 419 428 371 343 327 324 340 411 423 319 305 335 387 419 355 322 302 291 310 350 380 339 312 310
135 147 172 173 163 152 152 172 196 219 201 212 187 199 196 177 177 178 179 186 204 227 210 182 181 186 192 196 195 198 189 190 193 196 204 208 217 250 296 364 362 357 361 313 279 252 241 256 253 252 249 253 245 244 270 258 277 318 311 269 255 270 295 328 320 303 287 287 299 323 354 397 364 337 315 308 324 361 386 326 309 332 384 464 381 342 316 303 304 323 340 319 298 297
135 145 168 181 157 145 145 161 177 196 196 180 178 203 200 180 177 175 179 187 203 221 219 189 187 189 204 228 210 196 188 190 193 202 217 234 277 334 341 403 342 327 321 285 259 242 240 269 245 239 269 285 271 250 243 250 264 283 279 255 253 266 283 295 299 293 287 284 297 306 330 387 411 355 321 299 299 343 390 343 313 323 360 437 413 351 326 311 302 314 334 340 287 273
139 145 159 170 151 142 142 144 153 170 180 170 167 193 195 182 174 174 183 194 215 242 228 200 189 201 230 238 226 200 189 191 194 214 247 259 302 358 407 362 321 320 288 261 248 240 246 267 237 237 254 288 305 278 256 242 250 266 265 248 244 247 259 271 307 325 289 284 291 295 309 333 369 371 324 295 295 334 390 360 325 319 336 363 397 375 341 308 298 320 314 316 302 273
138 147 163 159 144 138 139 140 144 154 173 164 163 185 191 179 170 175 184 207 224 241 244 204 194 211 242 247 227 199 188 191 194 215 252 285 325 370 367 313 291 283 260 248 244 239 252 237 233 234 244 264 295 348 304 264 241 256 269 250 242 240 247 282 307 385 313 284 282 291 301 314 332 351 340 303 304 347 408 374 336 322 325 342 374 382 360 309 287 307 290 311 310 256
137 147 155 160 144 135 137 140 142 142 152 152 155 166 169 167 168 179 197 234 296 295 231 204 201 210 237 266 238 201 186 188 192 219 265 305 312 352 324 300 285 265 256 247 241 238 244 246 233 233 241 261 292 354 342 292 244 252 273 254 236 235 236 260 303 404 343 298 283 281 290 302 312 322 330 310 328 358 403 395 347 330 325 343 351 324 323 314 294 273 275 273 274 254
136 139 159 160 144 136 138 139 141 142 157 154 154 157 162 162 171 194 214 244 293 302 238 211 206 217 237 270 251 204 185 187 194 225 269 309 291 291 280 280 271 264 252 245 243 254 258 232 232 234 242 269 298 356 353 284 243 261 295 253 235 233 234 257 293 369 362 311 294 280 282 289 300 305 288 306 334 384 431 401 354 336 347 384 348 295 282 289 275 265 265 265 262 259
129 134 138 146 142 137 137 137 139 140 155 154 152 155 159 163 177 199 227 277 280 313 260 226 214 219 231 257 268 218 189 189 198 232 284 285 263 246 244 248 273 316 260 247 263 287 282 230 230 232 246 274 302 297 316 282 239 263 270 251 231 230 231 270 312 375 383 332 328 301 279 278 290 290 284 306 327 364 396 423 368 340 344 311 287 268 263 260 260 261 263 262 263 266
127 129 134 145 140 136 137 138 141 142 147 149 151 155 157 164 173 187 208 224 234 265 279 246 227 220 222 243 285 238 194 195 206 238 266 251 231 224 223 232 272 345 266 260 281 324 288 230 230 232 244 290 308 276 268 259 249 283 262 239 231 228 229 259 300 378 425 330 299 307 300 280 265 270 293 306 336 347 360 372 357 328 300 271 259 258 259 259 259 263 266 267 268 273
130 131 135 138 142 137 138 139 141 144 148 150 153 156 157 161 169 179 190 200 214 226 267 266 234 224 219 233 286 247 199 200 217 246 238 228 216 212 214 221 250 322 270 273 300 342 268 231 233 233 237 283 290 257 240 234 254 289 262 237 228 228 234 252 284 341 374 303 274 268 278 280 267 282 302 317 342 345 322 328 355 308 278 262 259 259 262 262 264 269 271 274 277 283
136 137 138 141 150 149 140 149 146 154 165 166 158 158 158 161 168 174 184 191 198 214 237 281 255 227 218 217 238 219 204 205 218 236 240 220 211 208 209 209 221 307 281 300 301 297 258 239 235 241 244 241 269 237 217 243 266 289 259 235 228 227 237 249 278 307 310 276 255 251 245 265 278 292 320 353 367 358 317 306 307 282 267 267 268 266 266 267 270 274 278 281 286 289
159 149 143 150 158 159 150 146 148 166 183 185 170 165 161 161 167 173 179 185 193 203 220 262 277 232 222 213 213 208 207 208 225 252 238 219 207 204 205 208 223 263 289 309 294 291 262 250 244 258 252 235 222 211 224 249 274 302 268 236 226 228 238 266 272 289 303 271 250 244 244 258 276 302 328 363 363 335 311 294 284 289 274 272 274 274 275 275 276 280 288 291 307 327
181 160 153 159 169 164 154 142 144 163 186 197 183 170 166 162 168 170 177 181 185 195 208 248 262 239 226 217 213 226 217 225 246 235 218 214 197 198 203 210 230 254 288 312 300 308 285 272 261 267 239 241 208 211 230 252 281 300 263 239 228 229 247 288 288 303 343 291 250 239 253 265 288 311 342 347 331 315 302 298 297 293 284 279 281 289 292 286 289 293 296 302 345 377
184 170 164 158 157 152 145 137 137 143 153 173 183 188 173 162 165 167 178 184 182 187 201 240 265 245 220 213 218 238 232 229 242 225 206 197 197 197 201 213 239 261 285 312 314 317 330 314 274 254 218 207 235 236 247 270 299 316 264 242 233 234 259 295 302 301 322 296 246 246 265 281 303 320 334 335 325 320 320 325 338 331 316 305 307 311 306 298 301 307 313 324 369 394
158 158 158 148 144 143 136 133 132 133 140 148 173 206 190 167 165 168 175 175 175 181 194 225 237 224 213 206 214 235 228 222 223 213 204 200 199 200 205 227 281 296 319 331 307 315 366 321 266 231 200 222 232 219 227 243 263 268 256 244 240 248 275 317 310 290 274 259 254 255 269 301 333 355 345 339 332 327 340 341 338 342 349 351 328 321 318 315 316 321 342 347 353 364
151 156 152 143 139 135 132 131 131 135 141 147 169 194 197 174 169 173 182 178 175 175 185 218 229 214 205 203 215 241 241 224 215 209 204 204 207 216 229 236 281 277 289 287 271 296 310 259 223 203 186 210 212 213 229 248 243 244 245 244 257 281 307 328 313 286 260 244 265 259 259 295 322 338 339 332 321 333 345 339 339 340 331 339 341 341 336 330 335 352 384 365 372 374
