data/bioclim/bclim9.asc
NCOLS 300 
NROWS 196 
XLLCORNER -121.25 
YLLCORNER 31.1666666666667 
CELLSIZE 0.0416666666666667 
NODATA_value -32768 
[rows 41 to 81 of 196, columns 186 to 278 of 300]
122 121 115 109 109 116 133 137 129 121 88 59 61 70 63 43 35 43 49 60 71 80 85 87 93 95 86 69 65 72 73 77 89 111 122 115 117 112 104 95 79 84 98 110 113 113 114 121 139 152 154 160 159 151 156 168 169 166 166 160 150 145 172 185 190 192 192 191 189 190 191 185 181 170 164 181 174 165 148 141 151 156 148 147 141 134 122 108 115 135 135 147 152
111 114 110 101 93 99 127 137 120 83 60 55 66 58 63 51 43 48 53 60 69 76 84 91 95 90 77 60 68 73 75 93 105 115 126 129 122 115 106 98 100 106 104 107 119 118 124 129 140 152 159 162 164 163 167 170 171 171 169 164 158 151 164 189 193 197 193 193 194 193 187 180 173 169 164 161 175 166 167 165 155 144 137 148 142 137 134 129 128 138 148 156 155
109 93 94 112 119 119 133 132 99 75 56 62 67 76 81 71 56 55 58 64 71 79 85 89 90 82 67 62 70 71 88 99 109 119 130 133 129 128 120 113 111 122 114 109 119 124 128 131 131 139 141 156 161 161 161 165 167 171 175 173 166 163 159 183 195 198 196 194 195 189 184 180 175 170 170 166 160 159 165 159 160 151 152 150 143 141 138 139 143 145 150 157 162
103 90 80 107 138 142 145 121 90 97 75 63 77 81 90 77 81 82 66 66 75 81 86 90 85 81 73 63 68 68 78 98 115 123 128 136 135 130 123 121 124 130 121 119 124 126 123 132 135 130 128 131 152 167 171 174 173 173 173 179 175 172 168 166 184 196 198 197 194 191 187 183 179 174 164 159 153 150 155 166 164 162 158 152 146 143 140 143 147 150 154 161 165
103 88 71 82 120 148 144 127 109 107 79 86 86 111 100 86 99 98 80 71 79 89 94 97 99 90 69 65 67 75 94 103 111 116 127 130 124 127 123 127 133 138 138 131 134 134 133 133 133 135 140 137 131 145 169 176 180 180 179 180 185 177 176 173 176 192 194 196 194 190 186 181 174 169 162 160 157 161 168 171 167 164 158 153 146 141 141 147 151 159 161 167 167
101 73 63 108 129 146 143 141 126 95 79 97 113 121 107 113 111 99 92 88 91 104 102 96 106 99 79 83 86 95 104 113 109 107 123 139 123 132 126 133 143 141 140 139 139 142 147 145 143 139 142 148 140 128 141 169 176 181 180 181 186 188 183 181 174 187 195 190 191 190 184 179 173 169 164 159 166 180 179 174 168 162 156 151 145 139 142 148 154 160 165 169 168
76 66 84 128 150 163 143 146 128 113 98 103 115 124 124 121 105 96 104 105 105 116 108 102 108 106 103 107 106 106 114 116 118 118 126 140 137 138 134 138 141 144 138 136 135 137 149 160 154 151 140 140 154 132 120 131 158 178 185 186 189 192 188 191 180 188 193 188 184 185 182 176 172 168 168 172 183 184 180 175 169 164 160 152 146 144 147 153 155 163 167 170 169
82 117 128 147 169 166 156 139 151 133 124 123 112 133 123 110 93 102 111 122 118 126 116 115 116 109 114 119 119 118 122 114 122 122 138 139 144 143 145 136 136 150 138 136 137 141 152 159 165 161 152 152 161 146 139 127 120 155 180 189 190 193 195 193 191 192 189 185 182 175 176 176 175 182 187 191 188 185 181 176 175 167 160 151 151 147 154 166 164 165 166 170 170
138 150 160 175 227 178 166 143 167 162 147 131 125 124 116 113 110 121 128 136 136 115 116 120 117 118 125 126 122 115 116 129 133 131 129 137 151 148 151 145 143 158 151 140 148 161 162 155 160 173 161 166 179 165 180 166 133 120 144 176 189 189 190 193 185 184 184 191 189 175 169 183 193 195 196 190 187 185 179 174 170 172 166 162 153 157 169 172 172 167 165 171 171
162 173 186 233 188 235 171 172 175 165 162 155 161 135 126 128 130 134 136 141 134 110 126 124 118 118 124 126 120 110 113 128 132 131 126 147 158 162 150 155 151 157 163 156 158 168 170 162 158 169 178 170 190 186 172 189 160 127 128 137 174 192 193 191 185 185 187 191 194 193 189 197 179 192 194 188 184 183 178 174 168 164 171 172 159 166 172 176 174 170 169 174 174
183 190 197 198 239 189 185 186 184 178 179 169 169 152 143 149 147 146 142 139 127 123 134 137 132 128 135 130 120 115 124 123 132 142 143 148 154 161 152 163 167 161 172 168 167 168 171 172 170 163 180 189 192 188 179 194 183 164 147 133 181 192 196 195 192 196 193 196 194 180 195 187 190 190 191 186 184 181 177 174 170 164 160 167 172 172 174 178 172 171 173 172 171
199 202 202 196 191 179 172 162 164 174 180 176 175 150 140 139 146 140 132 136 129 132 139 140 135 136 140 135 134 134 124 131 142 147 147 143 154 169 165 169 175 178 179 180 168 164 168 187 191 180 174 180 190 190 182 195 194 183 176 170 192 197 190 193 189 189 187 191 175 166 188 173 188 188 186 182 182 181 178 175 171 166 162 167 168 174 177 180 169 170 174 170 169
205 201 196 195 186 172 168 160 160 159 158 147 151 126 134 135 132 126 121 126 129 132 140 140 135 132 142 142 137 131 131 139 143 144 143 140 155 172 176 171 174 177 180 185 183 170 171 184 195 191 186 190 193 195 187 196 198 194 199 197 195 193 184 180 177 181 180 182 173 162 185 163 183 189 183 178 181 181 179 176 172 168 168 171 171 173 177 178 174 173 174 169 167
204 192 182 188 186 158 140 147 155 161 149 127 116 132 130 129 131 126 122 121 127 134 140 146 136 132 139 149 141 137 142 143 140 134 134 153 158 160 171 171 166 165 166 177 191 193 194 195 196 200 192 199 202 201 202 193 184 186 191 177 188 183 151 126 153 166 171 176 161 158 179 174 178 183 176 178 180 179 180 176 172 166 169 173 175 176 178 178 172 171 171 167 166
205 200 197 195 192 169 160 163 162 165 164 157 140 139 133 139 139 137 136 116 137 145 150 158 154 151 152 153 150 148 149 146 134 127 131 157 158 165 169 171 160 163 162 158 184 193 199 201 201 203 202 199 203 202 200 198 184 170 181 165 183 165 110 95 145 157 166 171 159 153 169 171 171 175 157 177 179 172 173 176 173 169 171 174 176 177 177 176 171 165 168 170 167
204 202 197 199 184 173 173 170 161 159 163 163 160 144 144 147 133 132 141 140 154 159 160 161 156 152 155 156 153 153 148 138 128 124 134 150 151 154 154 160 165 173 154 150 169 183 189 193 202 202 202 197 195 195 197 194 192 185 164 159 184 166 154 149 154 158 156 166 154 150 161 171 164 169 149 172 178 176 175 174 171 170 175 175 176 177 175 175 168 166 168 171 169
192 188 189 188 168 170 173 170 158 156 157 162 162 160 156 149 130 137 144 155 157 160 164 165 161 161 160 156 153 149 140 127 123 125 141 142 138 141 141 143 148 150 157 170 175 181 192 196 198 198 196 190 193 187 185 190 189 186 180 165 176 171 157 152 154 155 152 160 156 149 168 170 161 154 161 175 178 176 174 174 167 170 173 174 174 174 171 172 163 166 170 171 169
177 180 174 170 162 167 170 169 166 162 160 159 159 158 154 149 137 148 158 159 162 168 168 165 163 160 154 149 146 142 132 120 121 119 134 137 136 132 134 136 138 136 134 136 174 193 187 195 190 189 189 183 181 191 189 183 183 182 177 176 173 170 167 157 150 149 149 154 152 143 150 164 156 138 163 170 173 175 172 170 160 164 162 167 170 170 169 167 167 169 170 169 166
161 173 176 180 158 163 167 168 166 164 162 160 159 159 160 162 162 163 164 167 169 170 168 162 157 153 148 142 138 132 122 113 115 113 131 134 131 127 127 128 131 128 128 137 187 207 194 184 180 179 181 178 170 174 189 192 186 187 183 180 181 177 172 167 164 156 145 150 144 137 139 159 137 150 162 163 165 170 165 163 158 162 164 167 169 170 170 171 170 169 170 167 164
156 171 176 181 168 157 162 166 167 164 162 159 156 156 157 161 165 168 170 171 171 168 163 157 152 147 142 136 132 117 109 106 107 114 136 124 125 122 124 126 125 120 138 179 203 194 176 174 171 166 167 172 165 167 180 180 172 168 171 172 170 173 174 172 165 157 145 143 135 133 128 136 125 138 151 156 152 155 166 164 166 168 170 170 171 171 171 170 168 168 169 170 166
161 170 175 179 178 156 159 162 167 166 163 159 154 151 153 157 166 169 169 169 169 166 157 151 147 142 138 132 122 104 101 102 105 119 145 128 122 118 122 121 117 141 175 197 197 177 158 157 157 157 162 164 163 160 168 175 173 165 161 160 161 161 163 166 169 159 147 134 132 134 132 134 131 132 151 157 156 160 166 167 167 169 170 169 171 168 170 168 168 169 167 167 168
160 165 173 177 179 164 155 159 164 166 164 162 157 153 156 163 166 167 166 164 165 164 152 150 144 138 133 126 110 98 96 97 102 118 140 155 157 158 142 119 130 179 188 188 188 152 150 154 152 151 153 157 160 158 161 166 168 165 162 160 159 155 158 168 162 158 148 139 139 139 137 140 138 130 152 160 162 164 166 166 168 167 167 165 165 162 166 168 168 167 164 165 168
159 160 167 174 175 175 154 153 161 164 164 163 161 161 163 164 164 163 162 160 167 157 154 143 136 133 126 120 98 94 90 88 93 118 125 153 161 165 165 165 174 181 181 177 166 140 144 148 149 149 146 149 156 155 155 162 165 162 160 158 155 155 158 163 164 151 142 142 142 141 137 142 144 137 156 151 155 159 163 165 167 165 163 163 162 165 168 168 166 164 162 161 166
156 160 164 169 172 174 154 153 157 162 163 163 161 159 161 161 159 161 164 160 164 169 150 140 133 127 119 109 93 88 85 81 91 113 119 142 157 165 169 172 175 175 171 167 159 137 138 143 147 148 146 145 151 156 155 159 162 158 158 154 153 150 154 152 155 143 144 146 144 143 138 135 141 148 131 120 126 127 154 163 163 161 162 164 165 166 166 166 165 162 161 162 165
156 159 162 165 169 167 145 149 148 150 159 159 159 157 157 158 159 156 159 167 164 168 143 137 130 122 111 102 91 86 82 78 89 103 113 125 156 164 167 167 167 170 163 159 152 135 135 137 141 147 145 145 147 153 152 158 158 154 154 150 145 142 144 141 146 148 149 148 146 144 143 142 146 134 133 130 128 122 134 157 157 157 162 164 162 162 163 164 163 162 163 163 160
154 159 159 162 155 137 141 147 147 149 153 154 156 154 153 155 156 168 171 175 190 161 149 140 128 118 107 100 91 85 81 76 80 91 109 130 153 160 161 159 164 161 156 150 154 139 128 131 138 147 148 146 144 145 146 148 151 149 149 139 139 136 142 143 149 151 151 149 149 146 147 143 137 139 140 137 133 128 124 138 155 159 161 160 158 159 159 161 159 160 161 159 156
152 157 158 162 142 136 139 142 146 146 148 148 149 149 152 153 152 153 150 159 190 167 175 143 125 118 105 96 91 82 78 75 76 82 102 122 150 155 158 173 162 154 150 144 142 150 128 130 138 145 149 149 146 144 141 145 147 146 145 140 139 145 146 151 152 153 153 152 150 148 140 133 138 144 143 138 139 137 129 131 147 150 155 155 154 157 160 158 157 157 159 157 155
152 152 158 162 144 136 137 134 132 137 144 143 143 146 148 151 150 147 146 153 188 186 173 130 121 113 104 96 90 84 77 73 74 78 93 122 146 149 159 166 152 151 146 140 140 142 143 131 140 147 151 152 150 148 147 149 148 146 143 139 142 150 152 155 156 155 154 152 146 137 129 135 142 147 144 143 141 137 130 128 129 125 141 136 149 154 156 155 154 155 156 156 161
147 152 157 159 152 135 136 133 130 141 151 141 141 143 144 146 149 148 145 156 193 180 160 164 153 124 111 96 89 82 77 70 71 74 98 127 140 144 147 172 155 146 140 142 140 138 145 134 145 154 156 156 154 152 151 150 150 149 147 146 152 154 156 158 158 154 150 145 143 141 141 144 145 149 147 141 136 134 132 127 126 129 125 124 122 141 150 150 150 153 154 155 161
135 151 155 157 153 130 128 126 115 133 159 144 139 143 151 143 144 149 147 150 185 187 194 196 185 170 144 103 90 84 79 72 70 72 84 119 132 136 169 155 144 143 143 142 140 137 138 142 149 157 158 158 157 155 150 147 152 151 148 151 157 158 159 158 149 144 140 140 149 147 147 152 150 145 145 141 135 134 127 123 127 133 132 130 126 124 133 137 149 155 157 159 161
151 155 153 156 157 138 121 112 126 139 165 145 138 146 180 150 143 159 181 192 193 177 148 142 163 172 137 112 92 86 81 75 71 70 70 98 114 130 162 154 139 142 142 141 139 136 139 144 152 158 157 160 161 156 148 147 154 153 152 152 158 161 161 152 148 144 142 149 150 152 153 148 143 135 139 139 137 131 127 125 125 132 137 133 130 126 120 115 140 155 157 157 160
149 152 160 157 159 166 162 133 131 162 167 137 137 159 187 179 163 186 191 184 188 147 145 157 174 157 122 124 112 102 91 79 76 72 70 75 98 122 152 163 136 138 140 142 141 142 148 148 154 159 159 162 163 160 152 155 155 155 156 157 158 162 161 156 151 148 146 154 155 152 148 144 136 136 139 140 137 134 130 130 136 135 127 125 123 124 123 122 134 152 153 157 161
144 146 152 161 170 167 177 131 126 172 161 161 157 186 190 190 186 175 195 175 146 141 142 180 172 137 136 168 181 142 95 85 83 82 77 76 99 161 181 174 149 137 140 144 147 152 154 149 154 161 160 162 162 160 153 158 158 158 159 159 161 163 159 153 150 150 152 157 151 146 144 141 136 140 142 140 135 135 135 137 137 131 124 122 119 125 128 127 128 153 155 156 156
140 160 161 153 180 165 184 147 150 176 175 181 183 184 186 175 148 165 166 188 149 136 135 163 171 177 166 199 184 144 98 134 113 84 83 94 86 128 158 169 168 137 141 149 153 158 158 154 156 161 163 162 163 163 164 165 163 161 163 160 166 163 158 155 156 153 158 155 151 149 146 139 137 143 143 139 141 142 141 138 129 126 129 127 126 131 134 126 133 152 153 150 154
138 163 191 185 192 181 194 178 186 199 180 159 179 156 185 151 140 152 160 175 183 156 135 129 145 180 143 153 202 170 164 173 121 92 102 120 85 90 147 173 186 148 147 165 163 162 159 160 161 165 170 162 163 164 166 166 165 168 167 167 168 165 164 165 157 155 160 155 153 150 145 140 142 145 141 143 145 143 138 132 131 132 136 132 132 138 136 131 132 149 151 153 156
129 138 180 198 192 185 202 201 177 174 160 135 169 160 151 138 139 142 156 146 182 167 147 132 131 137 121 125 200 203 196 171 140 110 105 98 93 98 144 191 192 138 149 158 166 167 165 167 165 169 175 173 168 166 170 170 169 172 171 171 167 165 166 164 165 162 157 153 150 146 143 146 146 144 146 146 142 139 138 137 135 137 139 134 138 136 140 140 136 147 149 153 154
133 131 160 190 197 206 213 185 148 150 139 141 145 150 136 136 137 139 145 142 156 169 143 138 133 129 124 123 131 167 187 151 117 107 104 98 109 139 181 202 187 134 152 165 165 167 168 169 169 172 179 179 179 177 175 174 173 165 162 168 165 164 161 159 155 156 154 151 146 144 148 147 146 149 148 143 139 139 141 140 142 140 130 136 138 136 144 147 148 150 152 154 155
144 138 155 193 189 180 192 138 134 144 122 134 133 138 134 135 137 138 141 140 141 149 149 140 136 134 128 125 121 118 132 116 106 105 104 104 145 169 200 180 142 126 149 158 166 165 165 169 172 176 182 181 178 170 169 167 162 156 156 166 165 162 160 157 153 150 150 148 146 149 149 147 150 150 146 140 138 142 141 139 141 138 137 142 139 139 144 146 148 149 150 152 153
150 149 186 212 191 147 170 122 132 132 124 127 130 135 133 135 137 137 140 140 140 143 142 143 140 138 131 126 126 123 119 113 108 105 103 107 141 162 143 109 107 121 145 152 156 159 164 169 174 180 184 180 181 175 165 160 159 156 153 157 159 161 157 155 153 148 147 151 152 149 148 150 152 149 144 144 142 144 140 137 141 139 143 133 131 124 132 139 142 146 148 151 152
146 147 185 205 219 167 157 130 133 120 124 125 129 133 134 135 135 137 138 139 139 141 141 142 139 140 137 129 127 126 119 114 112 109 105 100 99 106 109 112 116 120 136 154 157 160 165 172 175 182 185 181 183 179 165 161 157 154 151 149 148 151 155 150 152 155 155 153 150 146 149 152 148 146 145 147 145 141 140 141 145 140 136 138 129 123 126 138 143 146 149 150 151
135 156 161 189 208 189 160 135 131 117 121 125 129 133 134 135 136 138 138 138 139 140 140 143 141 139 139 137 129 129 120 115 113 111 108 104 100 98 110 120 123 129 129 133 147 163 169 178 181 183 187 184 182 182 169 162 160 154 150 148 150 149 147 146 156 158 153 147 144 149 154 149 145 146 147 148 143 140 145 146 138 141 138 138 135 127 122 131 142 145 147 147 149
