data/bioclim/bclim6.asc
NCOLS 300 
NROWS 196 
XLLCORNER -121.25 
YLLCORNER 31.1666666666667 
CELLSIZE 0.0416666666666667 
NODATA_value -32768 
[rows 144 to 191 of 196, columns 192 to 287 of 300]
40 39 38 38 37 36 35 34 33 33 32 31 30 29 28 27 27 28 29 29 29 28 27 30 30 30 29 28 28 29 29 30 30 31 31 32 33 34 34 34 34 34 35 35 36 36 35 35 35 35 34 28 10 7 7 5 -13 -27 -22 -7 4 7 4 -1 -1 2 2 2 -1 -7 -9 -12 -17 -26 -27 -34 -36 -37 -40 -40 -42 -49 -60 -67 -63 -63 -61 -66 -67 -59 -49 -57 -64 -70 -65 -58
40 40 40 39 38 37 36 35 34 33 33 32 30 29 29 28 28 28 28 29 29 28 26 23 28 28 28 27 27 27 27 27 28 28 29 30 31 32 32 32 33 33 33 33 34 34 35 35 34 35 34 34 13 17 23 21 5 -19 -29 -12 2 4 -6 -7 -2 1 3 3 0 -2 -3 -6 -9 -13 -17 -25 -29 -37 -39 -39 -40 -41 -44 -50 -64 -63 -61 -55 -55 -52 -51 -58 -66 -70 -61 -55
43 42 41 40 40 38 37 36 35 34 33 33 32 31 30 29 29 28 28 29 28 28 28 26 23 26 26 25 24 24 24 25 25 26 27 28 29 30 31 31 30 31 31 32 33 33 33 34 34 31 29 31 25 24 23 19 12 1 -1 -5 0 3 -3 -4 2 4 4 3 2 1 -1 -2 -4 -7 -10 -14 -23 -27 -36 -43 -40 -40 -41 -44 -52 -60 -59 -63 -60 -43 -51 -60 -74 -75 -67 -62
46 45 44 43 42 41 39 37 36 35 34 34 33 32 31 30 29 29 28 28 28 28 27 26 25 23 24 23 22 21 21 22 23 24 24 25 27 28 28 28 28 29 29 30 30 31 32 33 34 33 26 30 29 29 28 14 22 17 14 -3 -10 1 3 4 6 6 6 4 2 0 0 -1 -2 -3 -5 -8 -14 -19 -29 -44 -44 -41 -40 -40 -43 -49 -52 -58 -54 -41 -43 -56 -72 -68 -58 -42
48 46 45 45 44 42 40 39 37 36 35 34 34 34 32 31 30 29 29 28 28 28 27 26 25 24 23 21 19 18 19 20 21 21 22 23 24 26 26 26 26 26 27 28 28 30 30 32 33 33 32 31 32 29 30 22 18 20 22 19 12 5 10 8 9 5 3 2 0 -3 -5 -7 -7 -7 -5 -5 -9 -13 -20 -28 -42 -42 -42 -43 -40 -40 -42 -51 -49 -41 -39 -55 -66 -60 -55 -36
50 48 47 46 45 44 41 40 40 38 37 36 35 35 33 32 31 30 29 29 28 27 27 25 24 23 21 20 18 17 17 18 19 20 20 19 20 22 23 23 23 24 25 26 27 28 29 30 30 31 31 31 31 30 29 28 24 18 17 21 20 17 11 2 0 4 2 -1 -4 -8 -15 -21 -19 -14 -8 -6 -6 -9 -14 -21 -31 -37 -38 -43 -43 -42 -38 -41 -41 -43 -37 -44 -56 -47 -40 -38
51 50 48 48 47 45 44 43 42 41 39 37 36 36 35 33 32 31 29 29 29 28 26 25 24 23 21 19 18 17 18 18 19 19 19 18 19 20 20 21 21 21 22 24 25 26 28 29 30 30 31 31 30 30 28 28 27 24 19 14 19 17 13 10 5 0 -2 -3 -10 -17 -27 -37 -31 -19 -11 -8 -7 -7 -8 -13 -16 -23 -29 -33 -44 -50 -48 -39 -34 -51 -46 -32 -41 -40 -31 -36
53 51 50 49 48 46 46 44 43 42 40 39 38 37 36 34 33 32 30 30 29 28 26 26 24 23 22 20 19 18 18 18 19 20 20 20 21 21 20 20 19 19 21 22 24 26 27 29 30 30 31 30 29 27 27 27 26 25 24 21 20 18 14 10 6 3 -1 -7 -9 -22 -32 -25 -16 -14 -11 -8 -8 -8 -8 -8 -11 -15 -20 -25 -33 -47 -49 -42 -32 -48 -49 -36 -34 -32 -28 -34
54 53 51 50 49 48 47 45 44 43 42 40 39 38 37 35 34 33 31 30 29 28 27 26 24 23 22 21 20 19 19 19 19 20 21 20 20 21 20 19 19 19 20 22 24 25 27 28 29 30 30 30 28 27 24 25 22 24 24 23 20 17 13 11 8 2 -3 -7 -7 -16 -29 -34 -18 -8 -9 -9 -9 -8 -8 -8 -10 -13 -16 -20 -25 -31 -39 -37 -32 -35 -45 -38 -28 -27 -28 -30
55 54 53 52 50 49 48 47 46 44 43 42 40 39 38 36 35 34 32 31 29 29 28 26 25 24 23 22 21 20 20 20 20 20 21 21 21 20 20 20 20 20 21 22 24 25 27 28 29 29 29 29 28 26 24 21 19 20 22 22 21 18 10 6 8 5 1 0 -4 -10 -17 -20 -17 -12 -15 -12 -10 -9 -9 -9 -9 -10 -13 -15 -19 -22 -28 -35 -31 -27 -28 -28 -35 -36 -34 -33
55 55 54 53 52 51 50 48 47 46 44 43 41 40 39 38 36 35 34 32 30 29 28 27 26 25 23 23 22 21 21 20 21 21 21 21 21 21 21 21 21 22 22 23 25 26 26 28 28 29 29 28 27 25 24 20 17 19 21 21 22 20 16 9 11 5 4 3 0 -2 -14 -21 -21 -35 -24 -13 -12 -10 -10 -9 -10 -11 -11 -13 -15 -17 -20 -23 -27 -23 -23 -29 -38 -47 -50 -40
57 56 55 54 53 52 51 50 48 47 46 44 43 42 40 39 37 36 34 33 31 30 29 28 27 26 25 24 23 22 22 21 21 21 21 22 22 22 22 23 23 23 23 24 25 26 26 27 28 28 28 27 25 25 23 20 18 19 20 21 21 20 18 15 8 -1 -1 1 -1 0 -5 -17 -28 -28 -20 -15 -13 -12 -11 -11 -11 -12 -12 -13 -13 -15 -17 -18 -19 -20 -25 -28 -33 -40 -43 -42
58 57 56 56 54 53 52 51 50 48 47 46 45 43 42 40 38 36 35 34 32 31 30 29 27 27 26 25 24 23 22 22 22 22 22 22 22 23 23 23 24 24 25 25 25 26 26 27 28 28 28 28 26 25 22 17 18 20 21 21 20 20 18 15 8 -3 -7 -5 -2 -2 -2 -8 -17 -20 -18 -17 -20 -18 -15 -15 -15 -14 -14 -14 -14 -15 -16 -17 -19 -21 -23 -27 -33 -37 -42 -42
59 58 58 56 56 55 54 53 51 50 49 47 46 45 43 41 40 38 36 33 31 31 30 30 28 27 25 25 25 24 23 23 22 22 23 23 23 23 23 24 24 24 25 25 25 26 26 27 27 27 27 27 27 25 18 13 18 20 22 19 18 20 19 16 10 4 -4 -9 -6 -7 -5 -6 -9 -15 -18 -26 -33 -38 -28 -29 -31 -26 -21 -17 -15 -15 -16 -17 -18 -20 -23 -26 -30 -33 -37 -39
60 60 58 58 57 56 55 54 53 52 50 49 48 46 45 43 41 39 36 34 31 31 31 30 29 28 26 26 25 25 24 24 24 23 23 23 23 23 24 24 24 24 25 25 25 26 26 27 27 27 27 27 26 25 22 18 20 21 21 18 17 19 19 17 12 8 0 -12 -13 -10 -8 -10 -8 -11 -17 -24 -42 -48 -54 -58 -62 -52 -36 -20 -17 -16 -17 -17 -18 -20 -22 -25 -29 -32 -35 -38
61 60 60 59 58 57 57 55 54 53 52 50 49 48 46 44 42 40 38 35 31 32 31 31 29 28 28 27 26 25 25 24 24 24 23 23 24 24 24 24 24 24 25 25 25 25 26 26 27 27 27 27 26 25 24 22 22 21 20 18 18 18 19 18 15 10 3 -13 -18 -14 -16 -13 -11 -11 -15 -19 -26 -30 -43 -56 -70 -70 -39 -26 -18 -17 -18 -18 -18 -19 -24 -28 -31 -31 -33 -35
61 61 61 60 59 59 58 57 56 55 54 52 50 48 47 45 43 41 39 36 33 32 32 31 30 29 28 27 26 26 25 25 24 24 24 24 24 24 24 24 24 24 25 25 25 25 26 26 26 26 26 26 26 26 25 24 22 21 19 16 16 17 18 18 17 13 7 -3 -20 -17 -28 -20 -15 -12 -13 -17 -20 -22 -25 -31 -48 -64 -47 -32 -19 -20 -20 -19 -18 -19 -22 -29 -33 -29 -30 -32
63 62 62 61 60 60 59 59 58 57 55 54 52 49 47 45 44 41 39 37 33 32 32 32 31 30 28 28 27 26 26 26 25 25 24 24 24 24 24 24 24 24 24 25 25 24 25 26 26 26 26 26 26 24 24 24 23 21 18 12 14 15 15 16 16 15 10 4 -6 -18 -28 -27 -15 -14 -14 -16 -18 -20 -22 -24 -28 -38 -47 -34 -22 -21 -21 -19 -18 -19 -21 -25 -30 -28 -28 -31
63 62 63 62 62 61 61 60 59 58 57 56 54 51 47 45 42 41 39 36 35 34 33 32 31 30 29 28 27 27 26 26 25 25 25 24 24 24 24 24 24 24 24 25 25 24 25 25 25 26 26 26 23 23 25 25 23 22 19 8 8 14 14 15 16 15 12 7 0 -17 -18 -24 -15 -14 -15 -16 -17 -19 -21 -23 -25 -32 -30 -27 -25 -23 -22 -20 -19 -18 -19 -22 -26 -26 -26 -29
64 63 63 62 62 62 62 61 61 60 58 57 55 52 48 45 41 40 38 36 36 35 34 33 32 30 29 29 28 27 27 26 25 25 25 24 24 24 24 23 24 24 24 24 24 24 24 25 25 26 26 25 22 23 26 26 26 23 8 3 -4 11 13 14 15 15 13 8 2 -9 -12 -23 -15 -15 -15 -16 -18 -19 -20 -22 -24 -27 -33 -30 -28 -26 -23 -21 -19 -18 -19 -19 -22 -23 -25 -28
64 64 63 63 63 63 63 63 62 62 60 58 52 53 49 42 41 42 40 37 36 35 34 33 32 30 29 29 28 28 27 26 25 25 25 24 24 24 23 23 23 23 23 23 24 24 24 24 25 25 25 26 25 25 27 27 27 22 -5 -9 -8 9 12 13 14 15 14 8 2 -5 -8 -21 -18 -16 -17 -17 -17 -18 -20 -22 -23 -25 -28 -33 -28 -26 -23 -21 -19 -18 -18 -19 -19 -21 -23 -26
64 64 64 63 63 64 64 62 64 63 62 59 54 52 50 41 39 42 41 37 32 34 34 33 31 31 29 29 29 28 27 26 25 25 24 24 23 24 23 23 22 22 22 23 23 24 24 24 24 25 25 25 27 27 28 28 28 14 -23 -34 -19 -2 4 12 14 14 13 8 3 -1 -6 -13 -17 -18 -20 -19 -18 -19 -20 -21 -23 -24 -25 -27 -27 -25 -23 -20 -18 -17 -17 -18 -18 -20 -22 -25
65 64 64 63 65 65 65 66 65 65 63 60 58 54 51 44 43 43 41 39 35 34 35 33 32 31 30 29 29 28 28 26 25 24 24 24 24 23 23 22 21 21 21 22 23 23 23 24 24 24 24 25 26 27 28 27 14 -2 -5 -10 -24 -20 -1 12 13 12 12 9 3 0 -5 -9 -12 -16 -21 -28 -23 -19 -20 -21 -23 -24 -24 -25 -25 -23 -22 -20 -17 -16 -16 -16 -18 -19 -20 -23
65 65 63 64 63 65 65 65 62 65 63 60 57 54 50 44 41 43 42 40 38 37 35 34 32 31 31 30 29 28 27 26 24 23 24 24 23 23 22 22 21 21 21 21 22 23 23 23 23 24 24 24 25 26 28 26 13 8 10 15 1 -3 4 10 10 9 10 9 6 0 -3 -7 -10 -13 -18 -26 -25 -19 -20 -21 -23 -24 -24 -24 -23 -22 -20 -18 -16 -15 -14 -15 -16 -18 -20 -21
64 64 63 64 62 64 64 64 64 62 62 60 55 52 50 46 44 42 42 40 38 37 36 34 33 31 30 30 29 28 27 26 25 24 24 23 23 22 22 21 21 20 20 21 21 21 22 23 23 24 25 25 25 25 26 30 33 33 32 25 20 15 11 9 6 6 8 5 6 2 -3 -7 -10 -12 -15 -18 -22 -19 -20 -21 -23 -25 -24 -23 -23 -22 -21 -20 -17 -15 -13 -15 -16 -17 -19 -20
64 64 64 63 63 60 63 63 63 62 60 58 55 52 50 47 45 43 42 40 39 37 35 33 32 31 30 29 28 28 27 26 25 24 23 23 22 22 21 21 20 20 20 20 20 21 22 22 23 24 23 26 27 26 27 29 33 36 36 34 31 22 15 11 4 -2 2 2 2 2 -1 -6 -11 -12 -14 -16 -19 -19 -19 -21 -22 -23 -23 -22 -22 -24 -23 -26 -24 -18 -15 -15 -16 -17 -18 -20
64 63 63 62 62 57 60 61 61 60 58 56 54 51 49 46 45 43 41 40 38 37 35 33 30 30 29 29 28 27 26 25 24 23 22 22 21 21 20 20 20 19 19 18 19 20 20 22 22 23 25 25 28 30 31 35 37 39 37 34 31 26 10 0 -18 -22 -6 -1 0 -2 -1 -6 -10 -12 -13 -15 -16 -17 -18 -19 -20 -21 -21 -20 -20 -21 -29 -39 -33 -25 -19 -16 -17 -18 -19 -20
62 62 62 62 61 61 59 60 59 58 56 54 51 49 47 45 43 42 41 39 38 37 35 33 30 28 27 28 27 27 26 24 23 22 21 21 20 20 19 19 19 18 18 17 17 18 19 21 22 23 24 26 28 31 33 36 38 38 36 32 28 12 -7 -5 -17 -16 -1 0 -2 -4 -1 -6 -10 -11 -13 -14 -15 -16 -17 -18 -19 -19 -19 -19 -19 -19 -21 -25 -31 -31 -23 -18 -19 -19 -20 -21
62 62 61 61 61 59 59 57 57 55 54 52 50 47 45 43 42 41 40 39 38 36 35 33 31 28 26 27 27 26 25 24 22 20 18 19 19 19 18 18 17 17 16 16 16 16 18 19 21 22 24 26 28 30 33 35 37 36 33 31 27 18 15 13 3 -11 0 -4 -4 -5 -4 -6 -10 -11 -12 -13 -14 -15 -16 -16 -17 -17 -17 -17 -17 -18 -18 -19 -20 -21 -22 -23 -23 -24 -24 -22
61 61 60 60 59 58 55 53 54 53 51 49 46 41 43 42 41 40 39 38 37 36 34 33 31 28 26 27 27 26 25 23 21 20 18 17 18 18 17 16 16 15 15 14 14 15 17 18 19 21 23 25 27 29 32 33 34 33 31 28 25 22 18 12 -2 -19 -2 -4 -3 -4 -4 -8 -9 -10 -12 -15 -13 -13 -14 -15 -15 -16 -16 -16 -16 -16 -17 -17 -18 -18 -19 -23 -28 -32 -29 -28
60 59 59 59 58 57 55 53 52 51 49 47 43 38 41 41 40 39 39 37 36 36 34 32 31 29 27 28 27 26 24 23 20 19 18 17 17 17 16 15 14 13 13 13 13 14 15 16 17 19 20 22 25 27 29 30 31 30 28 25 22 19 13 9 4 -3 -2 -2 -3 -3 -6 -9 -10 -10 -10 -11 -11 -12 -12 -13 -14 -14 -14 -15 -15 -15 -15 -16 -16 -17 -18 -19 -23 -36 -42 -33
60 58 55 57 56 55 53 52 50 48 47 45 42 36 40 40 39 39 38 36 36 35 34 32 31 30 27 28 27 26 24 22 20 17 17 17 17 16 15 14 13 11 12 11 11 12 13 14 15 16 17 19 21 24 27 28 28 27 25 22 19 16 13 10 6 2 0 -2 -4 -6 -7 -10 -11 -10 -9 -9 -9 -10 -11 -11 -12 -12 -13 -13 -13 -14 -14 -15 -16 -16 -18 -19 -20 -32 -39 -35
60 58 57 57 56 54 53 51 49 46 45 44 42 41 38 39 38 38 37 36 36 35 34 32 31 30 29 28 27 26 24 23 21 19 18 18 16 15 13 10 12 10 11 10 10 10 12 13 13 13 14 16 19 21 24 25 25 24 22 19 15 12 10 7 5 2 -1 -3 -5 -7 -9 -11 -13 -11 -9 -8 -7 -12 -12 -9 -10 -10 -11 -12 -12 -13 -13 -14 -15 -16 -17 -19 -21 -31 -39 -40
59 58 57 56 55 54 52 50 48 45 44 42 41 41 39 38 38 37 35 35 35 35 33 32 31 30 29 28 27 25 24 23 21 20 19 18 16 14 12 9 12 12 11 10 9 10 11 12 11 9 12 14 16 18 21 22 21 20 17 14 10 8 7 4 3 1 -1 -3 -4 -6 -10 -13 -14 -11 -8 -6 -5 -11 -16 -8 -8 -9 -10 -10 -11 -12 -12 -14 -15 -16 -18 -23 -31 -38 -42 -49
58 58 56 55 53 53 52 50 48 46 44 43 41 40 39 38 37 37 35 32 35 34 33 31 30 30 29 28 26 25 24 23 21 20 19 17 16 14 13 9 11 11 11 10 9 10 10 10 6 6 10 12 14 16 18 19 18 16 14 9 1 5 3 0 1 0 -2 -4 -4 -4 -7 -13 -14 -12 -7 -4 -3 -8 -19 -9 -6 -7 -8 -9 -10 -11 -12 -13 -14 -16 -18 -23 -32 -39 -48 -56
58 57 56 54 52 50 49 48 47 45 44 43 42 40 39 37 37 36 35 34 34 33 32 31 30 29 28 27 26 25 24 23 21 19 19 17 16 14 13 11 10 11 10 10 9 9 10 9 7 7 10 11 12 14 16 15 14 12 10 1 1 3 0 1 0 -1 -4 -10 -12 -4 -5 -9 -12 -10 -5 -1 0 -2 -8 -14 -5 -5 -7 -8 -9 -10 -11 -13 -14 -16 -19 -22 -30 -40 -51 -61
58 56 55 53 51 49 48 46 45 43 42 42 41 40 39 37 37 36 35 35 34 33 32 31 30 29 28 27 26 25 24 22 21 20 19 17 16 14 13 10 8 10 10 10 9 9 9 9 8 8 9 9 11 12 13 12 11 10 8 -3 -2 -1 0 0 -1 -3 -5 -14 -10 -2 -3 -6 -9 -8 -4 0 1 1 -1 -7 -8 -5 -5 -7 -8 -10 -11 -13 -15 -17 -20 -25 -36 -46 -52 -53
58 56 55 54 52 50 46 44 44 41 40 40 40 39 39 37 37 33 34 34 34 32 32 31 29 28 27 26 25 25 23 22 21 20 19 17 16 14 13 6 7 10 10 9 9 8 8 8 7 7 8 8 9 10 10 9 8 6 0 -5 -3 -2 -1 -1 -2 -4 -7 -12 -5 -1 -2 -3 -5 -5 -2 1 4 4 1 -2 -8 -7 -6 -6 -8 -9 -11 -12 -15 -17 -20 -25 -31 -34 -39 -45
57 56 55 54 52 50 48 46 44 41 37 38 39 39 38 38 36 35 33 34 34 32 32 30 29 28 27 26 25 24 22 22 21 20 19 18 16 14 12 9 10 10 10 9 8 8 7 6 6 6 6 7 7 7 6 5 0 -13 -11 -6 -4 -4 -3 -3 -4 -6 -6 -5 -2 -1 -1 -1 -2 -3 0 4 6 7 4 0 -3 -4 -4 -6 -7 -9 -10 -12 -16 -19 -20 -24 -32 -34 -38 -39
57 55 54 53 52 50 48 47 45 42 38 37 38 38 37 37 36 36 34 34 33 32 31 30 28 27 26 25 24 23 22 21 21 20 19 18 16 14 11 10 11 10 10 9 8 7 6 6 5 5 4 4 5 4 4 2 -12 -18 -11 -6 -5 -5 -5 -5 -7 -7 -9 -5 -1 0 0 0 0 0 2 7 7 8 5 2 0 -1 -3 -5 -7 -9 -10 -12 -19 -24 -21 -24 -30 -34 -32 -33
57 56 53 51 51 50 49 47 45 43 40 37 38 37 37 36 35 34 34 33 32 31 31 29 28 25 24 24 23 22 22 21 20 19 19 18 16 15 11 11 11 11 10 9 7 6 6 5 4 3 3 2 3 2 2 1 -3 -9 -7 -4 -3 -5 -8 -9 -9 -7 -6 -3 0 0 1 2 2 1 3 6 8 7 6 3 1 -1 -3 -5 -7 -9 -11 -12 -15 -24 -21 -24 -28 -31 -30 -28
57 55 54 51 51 50 49 47 45 43 40 38 38 37 34 35 34 34 33 32 32 30 30 29 28 26 24 23 22 22 21 20 18 18 18 18 17 15 12 12 11 11 10 9 7 6 5 4 3 2 1 0 0 0 0 0 0 -6 -6 -4 -2 -8 -11 -12 -12 -10 -6 -4 -1 2 3 4 3 3 3 4 6 5 4 2 0 -1 -3 -5 -8 -9 -11 -13 -15 -19 -20 -23 -29 -30 -28 -26
56 55 53 49 49 50 49 47 46 43 41 40 39 37 35 34 34 33 32 31 31 30 29 28 27 25 24 22 21 21 20 19 18 17 18 18 17 15 12 11 12 11 10 8 7 6 5 3 2 1 0 0 -1 -1 -2 -1 -2 -2 -3 -3 -3 -6 -10 -13 -13 -13 -10 -9 -6 0 4 5 5 4 3 4 5 5 2 -3 -4 -2 -4 -6 -8 -10 -11 -13 -15 -18 -21 -24 -27 -27 -26 -25
56 55 53 52 51 49 49 48 46 43 42 40 39 37 36 34 33 32 31 30 29 29 28 28 27 25 24 22 20 20 20 19 18 18 18 18 17 16 14 11 12 11 10 8 6 5 4 3 1 0 0 -1 -2 -3 -3 -3 -3 -3 -3 -3 -6 -7 -10 -13 -13 -13 -11 -14 -16 -7 2 4 5 5 3 4 4 3 -4 -11 -8 -3 -5 -7 -9 -10 -12 -14 -15 -17 -20 -21 -25 -24 -24 -24
56 55 54 52 51 50 49 47 46 44 43 40 38 37 36 34 32 31 30 30 28 28 28 27 27 26 24 22 20 20 19 19 19 18 18 18 17 16 15 13 12 11 10 7 6 4 3 2 1 0 -1 -1 -3 -4 -5 -6 -5 -4 -4 -7 -9 -9 -11 -12 -13 -12 -11 -12 -20 -12 -2 2 4 4 3 3 3 -2 -13 -15 -8 -7 -6 -8 -10 -11 -13 -15 -16 -18 -20 -22 -22 -22 -23 -23
56 54 52 53 52 50 49 47 46 44 43 41 37 38 37 35 32 30 30 29 28 27 26 26 26 25 24 23 22 21 20 20 19 19 18 18 17 16 15 14 12 12 10 8 6 5 3 2 1 0 -2 -2 -4 -5 -6 -7 -6 -5 -5 -9 -12 -11 -11 -10 -10 -11 -11 -10 -13 -25 -19 -5 3 3 3 2 2 0 -9 -15 -9 -9 -7 -9 -10 -12 -14 -15 -17 -18 -19 -22 -23 -21 -22 -22
56 54 51 52 51 50 49 47 46 45 44 42 40 38 37 36 33 31 30 29 27 26 25 25 26 25 24 23 22 21 20 20 19 19 18 17 17 16 15 14 13 12 10 9 7 6 4 3 1 0 -1 -2 -3 -4 -6 -6 -6 -5 -5 -7 -11 -11 -10 -9 -9 -9 -9 -9 -9 -13 -28 -16 0 2 2 2 1 0 -2 -4 -6 -8 -9 -10 -11 -13 -14 -16 -17 -18 -20 -22 -22 -21 -21 -21
56 55 52 51 51 50 49 48 46 45 44 42 40 39 38 36 34 32 31 29 27 26 25 25 25 25 25 24 23 22 21 20 19 18 18 17 16 16 16 15 14 12 10 8 7 7 5 4 2 0 -1 -2 -3 -4 -5 -5 -5 -5 -5 -6 -12 -10 -8 -7 -8 -8 -8 -8 -6 -6 -8 -14 -3 1 1 1 0 0 -2 -5 -7 -8 -10 -11 -13 -14 -15 -16 -18 -19 -20 -22 -22 -21 -20 -20
