data/bioclim/bclim15.asc
NCOLS 300 
NROWS 196 
XLLCORNER -121.25 
YLLCORNER 31.1666666666667 
CELLSIZE 0.0416666666666667 
NODATA_value -32768 
[rows 104 to 155 of 196, columns 96 to 191 of 300]
51 49 49 49 50 49 50 46 51 51 46 47 45 49 44 50 50 49 50 46 44 45 42 43 46 45 45 50 47 47 48 49 51 46 48 47 50 46 49 46 45 46 47 46 44 46 45 45 45 45 46 45 45 45 43 44 42 43 43 43 43 43 42 43 46 45 40 42 44 42 42 42 41 41 42 42 41 41 44 44 44 44 42 42 42 44 43 43 44 44 45 45 46 46 46 46
52 52 51 50 53 46 50 50 48 44 47 48 47 45 46 45 45 45 43 47 46 44 43 43 43 46 45 45 45 48 44 47 49 46 48 47 48 46 44 47 44 45 46 47 46 46 47 46 45 45 46 44 44 46 44 41 43 46 43 44 44 43 43 43 43 45 44 43 44 43 43 40 44 41 43 44 41 43 43 44 45 44 44 44 44 43 43 41 44 44 46 45 45 46 46 46
55 53 51 51 53 52 51 46 50 48 48 47 47 46 46 44 45 44 46 45 42 46 44 48 49 50 46 45 46 47 48 50 48 48 47 49 49 47 47 47 45 46 47 44 44 47 46 45 44 44 44 46 45 45 41 45 43 42 45 43 42 47 43 43 43 43 41 42 43 42 44 41 43 43 44 42 42 43 44 42 44 45 45 44 43 42 42 44 44 45 46 46 45 47 45 47
52 57 57 49 49 50 51 50 48 48 51 51 47 47 48 46 45 46 44 43 43 44 43 44 43 46 45 45 43 48 48 47 47 47 47 47 45 45 46 46 46 46 46 45 47 46 44 44 44 44 44 45 46 46 45 42 45 43 43 46 46 46 47 43 44 46 46 44 44 43 42 42 42 42 43 43 41 42 43 42 43 44 44 45 45 44 44 44 45 45 46 46 45 46 46 46
54 54 55 48 52 50 51 53 50 53 53 48 50 46 44 47 47 43 46 44 46 45 44 43 46 48 49 47 49 47 45 48 46 47 47 45 45 45 45 46 46 45 46 47 48 48 47 45 45 49 46 46 48 46 45 46 44 44 43 43 44 44 44 47 45 46 46 43 42 44 43 44 41 41 42 43 41 41 42 43 43 45 45 44 43 44 43 44 43 43 46 46 45 45 45 45
56 51 55 55 53 50 55 55 55 54 57 55 56 49 47 45 44 47 45 44 46 43 44 43 48 45 50 47 47 44 46 44 47 48 45 46 44 45 47 46 47 49 49 46 48 45 49 47 45 48 45 46 45 44 45 44 44 43 44 46 42 46 47 45 47 46 44 43 44 43 45 43 41 44 43 43 43 42 42 44 45 45 45 44 44 43 44 44 45 46 45 46 47 45 45 45
56 57 58 59 55 55 55 55 58 59 60 57 53 54 50 51 50 46 44 43 43 47 43 44 45 47 46 45 45 47 47 47 45 48 46 48 44 47 48 45 47 47 46 46 46 47 47 47 49 46 46 47 46 47 44 47 44 43 45 45 46 45 45 43 46 43 44 48 46 46 45 43 41 44 42 43 43 42 43 44 43 45 45 43 43 45 43 45 44 43 44 45 46 45 46 45
57 61 61 63 64 63 60 62 61 60 65 60 57 59 58 56 53 48 48 46 43 45 45 42 44 46 43 45 48 46 47 48 49 49 48 47 48 48 47 50 47 47 48 47 47 47 49 47 47 44 45 46 45 45 45 47 43 46 45 44 44 46 45 45 46 43 44 44 43 43 44 41 44 43 43 43 43 45 43 43 44 43 44 44 44 46 44 43 44 43 45 44 45 45 45 45
64 63 62 64 66 59 60 63 67 62 61 64 57 57 59 58 54 52 49 48 43 42 47 42 45 45 48 49 48 47 47 52 47 47 48 49 48 47 47 48 49 47 51 49 48 47 49 47 49 47 45 44 45 44 48 46 44 46 43 45 45 45 44 44 42 43 45 47 43 44 42 43 44 43 44 44 45 45 43 45 45 45 44 46 45 45 45 44 45 45 45 45 45 46 44 44
61 62 64 63 71 68 58 62 60 62 60 58 58 57 56 51 51 51 49 48 45 42 44 45 43 45 49 54 49 50 50 50 50 50 51 50 45 51 50 47 45 48 46 49 49 49 46 47 46 45 45 46 44 48 46 46 43 45 44 44 45 45 45 43 45 46 48 46 44 44 44 45 44 43 43 45 44 45 44 43 44 45 44 44 45 45 44 45 46 44 44 45 45 45 45 45
63 60 69 65 66 70 62 60 58 58 59 57 59 58 54 53 50 47 46 46 45 47 46 45 45 42 46 44 54 50 53 52 50 52 52 52 52 56 49 46 45 46 47 47 47 47 46 45 45 45 46 49 44 47 46 44 45 46 47 46 46 45 43 44 45 44 46 43 47 47 45 43 45 45 44 45 46 45 45 43 43 43 44 44 43 46 44 44 45 45 44 45 43 45 44 45
65 67 65 67 70 68 64 61 61 59 58 59 59 57 54 54 52 49 47 46 46 45 44 45 45 44 44 46 48 50 54 53 52 52 52 54 54 54 53 52 50 45 49 44 49 50 46 47 45 48 45 46 45 48 44 45 46 46 45 45 47 42 45 43 44 44 48 48 47 45 43 43 45 45 44 43 45 45 44 46 44 44 46 46 44 45 45 45 45 45 45 46 46 45 44 46
72 69 67 67 70 66 66 62 60 59 59 60 57 56 55 51 50 51 47 46 45 43 45 43 44 45 44 43 46 48 50 47 54 54 54 54 54 55 55 54 50 46 46 45 48 45 50 47 48 48 48 46 46 48 47 47 46 47 46 46 45 45 42 45 44 45 46 48 47 48 45 45 43 44 45 46 44 45 45 44 47 45 46 46 44 45 45 45 44 45 46 44 45 45 46 45
73 73 72 72 69 68 66 64 65 62 61 60 58 58 54 52 52 49 50 49 43 45 48 46 45 44 43 44 46 48 50 56 48 50 56 49 55 55 55 54 50 50 46 45 44 46 44 46 47 46 47 47 47 44 45 45 45 48 46 43 47 45 45 46 46 47 46 46 45 45 46 45 46 47 44 45 44 45 45 46 44 45 44 44 45 45 44 45 45 45 45 46 46 46 45 46
75 79 77 77 76 73 70 68 66 65 64 62 61 57 56 54 54 50 51 50 45 44 44 44 43 45 45 43 44 46 49 49 47 52 50 47 52 54 54 51 49 52 53 46 45 46 46 48 47 47 48 48 45 47 46 45 47 46 47 45 43 47 46 46 49 45 45 46 46 46 44 49 45 44 46 44 45 44 46 44 45 46 45 43 44 46 46 44 45 46 45 45 46 45 45 45
78 80 80 80 78 75 76 74 73 72 72 68 64 61 58 55 54 54 52 49 46 45 44 43 42 49 47 45 43 45 44 47 45 48 49 49 50 50 57 51 49 47 52 53 46 45 44 48 48 46 45 47 46 46 46 45 45 45 47 46 46 48 47 46 46 45 46 47 47 45 46 48 47 49 48 46 44 45 44 46 45 45 45 47 44 44 45 46 45 46 45 46 44 44 44 45
83 81 80 80 78 75 73 71 70 70 71 70 69 68 67 63 61 59 55 50 50 47 46 45 44 49 46 46 43 47 45 47 48 45 46 49 51 50 53 51 47 49 47 46 46 47 47 44 46 48 43 45 45 43 44 47 45 48 47 46 45 47 47 46 45 44 48 45 46 45 47 44 47 47 49 48 47 43 45 46 45 45 45 46 45 46 45 47 46 46 47 46 47 46 46 46
83 83 83 81 79 76 73 72 71 71 70 70 69 69 67 66 64 61 57 52 50 46 45 44 42 43 46 48 48 47 50 52 51 48 47 47 47 51 51 50 47 47 44 48 46 46 44 44 47 47 47 44 42 46 46 47 46 46 48 46 46 45 47 48 48 46 46 46 46 46 46 45 46 48 49 49 48 46 46 46 47 45 46 45 46 47 47 46 47 46 45 47 45 45 47 45
83 83 81 80 75 77 73 73 72 71 70 69 69 68 68 66 65 60 57 54 52 49 48 46 45 44 48 50 47 50 50 52 50 55 50 49 50 46 48 53 49 48 51 47 47 46 49 48 45 47 49 49 45 42 46 47 46 47 47 47 49 48 47 46 48 45 46 48 50 47 49 47 49 49 46 46 46 45 45 46 45 46 48 44 45 46 45 46 45 46 46 46 46 46 46 47
84 81 81 80 78 77 77 76 76 72 69 68 66 67 68 67 64 60 59 55 53 51 48 46 46 45 46 47 48 47 52 51 50 53 51 51 50 48 50 52 48 48 50 50 44 47 49 48 50 48 44 44 45 45 43 47 47 48 45 48 48 47 46 49 45 46 46 48 48 48 47 47 46 47 45 43 43 44 44 46 47 44 44 44 44 44 47 46 47 47 47 48 46 46 45 46
86 83 80 80 76 78 77 73 70 70 70 70 68 67 68 68 65 62 59 56 54 51 49 48 45 45 44 46 47 51 50 47 50 53 52 52 49 51 48 50 50 51 50 47 51 44 49 45 48 50 46 44 45 45 47 44 45 50 49 48 48 49 47 47 47 47 49 49 48 48 49 45 47 47 48 46 45 46 45 46 48 46 48 48 47 46 45 46 47 47 46 45 46 45 46 46
85 83 83 80 77 77 78 75 72 67 66 68 69 69 70 67 63 59 57 55 53 54 51 49 49 48 46 48 46 45 44 49 50 50 53 50 50 48 51 47 48 52 48 48 50 51 45 45 48 48 47 45 45 46 47 45 46 45 47 46 45 47 49 49 47 46 46 46 46 46 48 45 48 48 49 46 49 46 44 47 47 45 46 46 47 45 48 46 46 47 47 47 47 46 47 47
86 87 85 81 78 77 77 76 74 72 71 71 71 69 67 63 61 59 57 58 59 58 56 52 51 51 50 52 49 44 47 46 48 47 50 48 49 51 50 51 49 48 50 51 48 51 46 48 47 46 46 43 43 43 47 50 48 46 48 48 52 50 49 47 49 47 52 51 53 46 47 45 49 48 46 47 48 46 47 45 45 48 46 46 47 49 46 46 47 46 47 47 47 48 48 47
87 83 84 82 79 77 76 76 77 74 74 73 71 66 65 64 61 59 58 55 57 59 59 56 53 52 52 50 50 48 47 45 45 45 50 46 48 47 51 47 50 54 53 50 48 50 48 48 47 47 49 50 49 46 46 48 48 50 52 48 50 48 49 49 51 50 49 49 52 53 48 46 48 46 48 49 47 48 46 47 46 46 48 46 46 47 46 46 47 47 47 47 47 48 47 46
84 84 82 81 80 78 77 75 75 72 72 70 70 68 66 65 64 59 59 56 54 54 55 56 54 52 53 50 50 46 46 47 47 47 47 49 50 51 48 48 47 51 53 51 53 52 48 52 49 47 52 49 49 49 51 51 48 48 48 48 49 52 50 48 53 51 49 51 51 49 48 47 48 49 47 48 49 51 49 46 47 46 46 47 48 49 48 49 47 48 47 48 46 48 48 48
85 85 83 82 80 78 77 76 75 73 74 71 71 70 69 67 64 60 61 59 54 52 51 53 52 55 52 49 47 48 48 48 48 53 48 51 53 53 52 50 47 51 53 53 48 48 53 48 51 49 48 49 51 51 48 50 52 48 48 48 51 54 52 52 50 47 48 51 51 50 49 49 47 47 49 51 47 51 49 47 46 47 45 48 47 47 47 49 46 47 47 49 49 48 47 48
85 83 84 80 81 79 79 76 75 75 72 72 69 69 69 66 64 61 64 58 58 56 52 51 49 49 51 52 48 49 48 47 48 49 53 53 51 51 54 51 50 49 54 53 49 48 52 52 51 50 47 52 50 50 52 49 51 52 52 53 54 51 50 52 53 47 49 50 52 51 49 49 50 47 49 51 49 47 49 49 47 46 48 47 48 49 47 47 49 48 48 48 48 48 46 47
82 82 83 82 81 79 78 76 75 74 74 73 72 70 69 66 66 67 68 61 62 58 54 53 49 46 50 49 51 48 48 47 47 47 48 50 47 47 46 51 48 49 50 50 54 52 53 48 49 50 52 50 52 54 53 53 52 52 54 52 51 53 50 52 50 53 49 49 48 52 49 49 49 47 51 51 49 49 49 49 48 49 48 47 48 48 48 49 48 48 49 49 47 48 49 47
82 83 83 83 81 78 77 75 76 74 74 74 71 67 69 67 64 68 71 63 64 65 61 55 54 48 49 48 48 49 49 47 47 47 47 49 47 51 49 51 49 51 52 50 52 52 52 49 48 49 49 52 51 52 53 51 50 49 51 54 50 56 53 50 51 55 49 49 50 52 51 48 49 51 51 48 48 48 49 50 50 49 47 48 50 48 47 50 50 47 48 47 50 50 50 49
82 83 82 82 81 78 79 77 76 77 74 73 72 70 70 69 64 66 65 66 64 65 60 62 60 57 52 48 47 49 48 48 46 47 45 47 47 48 48 49 51 51 51 50 53 50 50 48 48 48 55 53 53 52 49 53 55 56 53 53 54 56 54 50 51 55 49 49 53 49 52 53 48 51 49 49 49 49 51 50 50 48 50 50 47 50 49 49 49 50 49 49 49 48 49 49
84 83 81 81 80 79 79 78 77 75 75 72 73 72 71 68 64 63 62 59 69 61 61 60 56 61 50 50 50 47 49 47 49 47 45 49 47 47 49 52 51 52 54 52 49 53 52 50 48 48 55 56 52 50 53 55 52 52 53 53 54 54 55 51 53 55 55 51 49 52 49 49 49 51 50 51 51 48 49 52 48 48 48 51 50 47 50 50 49 49 51 49 49 49 50 48
83 83 81 80 81 80 80 77 77 76 73 71 73 71 71 70 66 63 61 59 60 57 64 61 57 57 52 52 48 52 48 50 48 49 48 47 50 50 54 54 53 51 48 49 51 52 49 54 53 49 49 49 49 52 55 55 56 55 58 55 62 55 54 52 54 55 56 54 52 54 51 52 51 51 51 50 48 50 50 50 48 48 48 50 49 47 47 51 51 51 49 51 49 49 50 49
83 81 82 81 81 79 79 80 76 75 74 73 72 72 69 71 70 62 63 61 57 53 61 59 55 58 54 52 53 52 52 50 49 48 53 51 51 52 51 50 51 50 49 53 53 50 52 54 47 52 50 53 62 62 62 55 57 55 57 64 61 62 61 52 54 54 49 54 55 50 48 54 51 48 51 51 51 51 48 51 50 49 49 49 51 49 48 50 50 49 49 49 49 50 48 49
84 83 81 79 80 80 79 79 77 74 75 73 72 72 71 69 70 64 63 62 58 58 52 61 55 59 54 53 50 51 51 48 50 49 49 47 51 48 50 49 51 51 53 49 49 51 54 52 54 48 52 52 53 62 62 55 57 57 60 61 62 61 63 52 54 54 51 54 50 50 52 53 52 48 49 50 50 51 49 50 51 50 50 51 51 52 51 50 48 49 51 48 51 49 50 50
82 84 81 82 80 82 79 79 78 76 74 74 70 69 68 69 69 67 66 66 63 63 59 53 55 55 59 54 54 50 52 48 49 47 49 48 50 50 51 51 51 49 51 52 49 52 51 53 54 54 48 52 55 55 55 55 57 60 60 59 60 60 62 53 52 54 52 57 56 54 50 53 54 51 52 50 51 51 51 48 48 50 51 49 49 53 50 51 52 49 49 50 51 51 51 48
84 82 83 81 83 82 80 80 79 78 75 73 71 69 67 68 67 68 69 68 66 63 57 54 51 56 54 57 55 51 49 48 53 53 47 48 51 53 51 50 52 51 49 51 54 53 53 50 53 53 54 52 56 56 59 59 59 63 55 60 57 58 61 60 52 55 53 51 53 54 53 53 54 51 52 50 50 50 51 51 50 52 53 50 50 50 50 50 52 50 51 50 49 51 51 51
84 83 83 83 80 82 82 80 80 79 75 73 73 72 70 68 65 64 67 65 63 63 62 57 55 52 53 52 57 54 54 49 48 49 47 52 53 51 49 49 50 53 52 52 53 52 51 53 54 54 56 57 57 57 54 60 59 63 59 57 57 57 61 60 54 51 53 53 52 54 54 54 50 52 52 50 51 53 52 51 49 51 52 52 51 50 50 50 50 50 49 51 50 49 51 51
84 83 83 81 81 81 81 79 80 78 76 74 74 72 72 70 67 66 64 60 62 58 60 61 61 54 52 53 51 55 55 55 49 48 49 52 50 50 50 53 48 50 49 50 52 51 53 50 54 53 53 55 58 54 52 62 60 58 59 57 57 56 58 60 54 51 53 53 52 55 53 54 52 53 52 52 50 50 52 52 52 49 52 53 52 52 52 52 52 50 52 51 49 52 49 52
84 84 82 84 84 82 80 80 79 78 77 76 74 73 73 72 69 66 65 63 61 60 57 55 59 56 52 55 54 51 58 55 55 50 50 52 52 48 56 50 50 52 56 52 55 51 54 54 57 53 53 52 52 54 52 53 53 62 59 57 56 56 58 60 53 53 53 53 56 53 56 52 52 54 54 50 53 53 51 52 51 52 51 51 51 52 51 52 50 50 52 52 53 52 52 54
85 83 82 82 83 83 81 80 79 79 77 76 74 72 72 73 72 68 65 65 62 60 58 58 54 58 54 52 58 55 51 60 57 55 51 52 52 48 49 51 55 49 51 55 54 54 51 56 53 56 52 57 54 54 62 62 62 56 55 60 55 56 60 53 52 57 53 56 56 53 52 51 53 51 54 55 53 54 52 52 53 52 50 53 53 52 51 52 54 52 52 53 50 52 54 52
85 82 84 83 82 82 81 80 79 79 77 77 76 74 71 72 72 71 68 65 63 63 58 58 57 57 55 57 55 53 55 51 58 57 54 53 53 52 49 49 52 54 48 48 53 55 51 51 54 54 57 57 54 55 62 62 60 60 62 60 55 55 60 56 53 55 56 56 53 56 54 54 54 52 52 53 55 51 53 52 50 51 54 52 53 52 52 52 54 53 53 53 52 53 51 53
85 82 83 84 83 83 83 81 82 81 80 78 77 76 72 72 73 72 70 67 61 63 63 58 60 59 60 58 59 57 54 56 52 58 55 53 53 53 52 49 49 52 52 53 49 54 57 52 52 54 52 57 54 54 57 55 62 60 59 55 55 55 58 52 58 52 53 52 55 55 53 51 51 52 55 53 51 52 53 53 51 55 52 53 52 54 53 52 51 51 51 53 51 53 51 54
86 84 86 84 85 83 82 81 81 79 79 79 79 76 73 72 72 73 69 67 62 62 61 64 61 62 57 58 61 61 56 59 57 52 58 55 54 53 53 49 49 51 52 54 56 49 56 57 54 56 56 54 51 58 57 56 55 63 63 60 56 53 60 50 55 54 58 56 52 53 54 54 56 54 52 51 51 51 52 54 52 53 53 52 54 52 52 51 53 53 53 51 51 54 54 54
84 86 84 84 85 83 82 81 82 81 80 78 76 77 75 73 73 71 70 69 68 63 62 64 60 62 65 62 65 59 61 60 56 57 51 58 56 55 53 51 49 49 50 49 53 55 57 53 56 54 56 53 53 56 53 58 55 55 57 63 60 56 60 55 55 55 51 53 54 54 51 54 53 52 54 51 53 53 53 53 51 54 55 54 54 52 51 53 52 50 52 52 52 53 54 51
85 86 86 86 86 83 82 82 83 81 81 79 78 77 77 76 74 72 71 68 67 64 64 63 63 66 63 66 59 62 58 60 56 60 54 58 59 55 52 52 50 49 48 48 49 52 54 56 51 55 59 58 53 56 56 56 57 57 55 56 54 56 52 50 52 52 54 54 54 51 55 52 55 56 53 53 54 53 52 51 52 53 52 52 54 53 53 53 50 50 53 53 49 51 51 51
86 87 85 87 85 85 83 81 82 81 81 80 79 78 76 76 74 72 71 70 69 67 66 63 62 62 64 69 63 64 62 64 60 63 59 54 59 55 55 52 50 59 60 60 59 59 52 55 54 58 60 54 59 58 53 53 61 54 56 56 61 56 52 53 56 54 50 50 51 54 55 52 55 52 56 53 53 53 51 56 54 54 52 53 54 51 51 52 52 52 52 54 53 53 53 53
86 87 85 87 87 85 84 83 82 81 81 80 79 78 78 78 76 73 74 70 69 69 66 65 64 62 64 69 69 64 65 62 65 59 54 60 53 60 56 50 52 50 60 58 60 60 61 60 55 53 53 59 60 56 59 62 62 57 56 57 60 53 54 52 54 52 53 54 50 54 51 55 54 53 54 54 53 51 51 54 53 53 54 56 52 52 52 56 56 55 57 57 52 56 56 56
87 88 87 87 85 84 84 84 83 81 80 80 79 79 79 78 78 75 74 73 70 70 68 67 65 64 65 68 65 63 65 67 63 60 62 54 57 58 56 54 54 50 60 57 60 57 57 60 60 54 54 53 59 61 55 59 60 62 61 59 56 57 57 57 52 57 57 52 49 54 51 53 52 55 52 53 53 56 54 54 51 51 51 54 54 54 51 53 55 55 55 54 54 56 55 55
90 88 88 87 85 84 84 82 82 81 80 82 80 78 78 78 78 76 75 71 72 72 68 67 67 68 69 67 66 63 62 65 68 61 60 59 63 53 59 55 54 50 60 57 60 57 57 60 60 61 54 54 57 58 61 55 57 60 62 57 56 55 55 53 55 52 57 49 54 53 55 51 55 53 53 56 53 54 57 53 51 54 54 56 51 53 56 53 53 52 52 54 53 53 53 53
88 89 88 87 86 86 83 84 82 81 82 79 80 79 79 78 78 76 74 74 72 70 71 69 69 68 70 70 68 66 66 65 68 68 66 65 63 56 57 55 53 60 59 57 57 57 57 57 61 61 61 65 57 59 58 61 55 57 60 56 57 56 57 50 55 52 58 53 54 50 53 50 53 56 53 56 57 52 54 51 56 55 55 55 55 56 55 57 57 57 56 56 56 53 53 57
89 90 91 88 85 85 85 84 82 82 82 81 81 80 78 78 78 77 74 73 72 71 70 71 71 72 73 73 73 69 73 68 68 68 66 66 66 66 59 54 52 60 57 55 57 57 58 59 62 62 61 65 65 57 59 58 61 56 59 62 56 54 54 50 50 52 58 53 49 49 52 52 50 52 56 51 51 54 53 56 54 52 52 54 54 54 53 55 55 53 56 56 53 53 55 57
89 89 90 87 87 87 85 86 82 82 83 80 80 80 79 78 77 78 74 72 71 70 72 70 72 75 73 74 74 73 70 70 69 69 66 71 69 72 62 56 54 62 59 57 57 58 59 59 62 62 62 62 62 55 58 58 58 61 57 59 55 61 58 54 50 51 54 50 51 55 50 54 55 51 52 54 54 54 52 53 53 57 57 57 57 53 53 53 55 55 56 56 53 53 55 57
