data/bioclim/bclim11.asc
NCOLS 300 
NROWS 196 
XLLCORNER -121.25 
YLLCORNER 31.1666666666667 
CELLSIZE 0.0416666666666667 
NODATA_value -32768 
[rows 50 to 99 of 196, columns 96 to 191 of 300]
23 30 33 38 39 39 38 33 34 31 27 22 15 20 22 19 15 11 9 7 3 0 -3 -3 -2 2 13 11 23 26 33 36 37 33 36 36 34 30 24 20 18 33 38 41 39 31 25 26 28 30 40 46 45 38 33 20 17 18 15 23 32 37 36 25 30 36 45 38 31 22 22 27 29 30 29 37 38 38 41 34 28 30 36 35 26 23 35 28 23 27 30 36 44 46 47 48
28 34 37 36 40 40 39 39 39 39 36 32 24 26 28 27 24 19 17 16 13 6 5 10 0 9 26 32 37 38 32 31 36 25 32 36 34 32 26 24 20 33 40 43 42 32 33 34 34 35 38 44 47 46 38 15 19 23 23 35 42 43 32 34 38 42 49 43 35 31 34 36 35 34 36 40 42 45 41 31 13 15 34 43 45 41 44 40 40 44 43 47 51 52 50 48
26 37 32 27 37 40 41 40 41 42 41 37 32 31 32 33 29 23 20 21 22 21 22 19 11 11 29 39 42 39 31 23 31 32 30 35 33 32 30 27 16 26 38 44 43 38 39 33 36 38 39 40 37 51 46 23 22 28 33 44 47 38 39 41 45 47 54 48 42 43 43 42 40 37 38 42 47 50 42 30 7 10 33 41 46 50 52 48 48 52 51 54 54 52 50 43
35 32 19 19 32 38 40 41 42 40 40 42 39 39 38 34 29 19 10 14 24 26 29 24 18 23 35 42 44 42 35 29 32 37 36 35 31 29 23 13 14 18 29 43 43 44 46 38 40 40 28 39 44 53 53 31 37 38 47 51 42 31 44 44 51 52 54 48 45 49 49 47 43 42 40 46 51 53 46 35 20 23 23 34 44 49 54 55 55 57 56 54 52 52 47 39
29 16 7 18 27 33 38 40 42 42 40 43 43 45 40 34 28 20 10 10 21 29 33 30 25 31 38 44 46 46 41 35 35 38 37 33 25 22 23 15 17 32 33 39 42 41 50 50 51 45 22 34 48 55 56 46 45 49 52 43 41 47 50 53 57 54 46 40 40 48 52 48 47 48 48 52 55 57 52 47 42 32 15 31 45 53 55 58 58 58 56 50 45 49 47 28
22 3 -3 9 20 30 35 39 41 41 37 44 48 45 40 37 35 30 19 16 22 30 36 32 19 28 38 45 48 49 45 41 37 37 34 32 26 25 29 28 24 40 46 36 39 45 53 54 54 51 25 24 49 58 60 57 56 54 39 40 50 55 59 60 52 41 28 24 33 40 53 55 54 54 55 56 59 61 60 57 53 41 31 34 43 55 60 59 57 58 57 55 54 53 52 37
16 2 -8 5 18 27 32 36 40 36 33 43 50 48 44 40 32 33 32 29 26 35 24 24 20 34 35 45 50 51 48 46 41 40 31 27 31 38 44 37 29 42 51 48 35 48 55 55 55 53 26 18 49 60 63 61 60 51 35 45 55 60 65 59 46 23 12 19 39 46 52 58 60 61 60 61 63 64 65 64 64 53 51 53 55 54 57 58 58 58 57 56 54 56 47 40
37 12 -1 -2 7 20 27 29 36 32 41 48 54 51 45 45 39 29 23 26 39 37 17 17 17 35 43 37 46 52 49 44 50 44 34 29 35 45 53 49 29 42 53 53 41 37 53 54 55 53 34 19 47 58 63 64 63 51 44 50 58 66 69 61 49 31 15 16 33 47 46 59 64 65 66 65 66 65 68 68 70 59 61 54 41 48 53 52 56 53 51 49 50 49 37 38
64 38 18 16 10 17 34 40 44 47 52 56 50 41 42 51 49 41 32 42 48 39 33 36 29 37 44 46 53 57 51 53 57 50 29 27 34 45 56 55 32 44 52 54 46 37 40 38 44 51 38 16 45 56 63 67 66 50 50 52 58 70 70 63 56 47 37 34 44 50 48 62 67 69 70 68 69 69 70 72 71 52 44 33 30 46 38 37 48 39 43 45 41 38 33 36
94 76 49 39 36 18 34 45 50 55 59 61 49 32 41 55 55 50 41 50 56 50 46 49 45 37 39 49 58 61 63 64 63 57 43 40 31 37 57 58 30 43 53 55 45 29 29 31 36 44 35 11 40 53 63 68 69 59 54 57 62 71 73 67 64 58 46 44 56 60 62 66 71 73 71 73 73 73 74 73 62 33 31 19 15 33 37 30 37 27 33 41 43 46 30 33
103 99 78 47 33 33 29 41 51 57 61 63 63 56 44 60 60 57 49 53 60 60 59 57 54 48 45 51 56 63 66 67 65 58 53 45 32 38 59 62 36 44 53 56 50 36 37 23 30 35 25 8 38 53 62 68 71 67 66 63 67 73 77 73 69 66 62 66 67 67 69 71 73 77 74 78 78 78 75 67 50 14 21 6 12 32 26 16 27 20 30 41 43 46 38 30
106 107 105 78 65 46 44 44 46 55 61 65 67 67 62 65 65 63 58 59 64 64 62 61 55 39 40 48 57 65 67 65 58 47 45 45 41 51 63 62 52 46 52 55 50 45 44 32 26 24 14 14 39 51 61 69 71 73 73 71 73 76 79 78 74 72 70 74 75 74 75 75 78 81 81 80 77 76 73 59 27 7 3 21 17 30 26 21 30 30 34 39 43 46 45 29
108 109 109 103 91 73 71 61 45 48 56 63 68 69 70 69 68 67 67 67 67 66 59 55 55 50 56 57 62 63 63 60 53 46 47 41 51 62 64 64 39 47 56 54 48 40 43 34 18 8 2 19 38 49 60 69 65 68 73 73 79 80 80 82 79 76 76 78 77 79 80 81 84 80 76 73 70 70 66 49 29 23 31 37 33 31 29 32 33 30 33 36 42 45 46 36
108 110 110 111 104 95 91 85 57 39 49 62 69 71 72 73 72 70 71 71 70 69 66 65 64 62 61 61 60 54 53 49 42 44 49 53 60 64 65 60 42 56 59 52 41 40 42 28 4 -18 -1 18 32 44 58 69 59 57 66 71 77 82 82 84 83 81 80 80 80 81 85 86 78 70 66 60 56 59 44 41 39 36 41 42 43 33 32 32 33 31 33 33 39 43 44 43
106 110 112 112 111 107 103 103 93 71 57 60 68 71 70 74 74 74 73 72 72 70 68 66 63 57 56 64 66 65 57 40 40 42 49 58 62 65 64 59 53 61 62 58 40 41 34 17 -9 -19 -2 12 29 48 61 64 56 57 67 73 80 83 85 85 85 85 86 83 82 83 88 82 73 62 50 29 25 34 39 49 44 43 38 48 43 38 33 31 31 31 32 34 36 40 42 43
107 110 110 111 112 114 115 113 107 96 79 65 65 69 70 75 75 75 74 74 74 72 71 72 70 63 60 64 68 68 62 58 59 58 56 58 64 65 64 61 62 64 63 58 47 43 29 2 -12 -3 6 12 25 47 62 66 58 62 73 78 81 84 84 81 82 86 90 87 84 86 89 81 72 63 36 11 20 43 50 55 48 45 47 46 39 38 31 30 29 30 32 34 35 37 41 38
99 98 81 69 93 111 118 118 116 109 94 71 53 54 63 76 76 76 76 76 75 75 74 75 75 73 72 71 67 59 54 56 59 60 62 62 61 61 61 62 64 64 63 58 54 45 25 -7 -3 16 18 18 22 36 62 70 66 71 75 79 82 84 83 77 81 86 90 91 87 89 87 78 78 70 50 35 27 52 53 56 58 55 54 55 35 32 28 27 29 28 30 34 34 36 31 18
86 74 37 34 66 101 119 119 120 111 92 67 55 44 46 73 77 77 77 77 77 76 76 76 76 76 74 72 61 46 38 44 48 51 54 54 51 50 54 57 61 63 63 62 59 52 35 5 14 28 26 19 24 47 65 69 75 78 79 81 83 84 82 76 83 87 90 92 91 91 88 86 80 75 68 57 43 55 60 62 63 63 62 55 50 40 30 25 27 27 30 33 34 37 21 17
70 61 35 30 57 86 113 119 121 115 97 71 55 43 38 58 78 78 78 78 79 78 77 77 77 76 75 71 60 40 16 27 32 37 39 42 40 42 43 45 51 56 60 64 64 60 47 27 36 37 26 19 38 56 66 72 80 81 81 82 83 83 80 77 84 87 90 92 94 94 92 89 82 78 75 69 55 64 66 68 68 69 67 49 29 30 30 24 25 27 30 30 34 36 23 17
46 46 29 30 64 92 107 117 120 116 105 91 71 53 53 49 73 78 79 79 79 79 76 74 74 74 72 66 61 49 26 7 6 17 9 26 28 29 31 27 38 47 54 62 66 65 59 53 48 40 35 32 46 57 67 75 81 80 79 80 81 80 77 74 81 86 88 92 93 94 93 89 84 82 79 75 75 73 72 74 74 73 65 47 25 21 22 25 23 25 27 30 34 35 29 17
14 29 35 30 52 77 102 119 121 119 100 94 86 73 56 40 56 70 76 80 80 80 79 76 68 68 67 58 64 60 47 24 1 6 2 -3 10 12 15 19 29 37 49 59 66 67 65 62 53 33 38 51 49 56 69 77 80 78 77 79 78 74 63 66 73 79 82 93 95 96 94 85 77 73 71 77 80 80 76 79 77 72 61 45 27 15 19 23 23 16 19 30 32 33 30 14
15 17 32 29 28 51 87 113 121 120 108 79 78 77 66 63 57 63 68 80 81 81 79 77 74 67 66 62 63 65 57 43 17 4 11 -7 -19 -12 -3 7 12 28 40 54 61 65 69 71 70 67 65 65 66 66 70 75 76 73 75 75 69 69 72 80 83 78 88 95 97 95 90 74 69 56 67 73 77 82 85 83 79 73 55 45 36 18 21 24 28 29 31 33 32 33 34 20
27 33 30 16 35 52 84 106 119 121 117 90 54 67 57 63 70 73 76 81 81 80 76 72 72 69 66 59 66 68 64 56 35 15 19 0 -19 -22 -26 -7 0 22 41 51 56 63 69 73 75 75 76 76 76 76 77 77 76 74 73 70 60 62 77 84 87 89 94 96 97 94 86 73 67 56 62 65 78 86 88 83 79 74 50 48 44 31 25 26 25 29 30 31 37 34 37 41
49 43 32 7 4 30 74 104 118 121 121 106 53 59 59 57 69 74 78 81 82 82 76 61 64 72 66 68 69 68 65 59 50 38 27 7 -16 -36 -13 -2 16 30 39 44 45 62 70 74 76 77 78 79 80 81 81 81 81 79 79 76 69 68 80 87 90 91 91 89 97 95 84 73 64 55 48 57 79 91 89 86 83 73 53 46 38 27 28 26 25 27 26 28 32 38 43 42
63 34 22 2 0 31 69 99 115 121 121 110 49 50 58 55 62 67 73 78 81 80 76 64 60 71 69 69 69 68 65 61 54 39 31 21 -1 -19 -23 -7 13 25 24 27 42 58 72 75 77 78 79 80 80 82 79 82 85 86 85 82 84 84 87 85 87 82 85 94 99 94 85 75 62 50 53 67 82 93 90 85 83 71 53 49 29 21 24 25 25 22 23 38 38 32 51 41
80 52 19 -11 6 44 67 98 115 121 121 114 64 46 44 53 57 57 68 74 79 80 80 69 56 65 71 70 69 68 66 64 62 51 44 34 18 19 0 11 8 15 26 36 51 63 70 75 78 79 80 81 82 81 78 86 89 91 89 89 91 91 85 87 89 89 94 98 99 94 85 72 64 54 71 82 90 92 91 87 80 58 41 33 30 20 24 24 19 20 22 40 59 55 59 51
95 66 19 -6 -2 35 62 94 111 120 121 116 90 59 34 43 54 51 57 68 72 75 83 75 61 60 67 71 70 68 67 67 65 60 55 46 43 31 22 16 22 23 46 54 60 65 71 75 78 80 81 82 84 84 82 87 92 94 95 94 96 96 97 95 90 99 99 99 99 99 90 66 64 72 83 96 91 88 96 90 67 53 47 30 23 22 23 24 21 19 16 23 52 63 59 54
97 69 33 7 0 35 63 89 105 118 120 120 103 55 36 38 53 54 57 63 56 71 83 79 65 68 53 65 70 70 68 67 65 63 60 57 54 43 30 32 31 19 45 55 52 67 73 77 79 81 82 84 86 87 89 90 91 94 97 98 98 98 88 87 85 98 100 99 99 99 99 92 85 87 94 97 83 91 93 87 62 46 48 43 32 28 26 25 22 19 20 18 38 58 63 68
97 80 42 14 -1 34 56 80 103 116 120 119 107 69 54 46 58 64 68 64 61 70 84 77 62 75 68 54 65 71 70 69 67 65 63 62 60 55 46 44 37 29 37 59 57 67 72 77 79 82 83 84 86 89 90 88 84 87 97 98 98 87 76 76 85 95 99 100 97 98 100 99 95 84 94 94 77 83 76 58 55 53 51 48 50 44 36 31 39 25 28 23 35 60 58 51
96 73 35 19 12 28 49 71 97 114 119 120 87 46 52 51 57 65 71 71 66 71 84 86 72 79 76 57 48 69 72 71 69 67 66 65 62 58 54 50 42 34 33 56 62 68 72 76 80 82 84 84 85 84 87 87 82 79 93 97 98 91 74 64 85 93 98 98 96 97 97 98 98 91 97 87 75 79 61 46 48 51 51 52 49 54 48 34 50 40 32 32 57 73 59 29
98 75 34 21 34 50 58 67 86 104 113 119 116 87 63 58 64 60 65 73 76 78 81 89 83 77 78 65 45 64 71 72 71 70 69 67 65 61 58 52 33 20 26 47 58 66 69 75 78 82 83 81 77 75 82 84 84 84 88 91 100 93 81 65 82 93 97 93 92 92 91 92 86 88 90 75 72 72 47 40 44 45 46 70 63 52 41 52 57 46 29 30 56 69 78 43
98 85 42 40 57 62 73 77 86 98 109 116 119 114 92 85 84 81 73 66 75 84 83 92 91 84 82 73 54 65 69 70 71 71 70 68 67 65 62 55 44 25 23 45 54 63 64 68 73 78 80 78 66 75 85 87 92 91 90 90 99 96 91 75 85 94 95 88 87 86 84 83 76 85 81 65 67 64 40 38 40 42 58 66 69 52 48 58 49 28 22 37 40 59 71 58
93 93 56 44 55 53 66 66 77 88 100 108 111 116 115 106 96 87 78 66 68 85 90 93 94 91 86 79 67 72 70 66 68 70 70 71 70 70 63 55 48 33 43 52 45 56 62 68 73 73 72 74 62 77 90 94 94 93 92 89 94 102 100 85 88 93 92 87 82 78 75 73 76 83 73 61 62 58 43 44 37 40 42 46 56 51 52 55 49 53 42 26 38 61 75 55
69 94 80 65 57 59 67 66 80 94 97 92 84 99 110 116 114 94 79 70 64 83 92 93 94 92 86 71 71 76 71 64 61 62 62 69 74 74 73 67 58 44 51 58 50 56 66 72 71 70 72 68 71 88 94 94 93 91 89 84 99 104 103 95 90 93 90 85 78 70 63 65 69 79 76 64 54 42 47 40 37 39 42 55 47 50 53 54 57 53 44 25 49 63 76 50
59 78 91 69 63 70 78 82 89 89 83 69 71 81 95 111 118 112 95 88 72 83 85 85 93 91 85 78 78 76 67 47 51 54 59 64 74 76 77 75 68 57 49 60 67 69 74 77 77 75 71 70 85 93 95 93 88 86 86 84 98 100 96 94 89 91 90 84 77 69 60 54 61 73 78 71 50 35 31 34 39 40 41 42 45 59 71 50 60 53 48 44 55 69 75 42
73 60 84 80 80 82 86 88 84 77 77 69 75 86 88 101 115 117 110 103 98 93 92 91 94 93 82 76 78 72 52 36 41 53 62 68 73 77 78 78 76 67 52 58 73 76 75 77 78 72 73 83 91 94 94 89 81 78 82 93 101 103 94 90 84 87 90 85 78 70 61 54 60 70 76 76 69 57 47 34 37 40 40 44 55 55 70 46 48 68 70 68 68 80 54 41
80 54 74 88 82 82 83 80 66 74 80 80 85 91 86 93 110 116 115 113 107 97 102 102 102 98 91 84 82 76 58 36 30 49 62 63 62 69 77 80 80 72 52 61 75 79 77 74 75 70 71 84 87 90 91 86 72 70 79 95 105 108 98 88 80 84 88 86 81 72 65 58 63 70 75 78 78 74 69 55 47 41 41 47 43 44 54 58 51 49 48 59 62 64 59 51
85 68 69 86 77 60 71 73 69 76 78 82 87 82 78 91 109 115 115 116 113 110 111 109 106 103 99 94 88 81 76 59 60 63 66 62 58 57 66 79 80 79 64 57 78 82 78 69 67 58 60 75 80 85 88 81 64 64 81 95 105 110 101 94 87 82 87 86 81 71 66 60 65 72 74 79 80 78 76 72 63 43 37 39 41 46 58 49 46 47 47 51 57 45 42 41
76 57 58 77 85 74 62 60 55 64 72 74 77 80 84 96 105 107 107 111 114 113 112 109 109 107 104 96 95 89 84 79 76 75 70 69 67 61 53 69 72 71 64 66 79 83 78 60 56 42 51 66 68 77 83 81 74 66 78 92 104 111 106 99 88 78 83 86 83 74 66 67 69 66 70 79 79 79 78 75 63 43 33 36 42 48 43 42 44 44 43 57 49 39 34 32
60 56 67 79 84 79 72 64 59 62 63 74 81 88 87 85 89 92 94 96 101 101 104 106 110 108 105 101 97 91 86 79 72 73 71 71 72 68 62 55 49 57 71 80 83 80 73 53 51 33 40 58 60 67 77 80 78 70 73 95 103 110 110 101 89 69 72 82 84 80 75 71 59 54 68 78 79 78 77 76 72 62 42 38 41 38 38 41 43 43 49 54 44 33 31 29
78 76 80 85 86 85 81 77 69 68 70 77 84 86 86 82 76 73 76 74 64 70 80 96 105 110 107 102 96 90 83 76 68 70 67 70 72 69 56 44 39 61 75 82 85 82 75 63 55 35 42 54 57 62 70 76 77 74 80 95 104 111 110 101 86 63 67 79 83 81 77 72 59 48 66 77 79 78 77 76 75 71 59 51 37 31 33 38 42 46 48 45 37 33 33 30
83 83 82 81 79 79 79 69 55 59 62 65 67 76 75 67 61 62 61 56 48 44 45 75 99 109 109 99 89 81 78 73 68 66 69 71 72 68 52 28 34 58 73 82 85 85 82 72 63 45 47 56 62 66 69 72 73 75 89 96 106 112 111 104 93 74 71 78 81 81 77 72 57 36 60 73 77 78 77 76 74 73 70 64 42 30 36 45 47 46 43 40 36 35 33 30
77 73 79 77 70 72 74 72 66 63 68 72 66 62 62 64 63 64 69 64 62 56 49 65 93 107 109 104 96 84 74 67 63 60 64 69 70 68 60 52 46 49 64 77 85 87 85 80 73 61 53 52 64 70 73 74 73 80 91 100 107 113 113 108 98 79 73 77 80 80 76 68 55 41 54 66 73 76 77 76 74 72 71 66 47 42 47 50 50 48 43 34 34 33 32 29
71 65 64 65 62 69 70 72 69 70 71 73 73 73 69 55 60 66 71 72 74 72 73 81 95 109 109 104 95 88 77 65 66 62 60 65 68 68 65 60 43 43 49 67 84 87 86 82 74 64 54 54 65 73 77 78 78 79 91 100 108 113 115 112 104 88 74 75 79 78 76 69 61 51 41 47 64 72 74 73 74 72 68 67 57 47 52 51 48 46 44 38 32 30 30 29
57 63 67 62 55 63 66 71 73 69 69 70 72 74 74 71 73 74 77 77 78 83 85 93 103 109 108 106 97 86 77 74 77 70 63 63 66 66 65 62 53 45 51 73 83 86 84 80 70 61 53 59 67 74 79 83 84 85 89 95 104 110 114 114 107 98 87 76 75 74 75 73 69 63 42 49 60 68 72 70 73 70 59 61 62 50 53 46 44 42 41 35 28 27 27 28
59 62 70 72 70 69 66 69 75 72 61 60 71 75 80 83 85 87 88 88 89 90 90 95 107 110 109 109 106 98 91 88 83 76 69 61 64 63 62 59 54 46 63 77 83 83 79 72 60 53 55 61 66 77 83 87 88 89 88 89 97 105 111 115 110 103 93 78 70 67 70 73 74 70 58 47 63 68 71 74 73 68 56 49 59 61 54 43 39 37 33 26 27 29 29 31
64 61 71 74 75 74 72 72 74 67 71 71 76 77 83 85 80 79 86 90 90 94 94 97 97 103 104 110 109 105 100 96 91 82 71 62 63 62 58 51 49 52 69 76 78 76 71 64 57 58 59 59 64 75 86 90 91 91 87 81 85 95 101 115 112 104 94 81 66 72 77 78 77 75 63 53 66 70 72 73 71 66 57 42 53 58 57 45 34 29 32 32 32 32 30 32
68 63 73 75 75 76 75 74 70 67 66 75 78 83 86 83 74 90 98 99 96 96 95 93 84 84 96 108 111 108 105 101 96 88 79 69 67 65 57 48 50 60 69 70 65 53 40 50 58 63 65 66 69 74 88 94 94 91 85 75 71 85 98 113 113 106 96 81 64 77 82 82 81 78 70 56 65 72 73 72 70 66 59 46 53 57 59 54 48 32 35 36 33 30 29 30
73 73 75 76 76 76 73 72 70 63 64 70 76 84 88 88 90 98 101 102 102 92 91 88 84 96 99 110 112 110 107 103 99 92 83 76 71 63 61 59 61 67 68 60 50 45 42 53 62 67 70 72 74 70 90 96 97 93 86 76 78 91 102 113 115 108 98 85 72 79 84 84 84 82 76 65 69 73 72 70 66 64 61 53 57 57 61 59 51 36 42 41 37 35 32 31
75 73 72 75 71 74 70 67 73 72 70 78 77 81 89 91 93 97 99 101 106 106 97 85 89 103 106 112 113 111 109 106 98 92 86 80 74 66 68 73 76 77 72 57 47 51 55 59 65 70 73 76 77 74 90 98 99 95 90 86 89 97 106 114 117 110 101 92 78 78 85 87 87 86 82 71 74 72 67 61 58 58 58 59 61 62 63 62 50 43 45 44 39 39 36 29
