data/bioclim/bclim9.asc
NCOLS 300 
NROWS 196 
XLLCORNER -121.25 
YLLCORNER 31.1666666666667 
CELLSIZE 0.0416666666666667 
NODATA_value -32768 
[rows 82 to 122 of 196, columns 186 to 278 of 300]
163 141 157 192 214 184 129 122 120 117 121 125 128 133 134 135 137 138 139 138 138 139 141 143 143 142 139 138 134 132 125 119 116 114 111 105 103 102 103 109 112 111 110 115 118 125 151 177 181 185 188 187 183 184 177 163 162 158 153 154 153 152 148 154 159 157 151 144 147 155 152 146 145 146 148 145 146 147 143 140 135 131 129 129 126 122 121 124 138 143 145 147 145
166 139 174 195 215 175 123 125 110 119 121 123 126 133 134 136 137 139 139 139 139 140 142 143 141 142 142 137 136 134 130 124 121 120 118 113 110 109 110 109 110 111 115 122 127 126 149 176 179 183 187 189 183 183 182 171 161 160 160 158 155 155 159 161 158 153 151 154 156 157 150 144 149 151 151 151 151 142 140 138 134 131 130 130 126 123 130 125 134 142 144 144 143
171 166 182 202 212 164 130 132 117 126 128 122 125 132 133 136 139 140 141 139 140 140 142 142 142 144 143 135 134 135 133 129 127 123 124 121 118 116 116 114 114 116 120 125 131 145 169 176 179 182 185 189 188 180 182 179 174 162 161 160 157 160 163 161 154 149 154 157 159 157 149 146 151 155 154 152 148 143 139 136 134 134 134 132 130 127 134 136 137 138 141 142 140
203 201 201 219 181 162 152 135 122 131 134 124 125 130 133 135 137 140 141 141 140 140 141 142 143 144 142 134 134 136 134 132 129 129 128 126 122 119 117 117 119 121 123 126 135 155 167 172 176 181 185 186 189 186 183 181 177 170 162 160 160 164 162 158 152 154 156 160 160 157 154 155 157 157 153 147 141 136 135 135 138 139 134 133 135 134 138 138 133 134 136 137 138
170 187 191 194 188 176 162 136 123 132 138 129 125 130 134 133 127 136 140 142 141 141 142 142 142 143 142 137 136 137 136 135 133 130 127 125 122 122 120 119 122 124 127 134 143 160 165 170 170 171 182 186 189 187 183 182 181 175 167 161 161 165 160 157 154 158 160 162 159 156 158 159 159 156 151 146 142 140 142 142 139 133 133 134 137 135 140 139 134 136 135 134 138
169 174 183 166 162 162 148 133 125 130 140 133 121 127 129 130 127 126 130 138 139 136 143 143 143 142 142 140 138 137 137 136 134 133 130 126 122 123 121 121 123 126 133 142 151 158 163 166 168 169 172 177 188 186 181 180 180 177 173 167 165 169 163 159 157 160 163 159 157 159 161 161 159 155 151 150 149 148 144 141 136 133 134 138 137 137 142 140 138 139 137 140 141
162 183 170 157 151 148 147 141 133 133 142 129 121 124 128 129 129 125 123 132 132 138 141 142 142 141 140 140 138 138 137 136 134 133 131 127 123 121 121 122 124 124 136 144 148 152 158 162 166 170 172 180 188 186 182 176 178 176 171 169 170 168 166 163 163 164 164 158 160 163 162 158 156 155 154 153 151 150 148 144 141 136 140 143 142 141 144 142 139 141 142 145 140
170 177 163 149 147 144 141 142 143 145 143 123 123 127 130 128 126 123 124 130 131 133 140 142 141 140 139 138 137 136 135 134 133 132 131 129 124 122 123 122 123 130 137 139 140 145 152 159 165 168 170 180 188 186 185 176 174 175 175 174 173 171 168 165 166 167 163 163 164 162 160 156 158 157 156 154 151 150 150 147 146 146 145 146 147 147 148 145 144 144 146 143 140
167 164 153 149 149 146 144 144 146 147 140 119 126 129 133 129 125 120 125 131 133 134 138 141 138 138 138 136 136 136 134 133 131 131 128 126 119 117 116 119 122 128 131 131 128 131 147 156 161 164 170 182 185 187 185 180 176 175 176 175 175 173 168 169 170 167 163 166 165 160 157 159 160 156 148 144 139 146 142 145 142 145 145 147 149 149 149 149 149 147 143 140 136
161 156 152 151 148 145 144 144 148 148 147 136 130 130 135 134 127 124 130 132 133 136 138 139 138 136 136 134 134 136 134 132 130 129 125 116 113 114 108 109 108 105 112 116 116 124 138 148 155 161 169 178 180 184 183 180 179 179 176 172 173 173 172 171 170 168 169 167 162 161 163 161 159 155 150 143 136 139 136 137 141 143 145 147 150 150 151 151 148 144 143 140 138
160 148 149 147 146 142 142 141 147 148 148 147 130 130 135 136 132 121 126 127 132 135 137 137 136 137 136 133 132 133 133 132 122 124 122 112 110 109 101 99 98 97 96 104 105 121 131 138 149 154 161 168 171 180 182 182 180 179 178 175 169 171 172 171 171 170 170 168 165 164 163 159 156 152 148 144 137 137 139 136 141 148 151 146 149 153 152 152 150 147 144 143 141
160 153 145 143 144 143 142 140 144 147 148 149 141 128 134 138 132 127 124 129 134 137 136 139 141 139 138 132 131 131 131 130 123 120 114 109 108 102 88 82 87 89 84 94 105 118 125 125 138 148 156 162 164 175 178 179 178 177 178 176 170 167 170 171 171 169 168 167 166 166 163 155 150 151 144 140 143 142 142 138 140 147 151 145 146 153 154 152 152 149 148 144 141
156 149 138 137 139 141 143 144 140 142 145 147 147 127 134 140 138 131 120 129 133 136 141 144 141 137 137 133 129 130 129 125 119 113 109 103 104 100 93 74 82 82 81 79 83 98 106 102 116 134 146 155 160 170 174 177 177 178 178 177 176 171 168 168 171 169 169 168 165 165 163 159 156 153 149 148 148 145 143 145 147 149 155 150 147 152 152 155 153 151 147 146 143
144 136 137 141 141 145 143 144 143 137 138 140 144 137 143 144 141 134 128 130 135 140 144 145 141 133 133 131 126 128 125 121 120 119 111 92 91 97 93 89 86 79 71 42 50 79 103 109 109 113 132 147 157 158 165 169 171 174 177 177 176 174 173 173 172 168 167 166 164 164 163 160 158 157 153 151 145 145 143 146 149 154 157 155 154 155 155 155 153 151 151 148 146
143 143 143 144 142 145 144 144 142 131 135 138 146 146 143 145 142 136 135 135 140 145 146 147 146 133 133 132 126 123 122 121 117 115 111 102 94 98 96 92 90 83 76 56 54 83 109 118 114 118 134 146 151 151 155 161 165 170 172 175 176 175 174 174 175 174 172 168 163 160 161 161 160 156 152 150 144 147 152 157 158 159 158 157 157 156 155 155 155 153 152 151 152
146 148 144 141 140 141 145 144 143 136 133 140 146 143 145 145 141 134 135 138 145 149 147 147 148 143 140 132 124 116 114 118 114 110 111 109 105 102 98 98 93 89 93 90 83 83 109 120 123 128 133 140 147 152 155 161 162 165 169 172 175 175 175 174 175 174 173 169 165 163 158 159 158 157 154 149 144 149 149 160 161 158 153 153 155 155 155 158 156 156 155 154 151
154 155 149 146 143 142 145 143 140 132 134 136 143 147 145 143 144 132 134 143 148 151 151 151 151 148 142 134 124 119 109 106 108 110 113 111 113 110 101 103 102 94 91 95 102 96 113 117 126 131 131 140 143 146 155 159 161 162 166 169 172 174 174 174 173 173 173 171 171 168 166 163 155 155 153 149 149 158 158 163 163 160 157 156 159 159 160 159 159 158 156 153 151
158 157 151 151 148 139 140 145 140 134 133 131 138 146 148 148 152 147 146 148 149 152 152 152 151 150 146 135 124 121 103 101 107 111 114 115 117 115 106 104 101 97 98 102 109 112 112 117 123 129 133 138 142 147 152 155 158 160 164 166 169 172 173 173 172 173 172 172 172 171 170 167 162 156 155 156 152 163 162 164 163 160 158 161 162 160 157 158 155 156 155 155 153
157 155 145 150 150 145 143 146 144 140 135 132 134 141 143 141 145 154 155 151 148 148 147 149 150 152 149 139 129 122 119 110 107 111 119 120 119 115 107 103 100 96 100 107 107 110 109 112 119 125 130 134 139 144 149 151 153 157 159 162 166 169 171 170 172 171 172 172 171 171 169 167 160 159 160 162 166 165 164 164 161 162 163 163 161 158 157 157 157 157 155 156 154
160 152 146 151 155 151 148 147 145 140 133 132 131 137 136 133 141 152 157 153 145 141 140 144 150 153 153 146 133 124 125 119 110 111 116 120 128 123 108 102 102 98 106 112 108 110 110 106 110 116 127 131 136 140 145 148 151 155 156 158 163 166 168 167 167 169 171 170 171 169 165 162 164 163 164 166 166 163 161 160 163 165 165 162 160 159 158 159 160 158 156 157 156
157 159 153 154 154 150 145 144 144 142 135 134 129 131 131 135 140 149 154 159 156 148 135 139 145 154 157 156 148 141 138 129 122 121 125 126 134 129 109 108 104 103 116 115 107 107 109 110 110 112 117 128 132 136 140 145 149 153 154 155 158 163 164 165 167 170 169 170 170 167 164 165 166 166 167 166 162 158 157 159 165 165 163 159 157 157 160 163 158 156 159 159 159
170 170 163 160 148 147 144 140 140 141 137 131 123 125 125 133 142 147 153 158 160 157 147 139 143 152 162 164 163 160 151 142 134 128 130 140 154 133 112 116 116 119 125 113 103 100 105 108 111 110 109 115 125 132 135 138 147 150 152 153 155 159 162 165 166 166 168 169 169 168 167 167 167 167 166 165 162 161 161 164 167 164 162 160 161 162 162 161 159 161 161 160 159
168 168 162 154 142 135 140 139 134 138 136 131 122 116 124 132 141 144 150 155 159 161 160 156 150 157 163 166 170 169 166 165 158 146 153 170 158 142 127 120 128 126 132 115 113 107 102 96 105 107 108 110 113 127 132 138 143 147 150 150 153 157 159 160 162 163 164 166 168 168 168 167 167 167 168 167 166 165 166 167 166 165 164 164 165 165 164 163 163 163 162 160 158
154 162 162 149 132 128 133 137 134 134 137 128 123 126 128 136 143 145 150 153 158 161 163 163 161 160 164 167 172 175 174 174 171 171 174 174 154 171 150 154 167 146 139 129 123 112 107 97 107 108 107 109 113 120 132 136 140 145 147 148 150 154 156 157 158 160 161 162 163 164 166 168 167 167 168 167 168 167 165 167 164 166 166 166 165 164 163 163 163 161 160 158 155
149 158 161 154 150 144 138 133 136 140 139 128 121 127 136 139 140 145 150 154 158 161 162 165 166 164 166 171 173 175 179 181 179 177 177 159 177 178 175 176 171 164 162 131 126 119 111 102 102 104 103 109 112 116 128 134 138 142 144 145 141 146 152 154 155 157 158 159 159 160 162 164 164 165 165 165 166 166 167 167 167 167 166 164 162 161 158 158 160 160 158 155 153
148 153 163 166 160 152 141 142 151 146 139 129 126 124 131 138 144 146 149 153 158 158 153 159 165 166 165 165 167 169 173 176 175 180 188 184 181 184 183 182 180 181 158 138 130 126 117 107 103 102 100 105 111 115 121 128 136 139 141 143 143 146 142 150 152 154 156 156 155 156 158 159 160 159 160 161 162 162 163 163 163 164 165 162 161 161 159 156 157 157 156 155 154
166 151 164 170 164 160 160 165 155 141 136 134 131 128 132 136 143 149 152 155 158 156 151 154 162 164 162 161 160 162 167 168 167 177 189 189 184 188 189 188 186 181 163 162 142 130 121 110 102 102 94 107 114 116 120 124 130 135 137 140 142 144 134 146 148 150 151 153 153 152 153 154 153 153 155 157 157 157 158 158 159 161 164 163 161 160 158 158 156 156 156 157 156
176 155 157 165 171 173 173 166 157 147 138 135 133 134 140 134 136 142 152 155 157 156 152 155 160 162 162 162 162 156 157 142 145 178 190 194 191 192 192 178 175 186 177 165 154 141 130 119 105 104 99 104 112 116 122 122 125 131 134 136 137 140 139 142 145 146 148 149 149 149 149 149 149 148 151 151 153 154 155 155 158 160 161 162 160 161 161 160 159 158 158 156 155
191 174 165 164 169 176 174 160 155 146 141 139 139 147 150 141 140 143 149 154 155 154 150 154 157 159 161 163 163 161 154 126 125 157 185 195 197 195 196 189 189 188 174 168 156 140 131 125 117 110 106 112 114 115 121 122 125 129 131 133 134 135 135 138 141 142 142 144 145 146 146 144 144 145 147 146 148 150 152 154 155 157 159 161 161 161 161 161 160 158 154 155 157
186 183 175 172 173 183 173 169 162 150 145 142 147 153 153 146 147 146 145 151 153 149 150 153 155 157 160 162 163 161 157 135 114 129 176 191 196 197 195 193 195 193 189 174 162 147 137 129 123 117 115 118 116 114 119 122 124 125 127 130 131 131 133 132 137 137 138 139 141 143 143 143 140 140 142 143 144 146 149 151 151 153 157 159 157 159 159 160 158 156 156 157 157
192 182 179 177 191 189 177 180 167 161 159 156 164 173 169 161 153 150 149 149 151 145 133 148 152 156 158 160 163 163 160 144 128 137 161 185 193 197 196 194 197 194 192 175 158 145 133 131 125 116 116 119 116 120 121 122 122 122 124 127 127 126 128 130 133 134 134 136 137 139 141 142 142 141 142 142 141 143 145 147 149 151 154 155 154 156 157 158 159 158 158 157 158
203 198 194 199 203 193 188 179 173 173 169 167 180 182 169 159 157 155 152 154 153 144 135 143 149 154 153 157 161 165 165 156 144 152 156 169 188 193 198 198 194 191 188 172 150 145 139 138 132 120 121 121 116 114 115 118 120 122 123 123 124 124 124 126 129 130 131 132 132 134 137 139 140 141 143 143 142 143 143 145 147 149 152 151 150 152 154 154 156 156 156 153 156
209 209 207 205 198 179 181 182 182 182 191 186 182 180 163 157 150 149 157 159 154 141 135 142 148 150 149 154 160 167 168 164 165 162 163 164 171 179 195 199 194 192 189 171 151 154 143 140 132 125 123 118 117 114 112 114 119 116 116 118 119 120 122 123 126 125 127 127 128 131 132 135 137 138 140 141 139 141 142 143 145 147 149 148 147 149 150 150 151 152 153 152 151
207 212 204 199 193 183 188 187 190 192 197 195 191 180 171 162 158 146 151 163 157 139 130 135 145 138 144 140 152 165 171 165 171 175 175 175 173 171 181 199 200 197 191 174 165 144 137 133 123 122 119 116 114 114 115 115 115 114 112 114 115 115 118 119 123 121 123 124 125 127 130 131 134 135 137 138 137 138 142 142 145 148 148 146 145 147 144 146 148 149 150 150 148
195 204 203 196 191 194 198 194 188 196 204 195 180 172 177 174 169 164 157 166 160 150 138 133 140 131 127 134 149 164 169 168 173 178 180 175 172 164 153 182 200 198 189 172 148 142 143 140 123 117 112 110 111 110 111 109 109 111 108 110 111 112 114 117 119 118 119 120 124 125 127 128 130 131 134 135 137 138 140 142 144 146 147 145 142 143 142 139 143 145 144 146 143
194 189 186 190 194 200 203 195 202 206 192 185 174 170 173 171 169 173 168 169 164 158 146 149 135 125 118 129 149 164 170 177 180 181 183 179 176 167 154 168 191 198 179 176 159 153 161 141 123 121 114 113 112 120 109 104 105 108 106 107 107 109 111 115 115 116 116 119 121 124 124 126 127 129 131 133 134 137 139 140 142 144 146 144 142 140 138 134 135 140 137 136 137
208 199 192 191 191 198 207 213 207 204 187 183 174 175 172 168 165 168 171 171 167 163 162 158 142 124 125 131 144 163 173 175 183 185 185 181 179 173 167 160 173 197 183 179 182 163 148 140 137 137 125 146 142 145 132 119 107 110 102 103 103 105 108 112 110 111 113 117 119 122 122 123 125 126 127 129 132 133 135 136 140 141 142 142 139 138 137 135 130 129 131 133 133
219 211 206 210 207 210 213 215 212 201 194 186 180 181 175 164 156 157 165 170 169 167 171 163 159 146 141 149 158 167 173 179 183 188 187 183 180 177 169 154 142 178 197 194 181 162 147 141 144 151 147 152 147 149 145 139 132 137 121 111 105 104 107 106 107 109 111 115 118 119 119 121 121 122 123 127 130 129 131 133 136 139 137 137 138 136 134 134 131 127 132 132 132
231 228 227 227 223 217 201 194 207 201 193 183 178 183 181 169 151 159 164 165 164 169 177 171 172 160 146 155 165 176 186 183 184 188 190 183 179 174 166 155 143 161 193 202 189 167 158 161 160 157 156 162 160 153 145 138 137 141 139 133 125 113 108 106 108 108 108 111 111 114 116 116 117 117 119 123 124 125 129 129 133 136 133 132 133 133 133 130 126 124 128 128 127
232 230 226 221 215 210 207 199 198 199 194 188 187 187 185 171 156 160 165 161 160 170 180 181 178 166 153 146 156 176 192 196 194 191 193 189 181 178 167 157 160 169 180 204 196 192 180 176 179 175 167 158 155 158 156 150 143 144 143 131 128 128 123 109 119 117 114 111 110 114 117 118 121 122 120 120 119 121 125 125 130 132 131 131 130 129 127 125 124 123 122 123 123
231 228 224 218 215 212 209 202 201 199 196 192 184 179 179 184 171 158 159 149 157 173 184 184 176 162 140 128 149 172 189 199 206 196 191 187 184 174 168 180 191 188 191 209 185 170 177 189 188 184 169 159 157 160 162 153 156 159 156 144 139 132 126 119 118 125 124 114 113 119 125 126 126 128 125 123 120 120 123 125 125 126 127 129 125 123 122 119 117 114 115 117 114
