data/bioclim/bclim8.asc
NCOLS 300 
NROWS 196 
XLLCORNER -121.25 
YLLCORNER 31.1666666666667 
CELLSIZE 0.0416666666666667 
NODATA_value -32768 
[rows 129 to 171 of 196, columns 96 to 191 of 300]
115 113 114 112 110 106 105 104 104 110 112 114 120 123 112 120 126 129 128 122 115 111 109 83 84 69 70 86 88 91 103 116 295 299 292 297 307 308 310 312 315 318 318 318 319 302 314 324 328 326 322 315 308 318 317 315 320 323 324 324 322 321 319 318 325 127 126 126 125 123 319 317 317 317 316 314 313 315 313 310 308 307 306 304 301 297 286 273 281 284 287 288 288 287 286 284
116 115 114 120 117 111 106 107 103 93 105 110 107 122 129 127 133 134 134 127 124 125 118 110 103 100 83 80 90 93 96 107 122 297 299 300 302 303 301 299 299 291 304 319 323 313 316 326 330 329 326 323 316 317 319 311 310 320 322 317 316 312 308 318 123 126 326 126 124 321 319 318 317 316 315 310 311 313 313 312 311 309 307 301 296 291 278 280 289 290 291 290 289 287 284 281
117 116 116 120 121 119 110 105 89 78 73 66 37 71 69 106 130 138 138 133 134 131 131 126 118 116 99 87 79 88 88 101 99 99 112 291 294 294 296 293 286 296 314 322 325 321 308 325 329 329 327 323 313 311 323 323 320 313 319 321 318 310 310 318 124 126 326 325 122 319 318 318 317 316 314 310 311 312 313 313 312 310 307 301 282 283 290 292 293 294 293 290 287 280 266 266
117 117 118 115 111 121 120 104 100 88 75 45 29 -4 15 69 126 139 140 139 140 139 137 133 125 126 114 108 92 89 94 92 88 96 105 112 114 286 285 283 281 293 314 322 326 327 326 328 330 330 324 313 306 313 325 320 320 322 321 323 322 319 306 314 322 126 325 325 320 318 319 318 318 316 314 309 309 311 313 314 313 311 309 303 291 290 294 295 296 294 292 287 272 245 251 270
118 119 115 107 112 119 120 120 117 111 80 62 37 19 20 63 126 129 132 139 140 139 139 155 153 135 132 119 115 105 101 97 95 100 104 99 102 109 106 284 288 293 312 322 325 327 328 329 329 329 320 299 304 318 325 322 312 322 324 324 324 322 320 314 318 124 325 324 322 321 320 319 318 316 314 312 308 304 311 313 313 312 310 307 302 295 297 298 297 292 287 281 277 274 278 287
115 118 117 115 118 119 119 116 115 112 104 76 59 49 40 68 107 120 119 122 138 139 139 155 155 155 152 129 118 118 112 99 90 100 105 95 90 107 108 291 292 298 315 320 323 325 326 327 328 329 325 319 322 324 327 326 315 315 324 325 325 324 323 321 320 323 324 322 321 319 317 318 318 316 314 310 304 306 310 312 312 313 312 310 308 302 295 296 298 298 297 296 294 291 294 293
116 117 118 118 118 116 118 110 103 100 89 77 64 65 60 48 67 110 96 119 131 130 136 139 138 154 154 133 126 134 126 124 120 122 124 120 290 298 305 306 308 309 307 309 315 314 321 323 326 328 328 328 328 328 328 327 324 313 320 325 326 325 324 324 324 123 124 321 318 314 312 316 318 316 314 310 305 305 309 310 311 313 313 312 309 307 303 297 297 300 302 301 300 300 299 297
112 115 117 118 114 107 107 107 96 83 89 79 67 59 68 57 49 85 81 90 121 118 134 137 154 153 154 153 131 123 133 119 123 134 130 298 127 294 298 298 301 304 297 287 294 298 307 318 322 325 326 328 328 329 329 328 326 321 320 325 326 325 324 323 323 323 322 320 316 312 313 315 316 316 313 306 302 304 307 308 310 312 313 312 311 310 306 305 305 303 304 304 304 302 301 301
115 114 118 119 116 113 108 100 94 83 76 73 73 60 59 65 55 76 79 79 89 89 127 135 154 154 154 154 153 131 127 125 139 123 113 117 121 294 297 299 301 303 297 286 282 285 300 308 318 322 324 326 327 328 328 328 327 326 326 326 326 325 324 323 322 323 321 319 315 304 311 315 316 315 313 305 296 288 298 303 306 311 312 311 312 311 310 308 308 307 306 305 305 304 304 303
121 121 120 120 118 115 110 104 100 88 80 73 77 75 74 67 64 66 58 61 70 62 83 130 143 153 154 154 155 154 134 150 145 124 125 112 121 298 303 303 303 301 298 289 278 275 287 300 312 318 321 323 325 326 326 326 326 326 325 326 326 326 325 323 323 323 321 319 315 304 309 315 315 314 310 308 299 295 297 300 301 305 311 311 311 312 311 310 309 308 307 307 306 307 306 306
113 120 122 120 119 118 106 109 103 96 83 80 77 76 76 71 73 66 45 32 38 69 90 118 123 133 153 155 155 155 155 155 134 134 149 145 127 311 134 299 297 296 296 294 292 288 289 297 307 314 317 320 322 323 323 323 324 322 320 325 326 326 325 324 323 322 320 318 313 310 310 311 314 314 311 308 305 303 302 302 304 306 307 310 310 311 311 311 309 307 306 304 306 307 308 308
120 116 121 123 120 115 115 116 111 100 87 77 71 67 73 78 85 85 69 68 74 69 70 94 111 137 152 154 155 156 155 155 155 153 154 135 150 142 123 116 288 291 293 294 292 290 291 294 301 301 310 316 316 317 319 322 323 321 324 326 326 326 325 324 322 321 320 316 314 310 313 314 314 313 310 306 305 304 302 302 303 304 308 309 310 311 311 311 308 308 304 299 298 305 307 309
122 123 115 116 115 95 90 98 102 102 88 76 69 67 66 72 82 101 95 94 96 95 84 73 72 117 144 151 154 156 155 155 155 155 154 136 136 132 133 302 294 300 300 300 300 295 293 297 300 302 306 312 314 318 320 321 322 322 324 325 326 326 325 324 322 320 319 317 313 312 313 314 314 312 310 307 302 299 293 294 299 302 306 308 309 309 310 311 310 308 306 303 302 299 303 308
126 123 121 119 120 97 77 75 80 79 86 88 79 71 65 59 69 81 114 113 115 129 138 128 83 90 126 142 147 155 156 155 155 156 155 153 136 154 150 146 142 313 312 307 308 301 300 299 303 306 310 313 314 316 318 319 319 320 322 325 326 326 325 323 321 318 317 316 316 314 312 314 313 312 309 301 286 284 283 289 293 296 302 302 302 307 308 307 308 309 308 308 307 303 299 307
128 128 130 128 128 123 97 69 63 62 65 76 79 76 71 63 63 72 104 114 137 131 136 147 127 87 107 137 149 153 154 155 154 154 155 155 154 154 136 135 133 130 286 317 313 303 305 302 305 308 311 314 315 317 319 319 319 317 319 322 290 290 324 322 319 316 316 314 315 314 312 313 312 311 308 297 279 278 285 291 295 300 303 305 306 307 299 302 309 312 312 311 310 308 307 306
131 132 128 125 120 123 123 99 74 64 68 78 82 86 81 69 52 61 75 101 142 147 140 147 144 132 121 137 148 151 153 154 154 154 154 154 154 137 137 136 152 133 131 288 286 313 304 306 308 310 312 313 315 317 318 320 321 321 320 321 290 290 324 320 314 314 313 314 314 312 311 311 311 310 308 307 303 294 292 295 298 301 306 308 310 311 311 311 314 314 313 313 312 311 309 308
132 130 128 124 120 114 117 119 99 88 81 79 89 88 85 74 62 60 67 103 146 148 148 145 140 142 144 146 148 150 152 153 154 154 154 154 153 153 154 136 135 151 133 131 288 285 311 310 309 310 311 313 314 316 317 318 319 321 322 323 325 291 324 318 312 311 308 313 312 308 306 309 310 307 309 311 311 311 310 305 298 305 309 310 312 313 314 315 315 316 316 315 313 312 310 307
129 123 122 118 117 117 116 105 89 79 80 79 88 86 81 80 72 65 72 102 141 147 148 147 147 147 147 149 150 151 151 153 153 153 154 153 153 153 153 136 135 135 133 132 290 287 284 312 307 306 307 309 312 313 314 316 317 319 319 321 322 291 324 319 317 314 313 313 314 310 310 311 307 309 311 313 314 315 315 314 310 309 310 311 312 314 315 316 317 318 317 317 316 314 315 312
129 125 122 121 115 116 111 107 102 100 87 78 77 77 69 72 76 77 76 79 111 139 144 146 145 146 148 149 149 150 150 150 151 152 153 153 152 152 153 135 135 134 134 133 131 289 287 285 311 307 306 304 306 309 310 313 315 315 316 319 321 324 289 320 317 317 317 316 317 317 315 315 304 304 310 313 315 316 317 317 317 315 312 312 313 314 315 317 318 319 319 319 319 318 318 318
129 127 125 125 125 124 112 112 110 122 95 89 81 80 69 60 82 88 93 105 111 123 134 138 142 145 149 149 150 150 150 150 150 152 153 152 152 152 152 135 134 134 133 133 132 290 289 288 286 284 283 312 306 304 304 309 313 314 316 317 285 324 321 318 318 319 319 319 319 319 317 316 311 303 307 311 314 317 318 319 320 319 316 317 316 313 316 318 319 320 321 320 321 321 320 320
129 123 123 125 126 130 127 122 121 120 103 99 91 86 75 67 78 100 97 102 99 116 120 108 115 129 147 149 150 151 151 151 151 152 152 152 152 152 151 135 134 133 133 133 132 131 290 289 289 288 287 285 283 314 311 311 314 312 311 315 320 290 321 286 320 288 320 322 288 320 318 317 314 309 300 308 312 315 318 320 321 321 321 319 319 317 319 320 322 321 321 322 322 322 322 322
132 129 125 129 131 129 123 118 119 119 108 98 93 91 74 67 74 85 80 99 95 85 87 99 97 102 135 148 149 150 151 151 150 149 149 150 151 151 151 134 133 133 132 132 132 131 291 290 289 289 288 287 286 284 283 282 282 310 310 315 320 291 291 322 320 323 290 290 322 321 319 318 316 313 305 301 308 313 318 320 322 323 322 321 321 320 321 322 323 323 323 323 324 324 324 324
134 134 131 128 129 127 115 118 121 119 117 106 106 90 75 63 59 72 88 93 96 85 74 87 109 113 132 142 141 144 150 149 149 148 147 148 149 150 150 133 132 132 132 132 132 291 290 290 290 289 289 288 287 286 285 284 283 282 280 314 284 288 290 291 289 291 292 291 324 321 320 319 317 315 310 303 305 306 316 321 322 323 324 323 323 320 318 321 320 324 324 324 325 325 325 326
135 134 131 127 129 128 117 115 122 122 113 119 121 93 79 58 59 62 84 109 112 119 121 121 126 135 139 138 132 125 129 148 148 146 146 147 148 149 149 132 132 131 131 131 131 291 292 291 291 290 288 288 288 287 286 285 285 284 283 283 283 317 286 288 288 291 293 293 292 322 320 320 318 317 314 312 311 311 317 321 323 324 324 324 324 324 321 321 324 326 325 325 325 326 327 327
134 134 133 131 131 129 126 126 125 119 105 124 108 99 81 57 62 58 62 89 111 110 112 127 132 133 137 139 137 135 141 148 148 148 145 147 147 148 149 132 131 131 131 131 290 290 291 290 290 290 289 288 288 288 287 286 286 285 284 283 284 316 317 318 288 291 293 292 292 290 322 289 320 319 317 316 316 316 319 321 323 324 325 325 325 325 325 325 325 326 326 326 327 327 326 325
134 134 133 132 129 130 130 134 126 126 117 121 113 102 83 71 64 60 54 56 85 85 106 117 132 137 138 140 142 142 145 146 147 147 148 148 149 149 149 148 132 132 131 131 291 291 291 291 291 290 290 290 288 288 287 287 286 285 280 280 283 285 286 318 285 291 294 292 291 291 291 322 321 320 319 319 319 319 319 322 323 325 325 326 326 326 326 326 327 327 326 326 326 326 325 324
134 134 134 134 132 136 136 136 135 127 125 115 93 96 79 76 69 70 57 48 51 79 89 110 130 137 136 139 140 138 143 145 146 147 148 149 150 150 149 148 139 131 139 290 290 291 292 290 290 290 290 290 289 288 288 287 287 286 284 281 284 287 288 289 290 291 294 294 292 292 293 291 322 321 321 321 321 321 323 324 325 325 326 326 326 326 326 326 326 326 326 326 325 325 325 324
136 135 135 137 136 133 136 136 130 126 125 118 113 97 85 79 73 69 59 54 55 60 72 101 125 125 127 130 130 127 138 144 146 147 149 149 150 151 150 148 132 138 131 139 290 291 291 291 291 290 290 290 289 289 288 287 287 287 286 285 286 288 289 292 294 294 294 293 293 293 291 319 317 320 319 321 323 324 324 325 326 326 326 326 326 326 325 325 325 325 325 325 325 325 324 324
139 138 138 138 137 136 134 135 134 130 123 117 106 100 98 79 71 70 72 66 69 64 72 81 114 113 120 130 135 138 142 144 144 146 148 149 149 150 149 148 133 132 132 289 290 291 291 291 291 291 290 290 289 289 288 288 287 287 286 286 287 288 291 293 295 294 293 293 294 295 293 288 318 319 322 323 324 325 325 325 325 326 326 323 325 325 325 325 325 324 324 323 324 325 325 324
138 140 138 138 137 137 136 135 131 125 116 106 95 106 100 83 76 80 83 79 75 68 75 75 91 101 109 123 129 136 141 142 142 145 147 148 149 149 149 148 134 133 140 131 290 290 291 291 291 290 290 290 289 289 289 288 288 287 287 286 287 289 292 294 295 295 295 295 289 292 295 325 322 323 294 295 326 325 325 325 325 325 324 322 323 324 325 325 324 325 324 324 324 323 324 324
137 140 139 139 138 137 136 126 127 130 126 108 100 109 106 96 89 86 84 82 80 75 75 81 82 93 87 108 116 126 133 139 141 143 145 146 147 148 148 148 134 134 133 290 290 291 291 291 291 291 291 289 289 289 289 289 288 288 287 287 287 289 291 293 295 295 295 294 292 286 293 295 294 325 325 295 324 323 323 323 324 324 323 322 318 321 323 324 324 324 324 323 322 322 322 322
-32768 -32768 138 138 137 136 134 133 128 127 126 120 100 115 101 97 93 86 92 91 87 80 77 83 86 94 87 88 99 119 127 132 139 142 143 145 142 145 148 148 148 134 134 133 133 133 291 291 291 291 290 290 289 289 289 289 289 288 289 288 288 289 291 293 294 294 294 293 292 289 317 293 293 293 293 323 322 321 321 321 322 322 322 321 322 315 320 322 323 324 324 323 321 318 321 322
-32768 -32768 137 137 137 135 134 134 125 104 107 120 120 116 107 102 94 94 94 89 82 81 80 82 88 94 92 78 82 111 128 134 137 141 143 142 138 144 147 147 148 135 135 135 135 135 135 136 291 291 290 290 289 289 289 289 289 289 289 289 289 290 290 292 293 293 292 292 290 286 308 319 291 291 321 321 320 319 319 319 320 320 321 321 320 318 312 319 321 323 323 322 322 321 319 321
-32768 -32768 135 135 135 133 133 132 128 118 122 128 121 106 113 109 105 102 96 90 85 84 84 81 84 90 87 74 75 92 122 130 133 138 143 146 146 144 144 147 148 135 136 135 136 136 137 137 290 290 289 289 288 288 289 289 289 290 290 290 290 290 291 292 292 292 292 291 290 316 305 310 315 288 289 289 318 317 316 316 317 318 319 320 319 319 317 317 319 321 322 322 322 321 321 321
-32768 -32768 -32768 132 132 134 134 134 132 128 118 126 122 116 112 103 96 92 88 88 89 88 85 82 78 78 78 72 74 87 101 104 119 136 142 145 147 147 143 142 147 135 136 136 136 137 137 138 289 289 289 288 288 288 141 140 139 138 137 291 136 290 291 291 291 292 291 290 290 288 284 302 300 312 315 288 315 310 309 314 315 316 317 317 318 318 318 317 318 317 320 320 320 320 321 320
-32768 -32768 -32768 131 128 127 129 133 129 129 128 125 124 122 110 100 96 103 94 90 90 88 85 81 77 72 72 71 74 76 73 73 99 129 141 145 147 147 147 138 134 140 133 136 138 138 139 140 141 289 289 288 289 142 141 141 140 139 138 137 137 290 290 291 291 290 290 290 289 288 287 281 306 305 312 314 314 311 304 312 313 314 315 315 316 316 316 317 317 314 318 319 319 318 316 319
-32768 -32768 -32768 132 129 126 124 129 131 127 119 114 112 118 116 112 109 106 101 92 85 87 86 80 80 73 72 70 70 72 70 69 74 117 140 145 146 147 148 145 126 124 126 133 137 139 140 141 142 288 288 288 143 143 142 142 140 140 138 138 138 139 139 290 291 290 289 289 289 288 286 283 282 307 309 283 284 283 310 310 311 311 312 313 314 314 315 316 316 315 312 317 318 316 312 317
134 -32768 -32768 134 132 128 125 124 120 117 119 121 123 123 123 119 114 113 105 92 91 88 89 82 74 70 67 68 69 68 69 67 71 108 141 145 146 147 147 148 145 132 116 123 134 139 141 143 144 144 288 144 144 143 143 142 141 140 139 139 139 140 140 290 290 290 289 288 288 287 286 284 283 282 305 305 308 282 309 307 303 308 307 310 311 312 311 313 313 313 310 311 316 316 311 315
-32768 -32768 -32768 -32768 134 130 128 122 116 113 119 115 113 116 119 120 112 108 109 106 98 92 84 79 76 71 68 68 68 67 67 66 69 104 142 145 145 147 147 148 149 134 123 116 122 136 142 143 144 287 287 144 144 144 143 143 141 141 140 140 140 140 141 141 290 289 289 288 287 287 285 285 283 283 281 301 278 280 280 306 303 300 301 307 309 310 309 306 311 312 312 313 314 315 312 312
-32768 -32768 -32768 -32768 133 130 127 123 117 114 114 104 100 85 98 116 117 114 104 99 102 94 85 81 78 74 71 67 66 65 65 66 69 105 140 144 145 146 147 148 138 136 133 129 121 129 143 144 145 145 145 145 145 144 143 143 142 142 141 141 141 141 142 142 142 289 289 287 287 286 285 285 284 282 281 280 301 278 279 305 303 300 299 304 306 308 308 306 305 309 311 311 311 313 314 311
-32768 -32768 -32768 -32768 -32768 131 130 124 123 120 115 111 108 99 103 102 112 114 112 107 97 87 76 70 72 72 68 67 63 63 63 65 89 115 136 142 145 146 147 148 138 137 134 132 127 136 143 283 283 284 285 285 145 144 144 143 143 142 141 142 142 141 141 142 288 288 288 288 287 286 285 284 283 283 282 280 301 301 278 277 276 300 299 301 301 306 307 307 302 304 309 310 311 311 312 312
-32768 -32768 -32768 -32768 -32768 -32768 -32768 132 129 124 120 114 114 113 104 104 110 114 108 104 96 84 76 68 70 71 68 66 63 60 61 62 68 100 124 138 143 146 147 148 139 139 137 125 128 139 280 281 282 283 283 284 144 144 144 143 143 143 143 142 142 142 143 142 287 288 287 287 287 285 284 283 283 283 282 281 278 277 275 275 277 300 300 301 302 303 305 306 307 304 305 308 309 309 311 311
-32768 -32768 -32768 -32768 -32768 -32768 -32768 -32768 128 122 120 116 119 116 108 113 110 107 107 100 95 92 79 70 71 68 70 64 62 59 58 57 57 70 108 132 139 144 146 138 139 140 139 130 127 138 279 280 281 281 282 283 284 144 145 144 144 143 143 143 142 143 143 142 286 286 286 285 285 284 283 282 282 283 282 281 280 279 276 273 276 275 275 299 298 302 304 305 307 307 305 305 307 309 309 309
