data/bioclim/bclim7.asc
NCOLS 300 
NROWS 196 
XLLCORNER -121.25 
YLLCORNER 31.1666666666667 
CELLSIZE 0.0416666666666667 
NODATA_value -32768 
[rows 82 to 122 of 196, columns 186 to 278 of 300]
367 358 367 385 398 383 356 353 353 352 355 359 360 364 365 367 369 371 372 372 373 374 375 376 376 376 376 376 374 373 369 366 364 364 363 359 357 358 358 362 365 364 365 367 369 374 390 409 413 418 421 420 417 417 412 401 401 399 396 397 397 396 394 399 403 401 399 394 397 402 401 398 399 400 402 401 402 404 403 400 395 391 389 388 385 381 381 384 398 402 405 407 407
369 356 375 387 398 379 352 355 347 353 355 357 361 364 367 367 369 371 373 372 373 374 375 377 376 376 377 375 374 374 372 368 368 367 366 364 362 361 363 362 362 364 367 371 374 374 389 407 411 415 420 421 416 416 416 407 401 400 401 400 399 399 402 404 402 399 398 401 404 405 400 397 402 404 405 405 407 402 401 400 395 392 390 389 386 383 389 385 393 401 404 405 405
373 370 380 392 397 374 357 359 351 358 359 356 359 365 366 369 371 373 374 373 373 375 375 376 377 378 377 373 372 373 372 370 368 368 368 366 365 365 365 366 365 366 369 372 377 386 401 406 410 413 417 419 420 413 415 413 409 402 401 401 400 403 405 404 400 397 401 404 406 405 401 399 403 407 407 407 405 403 400 397 396 393 393 391 389 385 392 394 394 397 401 403 402
389 388 389 400 382 374 370 361 355 361 364 358 359 364 367 368 371 374 374 374 374 375 376 376 376 377 376 371 372 374 372 371 370 369 369 368 366 366 365 366 368 369 370 373 379 391 398 403 406 411 416 416 419 417 415 415 411 407 402 401 403 405 404 402 398 401 403 406 407 405 404 406 407 409 406 404 400 396 396 396 398 399 393 391 393 391 395 394 390 391 395 397 400
373 382 384 388 385 381 376 361 355 362 367 361 359 363 367 367 363 370 373 375 375 375 375 376 376 376 376 373 373 373 372 371 370 369 368 367 366 367 366 366 368 370 372 377 382 392 397 400 401 403 411 415 418 417 414 414 414 409 406 402 402 405 403 402 401 403 406 407 406 406 406 408 409 408 405 403 400 399 401 402 399 393 391 391 393 391 395 394 390 392 391 392 399
372 376 382 374 373 375 368 361 357 361 369 364 357 362 364 365 364 363 366 372 373 371 376 376 376 376 375 374 373 372 372 371 370 370 368 366 365 365 365 367 368 371 374 380 385 390 394 396 398 400 403 407 416 416 413 412 413 411 408 405 405 409 406 403 402 405 407 405 405 407 410 410 409 407 406 405 405 405 403 400 395 392 392 395 392 392 397 393 391 392 391 396 400
369 380 376 370 368 368 368 365 362 363 370 362 357 360 364 366 365 363 361 369 369 373 375 375 374 373 374 373 372 371 370 369 368 369 367 366 363 364 364 366 367 370 376 380 383 386 391 392 396 399 402 408 415 414 412 409 410 409 407 407 408 407 406 406 406 408 408 405 406 410 410 407 407 407 407 407 405 406 404 402 399 394 397 398 397 396 397 394 390 392 393 399 396
374 378 372 366 366 366 366 368 369 372 372 358 359 363 365 364 364 361 362 367 368 369 374 375 374 372 372 371 369 369 367 367 366 367 366 365 363 363 365 365 367 371 375 377 378 382 386 390 395 397 400 408 413 413 412 408 407 408 410 410 409 409 408 407 408 409 407 408 409 409 407 407 408 408 407 406 405 405 405 402 401 401 399 400 400 399 398 394 393 392 394 391 391
373 371 367 366 368 367 368 369 372 374 371 356 362 365 369 366 363 358 362 368 369 369 373 374 372 371 370 368 368 367 366 365 364 364 363 362 359 359 361 362 365 369 371 373 372 374 382 387 391 393 398 407 411 412 412 410 407 409 409 409 410 410 407 409 410 409 407 410 410 407 406 408 409 407 403 400 396 402 399 401 398 399 399 399 400 401 399 398 398 394 388 385 386
369 368 366 367 367 367 368 369 373 375 376 369 365 366 371 370 365 362 367 369 370 371 373 372 371 369 368 365 366 366 365 363 361 361 359 355 355 357 356 358 359 359 363 365 367 370 378 383 387 390 396 403 405 409 409 408 408 410 409 408 409 410 409 409 409 409 410 410 407 408 409 409 407 406 403 398 393 395 393 393 395 396 398 399 400 399 399 399 395 389 387 384 385
368 363 364 365 366 366 367 367 374 376 377 379 365 366 372 373 369 359 364 364 368 370 371 370 368 369 367 364 362 362 362 362 354 357 356 353 353 354 351 353 354 354 355 359 361 369 374 377 383 387 390 396 399 405 408 408 409 409 410 408 405 407 409 409 410 411 410 411 409 410 409 406 406 404 401 399 393 393 394 392 396 400 401 397 398 402 400 400 395 392 388 388 387
367 365 362 363 365 367 367 368 372 376 379 380 375 364 371 376 370 364 361 366 369 372 370 371 372 369 368 362 360 359 359 358 353 353 351 350 351 350 345 341 347 350 347 355 361 367 372 372 378 383 388 391 393 401 404 405 406 407 409 409 406 406 407 409 409 409 409 410 410 410 409 404 402 404 398 395 398 396 396 392 393 399 401 396 396 401 402 400 398 395 393 389 387
365 362 358 359 362 364 367 370 370 373 377 381 382 364 373 379 376 369 358 366 369 372 375 376 372 366 367 361 357 357 356 353 350 347 347 346 348 348 347 335 343 345 345 343 348 358 363 361 369 376 383 388 391 397 401 404 405 406 407 408 408 406 405 406 409 409 410 409 409 410 409 407 405 404 402 401 401 399 397 398 399 400 404 399 396 399 399 402 400 398 392 391 390
357 355 357 361 363 367 367 371 373 369 372 376 381 376 383 384 381 372 365 367 371 374 378 376 372 362 361 358 352 353 351 347 348 348 347 341 341 347 347 346 346 341 336 313 319 345 363 366 365 367 376 382 388 390 395 398 401 404 406 407 408 407 408 409 409 408 408 409 408 409 409 407 407 406 404 403 398 398 396 397 400 404 406 403 402 402 402 402 399 397 397 395 393
356 358 360 362 363 367 368 371 371 364 369 375 383 385 384 386 383 376 373 372 376 380 379 378 376 362 360 358 351 348 346 346 344 344 345 343 343 347 348 348 348 345 340 323 322 347 365 369 368 369 376 381 385 386 388 393 397 400 403 406 407 408 408 409 410 411 410 409 407 406 407 408 407 404 403 401 397 399 402 406 406 406 406 405 405 404 402 401 401 399 398 397 398
358 361 360 361 362 365 368 370 373 368 367 376 383 383 386 386 382 373 373 376 381 384 379 377 376 370 366 356 349 342 340 341 341 342 344 345 346 349 349 351 350 349 355 353 347 347 365 369 370 372 374 378 382 385 388 392 393 397 400 403 406 407 409 409 409 411 411 409 408 407 405 406 405 406 405 400 397 400 400 408 409 406 401 401 402 402 401 403 403 402 401 401 398
361 364 362 362 363 364 368 369 369 364 367 373 380 385 386 384 384 370 372 381 384 385 384 381 379 375 367 358 347 342 338 337 339 341 344 345 349 350 349 353 355 352 352 357 361 355 366 367 371 372 373 377 379 382 386 390 392 394 398 400 404 407 407 408 409 410 410 411 411 409 409 408 404 405 404 400 400 407 406 411 410 407 404 404 406 405 405 405 404 403 402 399 397
362 363 362 365 365 361 364 369 368 365 366 366 375 383 387 387 390 386 385 385 385 386 384 382 379 376 370 358 346 343 336 336 338 341 344 346 349 350 350 352 354 354 357 360 364 364 365 367 368 370 372 376 378 380 385 387 390 392 396 398 401 404 406 406 407 409 410 410 411 411 411 410 408 405 404 405 403 410 410 411 409 408 405 408 408 407 403 403 400 402 400 401 400
361 362 358 363 366 365 365 369 371 370 368 366 370 379 383 381 384 391 391 388 384 382 379 378 378 377 373 361 350 344 342 339 338 341 345 347 349 350 350 351 353 352 357 362 363 363 363 364 367 369 371 373 376 379 382 384 387 390 392 395 400 401 404 404 406 408 409 410 410 411 411 410 407 407 407 409 411 412 410 410 409 409 409 408 406 404 403 403 402 403 401 402 400
362 359 357 362 367 367 368 370 371 370 364 366 366 375 375 371 381 390 392 389 381 375 371 374 378 379 376 367 354 345 345 342 339 341 344 347 351 351 349 350 353 352 359 362 362 363 363 361 363 364 368 371 373 376 379 381 385 388 390 393 396 400 402 403 404 406 408 408 409 409 408 407 408 408 410 412 411 411 409 409 410 410 410 408 405 404 403 404 405 403 402 403 402
359 362 360 364 365 366 365 366 369 370 366 366 362 367 367 374 381 388 390 393 390 381 364 367 372 378 379 376 366 359 354 348 343 344 346 348 353 353 348 351 352 354 359 361 360 360 361 361 362 363 364 368 371 374 376 380 383 386 388 391 393 398 399 400 403 405 406 408 409 408 407 408 410 410 411 410 409 407 405 407 411 411 409 405 403 403 405 407 403 401 403 404 404
365 367 364 365 361 363 363 362 364 368 366 363 354 358 358 371 382 387 390 391 392 389 378 367 369 377 383 382 379 373 364 355 350 347 348 353 359 352 348 352 354 355 357 358 356 355 358 359 361 360 360 363 368 371 373 376 381 384 387 389 391 394 398 400 403 403 405 407 408 408 409 409 410 410 410 410 409 408 408 410 411 410 408 407 406 407 406 405 404 405 405 405 404
362 363 362 360 356 353 359 360 358 365 365 361 352 346 355 367 380 385 387 389 391 392 389 383 376 380 383 383 384 382 375 372 364 355 359 370 361 354 351 350 352 354 356 356 358 357 355 351 356 358 359 360 361 368 372 376 379 382 385 385 389 392 395 397 399 401 403 405 407 407 408 408 409 411 411 411 411 411 412 412 411 410 410 408 409 409 407 407 406 406 406 404 403
354 359 361 356 348 347 352 357 357 359 364 356 352 356 361 373 383 384 387 388 390 390 391 389 386 383 384 384 386 386 382 380 374 372 373 372 358 364 354 356 358 353 355 357 358 357 354 350 356 357 357 358 361 364 370 373 376 381 383 384 387 390 393 394 397 399 400 403 403 405 407 409 409 410 411 411 412 412 411 412 411 411 410 410 409 408 407 406 405 404 403 402 400
350 355 358 358 357 356 354 352 356 362 364 354 349 357 369 375 377 382 386 387 388 389 389 389 388 386 385 385 386 385 387 386 381 377 375 359 371 371 367 366 362 361 360 356 356 355 355 352 352 353 353 356 359 361 368 371 374 378 380 382 381 386 390 393 395 396 399 400 400 402 405 406 407 408 409 409 410 411 412 413 412 412 411 409 407 405 402 402 404 403 402 400 398
348 352 358 360 360 358 354 357 364 363 362 354 352 351 359 371 378 381 383 385 388 386 381 385 387 386 383 381 379 378 379 380 376 379 388 381 376 378 375 374 370 371 359 354 355 355 355 353 351 350 350 353 357 360 363 368 372 376 378 381 382 384 383 389 392 394 397 398 399 400 402 403 405 404 405 407 408 408 409 409 410 409 409 407 406 405 403 401 401 401 401 400 399
354 350 357 361 360 360 361 365 363 359 358 357 355 353 360 365 375 380 382 384 385 384 378 379 385 385 380 376 369 368 370 368 365 375 389 387 378 383 382 380 377 371 360 359 356 355 354 352 348 349 345 353 357 359 361 364 369 373 375 378 381 383 378 386 389 391 394 396 397 397 399 400 401 400 403 404 405 405 406 406 407 408 409 408 405 404 403 402 400 399 400 401 400
358 350 352 356 361 363 365 364 362 361 356 356 355 358 366 360 362 370 380 382 384 382 377 379 383 382 379 376 370 362 360 351 351 374 389 394 389 389 388 368 363 376 368 360 357 356 355 354 349 349 347 350 355 358 361 362 364 370 373 375 377 380 380 384 386 389 390 393 394 395 396 397 397 398 401 401 401 403 404 404 406 406 407 407 405 404 404 403 403 401 402 399 400
368 356 353 354 357 362 364 359 359 357 357 357 358 367 371 366 364 368 374 378 380 378 373 375 378 378 375 374 370 364 357 341 341 356 381 393 396 393 395 381 380 378 365 362 358 355 355 354 352 350 349 353 354 355 360 360 363 367 369 373 374 376 378 381 384 385 387 389 391 393 394 394 394 396 398 398 398 401 402 403 404 405 406 407 406 405 404 404 403 401 398 398 400
363 361 356 355 356 366 359 360 360 358 357 356 362 368 369 366 368 368 367 373 374 370 369 370 370 371 370 369 368 363 358 346 336 342 369 387 395 397 394 389 391 385 378 367 361 357 355 354 354 353 352 354 355 354 357 360 362 364 366 369 371 372 375 376 380 382 384 386 389 390 392 393 392 392 394 396 396 398 400 401 402 403 404 405 403 404 404 404 401 399 399 400 399
367 360 356 357 369 367 358 361 359 360 361 362 369 378 377 373 370 368 368 367 369 362 351 363 364 365 365 366 366 363 358 349 341 345 358 378 389 397 395 390 397 390 382 367 358 356 354 354 353 351 351 353 353 356 357 358 359 360 363 365 367 367 370 373 376 379 381 383 385 388 391 391 392 393 394 394 394 396 398 399 401 402 403 403 402 402 402 402 402 401 401 400 400
379 374 369 377 383 370 365 358 358 361 363 366 379 384 376 370 370 370 368 369 369 359 350 356 360 361 359 361 362 364 362 354 348 350 352 361 381 390 399 399 390 383 377 366 355 356 354 355 355 351 352 353 352 351 352 355 357 360 361 362 363 364 366 370 373 376 378 380 383 385 387 389 391 393 393 395 395 396 396 397 399 401 401 400 400 400 400 399 400 399 398 398 399
384 386 384 384 375 355 355 356 359 365 381 379 379 382 368 366 362 362 369 371 367 354 348 353 356 357 354 357 360 364 363 359 357 355 355 355 361 368 392 399 389 384 378 365 356 360 356 356 354 352 352 351 351 350 349 351 355 354 355 357 358 360 363 365 369 372 375 376 379 382 384 387 389 390 391 393 392 393 395 396 398 399 400 398 398 398 397 396 397 397 397 395 394
381 389 380 374 366 357 362 363 371 377 387 388 388 382 375 368 366 356 361 372 366 351 343 346 353 346 350 346 353 361 364 358 362 364 364 363 361 360 372 393 395 392 382 367 364 354 352 352 349 349 349 348 348 349 350 351 351 352 351 353 355 356 358 361 366 367 371 373 376 380 383 384 386 388 390 390 390 391 393 395 397 399 399 398 396 396 393 393 394 394 394 394 392
367 378 378 370 364 370 377 375 369 381 393 388 376 371 382 380 374 370 364 372 366 357 348 344 348 342 339 342 350 358 361 359 362 365 366 362 359 354 350 372 391 390 378 365 354 353 355 355 348 346 344 344 345 345 346 346 347 349 348 349 351 353 355 358 362 364 367 370 374 378 380 382 385 385 387 388 390 390 393 394 396 397 398 396 393 392 391 389 390 391 390 390 389
365 360 358 362 367 378 383 375 385 391 379 377 368 367 374 372 371 377 372 372 367 361 351 353 343 336 332 338 350 357 359 362 364 365 366 364 361 356 349 359 378 386 369 367 359 358 364 354 347 347 344 344 344 351 344 341 343 346 345 347 348 350 353 357 358 361 363 367 372 377 379 380 381 383 384 385 387 388 390 391 393 394 395 394 392 390 387 383 383 387 385 383 384
379 371 363 362 363 374 386 393 390 388 374 374 367 371 370 367 364 369 371 371 367 363 361 357 347 335 335 338 345 355 359 360 364 365 365 363 362 358 356 353 363 382 372 368 373 362 357 353 353 355 348 363 362 366 359 350 343 346 342 343 344 347 349 353 354 357 360 365 369 374 376 378 378 380 380 381 384 385 386 387 389 391 391 392 388 387 386 384 379 378 379 381 380
388 383 379 385 382 386 390 394 393 385 381 376 373 376 372 361 355 356 362 368 366 363 365 359 356 346 344 348 352 356 357 359 361 364 364 362 362 360 355 349 345 365 381 378 372 362 355 353 356 362 362 367 366 368 367 363 359 364 353 347 344 345 347 348 350 353 357 361 367 370 371 374 374 376 376 379 381 381 382 384 386 388 387 386 386 384 382 382 379 376 379 378 379
397 396 396 397 396 392 378 373 388 384 378 371 368 376 375 364 350 356 361 360 359 362 368 362 363 353 345 349 354 357 361 359 359 361 365 360 359 357 354 349 345 355 376 381 375 364 361 364 366 367 368 374 374 370 365 362 362 367 366 363 357 350 348 347 349 351 352 357 359 362 366 366 368 368 371 375 376 377 379 380 382 383 382 381 381 381 380 378 375 373 375 376 375
396 397 394 393 389 386 383 377 379 381 377 375 375 376 376 363 351 354 359 355 354 361 367 366 363 354 347 344 347 356 363 366 364 362 365 362 358 357 352 349 352 358 365 380 378 377 371 371 375 374 373 370 371 372 373 369 365 368 367 360 359 361 358 348 358 358 356 355 356 361 366 366 370 371 369 370 369 371 375 374 379 380 379 379 378 377 375 374 373 371 371 372 372
395 394 393 390 389 387 386 379 380 380 379 376 370 367 369 373 362 350 351 345 349 361 367 366 359 351 339 332 343 353 360 365 370 364 361 359 358 354 352 360 367 366 370 381 370 363 369 376 377 377 372 370 371 373 374 370 372 374 373 368 365 361 359 356 356 362 363 356 357 363 369 371 372 374 372 371 369 369 371 372 373 374 375 375 373 371 369 367 365 364 364 366 364
