data/bioclim/bclim2.asc
NCOLS 300 
NROWS 196 
XLLCORNER -121.25 
YLLCORNER 31.1666666666667 
CELLSIZE 0.0416666666666667 
NODATA_value -32768 
[rows 0 to 40 of 196, columns 186 to 278 of 300]
175 174 174 169 172 172 173 173 173 172 172 173 173 173 173 173 173 173 174 174 173 172 170 168 167 165 162 162 162 160 156 158 168 171 171 165 168 175 176 167 158 157 160 168 168 164 156 149 139 135 137 139 144 146 138 140 137 142 146 157 163 165 163 162 161 161 160 160 159 154 159 166 168 170 173 172 162 153 151 155 160 164 172 160 142 138 135 133 131 130 132 135 137
175 175 172 172 173 173 173 174 174 173 173 173 174 174 174 174 174 174 175 175 175 173 171 169 167 166 163 162 164 161 160 162 170 173 168 161 164 173 178 174 164 164 162 170 167 160 151 145 137 135 136 138 143 146 143 145 152 155 156 161 165 167 165 162 161 156 153 151 151 152 159 164 167 169 172 173 169 160 162 158 155 161 168 160 155 148 137 131 130 130 131 133 134
176 176 173 172 173 174 174 175 174 174 174 174 175 174 174 174 175 174 174 175 174 173 171 169 167 166 164 163 164 165 165 166 170 173 168 162 168 174 179 179 172 168 170 171 163 153 147 142 136 137 137 141 140 144 138 139 143 156 163 164 167 167 167 163 161 152 146 142 142 140 145 161 167 168 169 173 171 163 169 167 157 158 172 162 155 149 144 138 131 129 133 131 133
177 174 165 169 173 175 176 176 175 175 175 175 175 175 175 175 175 174 174 174 173 172 170 169 167 166 165 164 164 165 167 167 165 168 169 165 170 173 180 180 176 174 173 168 158 149 145 140 136 139 144 146 144 146 142 143 149 158 164 168 168 168 167 164 163 163 160 151 141 142 155 162 165 165 167 172 164 151 156 158 169 169 165 159 154 150 145 140 134 130 133 132 133
178 175 165 171 174 176 177 177 177 177 176 176 176 176 176 176 175 174 174 173 172 171 169 168 167 166 165 164 164 165 167 168 165 161 170 167 168 173 181 181 181 179 175 167 157 149 147 141 136 139 140 141 145 150 143 144 155 160 164 166 167 168 169 166 165 162 160 157 154 154 156 160 165 167 167 174 173 155 154 156 162 173 160 153 150 147 147 143 138 135 134 135 139
179 178 174 173 175 177 178 178 178 177 177 177 177 176 175 175 175 174 174 173 171 170 168 166 166 165 164 164 164 165 167 167 160 162 171 169 168 174 180 182 182 178 173 168 162 159 152 143 137 136 139 137 141 147 151 154 157 159 162 165 165 166 167 168 164 159 161 159 155 150 152 154 162 169 171 175 176 167 155 169 177 174 164 164 158 151 145 141 142 139 139 139 143
179 179 178 177 177 178 179 179 178 178 178 178 177 176 174 174 175 174 173 172 171 169 168 165 165 164 163 163 163 164 167 167 157 164 172 168 165 173 180 182 181 177 173 164 154 151 144 138 140 145 147 144 139 141 146 154 157 160 161 159 163 164 166 165 158 156 161 167 168 161 156 152 161 169 174 175 178 175 168 178 181 178 169 163 156 149 146 143 145 142 144 142 142
177 179 180 179 179 179 179 179 179 179 179 178 177 174 175 175 174 174 173 171 170 169 167 166 164 164 162 161 162 164 168 164 154 163 172 172 169 175 181 182 181 177 171 165 158 148 146 140 139 142 146 147 147 147 147 152 155 157 157 159 162 164 162 160 158 153 162 163 163 167 165 167 171 170 175 178 179 180 180 181 182 178 176 170 159 158 154 153 151 147 148 148 148
176 179 180 180 180 180 180 180 180 180 180 179 175 173 175 175 175 174 172 171 169 168 166 165 163 163 161 160 160 166 168 161 156 160 169 173 175 178 182 183 177 173 166 160 156 153 154 149 144 147 148 146 145 150 155 156 156 156 156 159 162 162 159 156 156 157 158 159 159 159 159 164 172 172 178 178 179 181 181 181 181 179 177 173 169 161 159 156 156 154 154 154 155
177 178 180 181 180 181 181 181 181 180 180 178 176 175 176 176 175 174 172 171 169 167 165 164 163 162 160 159 163 167 169 162 158 163 166 172 175 180 182 181 176 172 170 166 160 159 158 156 153 149 148 151 154 154 158 157 156 156 159 160 160 158 154 157 155 152 156 154 154 152 153 157 165 173 180 179 178 180 181 181 180 178 176 174 170 166 165 162 161 160 157 157 158
176 179 180 181 180 181 182 182 182 181 181 176 175 175 176 176 175 174 172 170 168 166 165 163 162 161 159 162 168 166 164 165 164 166 170 174 178 181 181 179 175 173 174 170 167 162 163 159 153 152 154 158 160 160 160 157 154 158 159 159 157 153 149 153 149 148 150 150 149 148 149 152 160 176 179 180 179 179 180 181 179 176 175 174 171 169 167 164 163 162 160 159 159
178 181 181 181 180 182 182 182 182 182 180 177 175 175 176 177 176 174 173 170 168 166 165 163 161 159 158 167 168 161 157 164 169 171 173 178 179 179 178 177 173 171 171 162 163 160 164 160 153 152 155 158 161 162 159 160 158 161 163 161 155 150 148 147 146 146 147 148 149 150 150 151 164 180 181 180 178 178 178 178 180 177 174 172 170 167 167 166 164 160 158 157 159
180 181 182 181 182 183 183 183 182 182 181 178 177 179 179 178 176 174 172 171 168 166 165 163 160 158 160 170 167 160 165 169 173 175 177 179 179 179 176 176 173 168 168 161 156 157 160 159 155 155 161 162 162 161 162 163 162 165 163 158 151 147 146 145 146 145 147 148 149 150 153 155 171 179 180 181 178 176 177 178 179 178 174 173 168 167 167 166 164 162 159 156 155
181 182 182 181 182 183 183 183 183 183 181 180 180 181 180 178 176 175 172 171 168 166 165 164 162 162 166 171 168 169 170 173 175 176 178 179 179 178 175 175 175 170 162 150 149 149 150 155 158 157 161 161 160 160 161 163 165 166 161 155 150 152 154 150 149 148 149 150 153 156 159 170 178 179 179 180 179 177 177 176 178 178 177 173 169 169 165 164 164 163 162 159 158
181 182 183 183 183 184 184 184 183 183 182 183 183 182 180 177 176 175 173 171 170 168 166 169 171 172 173 172 173 172 172 175 176 177 178 179 179 176 175 175 173 164 154 146 140 141 145 151 155 154 159 160 161 162 163 164 165 164 160 156 159 159 154 149 149 149 150 154 157 163 166 174 175 176 178 179 179 179 178 175 176 177 174 171 169 167 161 158 161 163 163 162 159
181 183 183 184 184 184 183 183 183 182 183 183 183 183 181 179 177 175 174 173 172 171 171 173 173 173 172 171 169 170 175 176 176 177 178 176 170 169 172 175 175 158 146 147 142 147 144 145 150 153 157 158 161 162 162 164 164 163 163 162 167 158 152 151 151 155 156 160 162 165 172 174 175 176 177 177 177 176 173 172 172 173 173 169 165 162 158 156 159 158 159 163 163
181 183 184 184 184 183 182 181 180 183 183 184 183 182 181 179 177 176 174 174 173 173 173 174 173 175 173 169 169 175 175 174 176 177 175 157 153 158 171 175 176 158 147 145 146 152 145 143 151 156 157 162 163 162 161 163 161 159 157 159 166 159 154 155 158 163 162 166 169 170 172 173 173 173 173 174 173 171 169 170 169 170 172 167 165 161 159 158 157 157 159 159 161
178 182 184 184 184 179 175 179 181 183 183 183 183 182 180 178 176 176 175 174 174 174 174 175 175 176 175 175 176 176 174 176 177 178 175 154 150 153 171 177 175 155 138 150 154 153 151 148 150 159 161 163 162 162 162 163 160 158 158 160 167 163 161 162 164 167 171 172 171 170 170 170 170 171 172 171 168 168 169 169 168 169 169 169 165 162 157 155 153 156 157 159 161
179 184 184 184 181 172 174 179 180 181 182 182 182 181 180 178 176 176 176 175 176 175 176 171 176 177 177 176 177 177 178 177 179 172 162 159 156 162 176 181 168 147 147 155 149 157 156 155 153 160 163 162 162 161 160 160 162 159 156 154 161 166 170 171 171 172 172 175 174 170 168 167 167 168 169 169 167 168 168 167 166 164 170 168 166 160 158 154 151 150 153 159 165
180 184 185 184 177 168 176 179 178 179 181 182 181 180 179 178 175 176 177 177 176 176 175 164 171 175 175 173 171 178 180 180 177 164 151 154 161 171 181 182 169 155 156 154 158 161 162 158 147 154 161 162 161 160 159 159 160 160 157 156 160 172 176 178 177 176 174 177 176 171 167 165 162 164 164 162 163 165 165 165 164 164 165 170 166 161 157 154 150 150 151 162 166
182 184 184 183 178 173 176 178 179 180 181 181 180 180 179 178 175 174 176 176 177 177 174 164 168 170 158 165 173 178 179 180 175 156 156 161 168 177 183 179 166 163 162 163 165 168 166 155 144 150 159 161 160 158 158 160 161 163 164 166 169 172 174 177 180 179 178 179 175 171 168 166 163 162 161 160 160 161 163 164 161 162 164 169 166 164 162 157 153 163 159 165 165
181 183 183 182 179 176 178 179 180 180 180 180 180 179 179 178 173 173 177 177 178 178 176 172 167 162 153 157 173 181 180 181 180 170 159 163 173 182 183 173 168 169 170 173 175 173 166 148 137 146 158 160 159 158 157 158 160 161 161 162 166 170 172 172 177 179 182 180 177 173 171 169 166 164 162 159 158 159 162 161 157 162 164 172 166 160 160 152 156 164 167 167 163
179 181 181 181 178 177 178 178 178 179 180 180 179 179 178 177 172 176 178 179 179 179 177 173 165 155 148 153 159 177 181 181 182 174 164 158 173 183 180 167 169 169 170 175 178 175 166 150 142 148 157 159 158 157 157 156 157 161 163 165 162 166 174 173 177 180 181 183 182 177 174 172 169 167 165 159 157 159 161 159 153 159 170 173 171 167 154 154 162 165 167 157 155
177 179 180 179 176 176 176 177 177 179 180 179 179 179 178 176 173 178 179 179 179 180 179 177 169 160 153 147 161 174 182 181 182 181 166 168 180 182 172 162 166 167 168 170 174 174 170 162 157 158 159 158 157 155 155 157 160 159 164 168 169 172 174 176 178 180 181 180 180 179 178 175 172 168 164 157 155 155 158 157 152 166 168 171 170 170 162 156 165 170 168 165 156
175 175 178 177 176 176 176 177 178 179 179 179 179 178 174 174 177 179 179 180 180 181 180 172 163 165 162 154 165 179 182 182 182 179 166 175 182 182 162 159 162 165 167 168 169 170 170 167 164 162 160 158 156 154 154 154 159 161 164 165 159 167 171 170 173 176 176 178 177 174 171 177 170 167 160 154 152 153 156 155 153 164 158 165 167 166 162 157 163 167 165 164 163
172 173 177 177 177 177 177 178 179 179 178 178 178 178 177 177 179 179 179 180 180 181 181 178 173 166 160 158 175 181 182 182 178 173 166 179 182 181 161 159 161 165 164 164 166 167 165 160 161 161 159 157 155 153 152 153 157 160 164 164 162 168 168 168 169 171 172 172 173 172 172 172 173 167 160 155 151 150 150 149 154 155 155 162 164 167 164 161 167 166 165 155 151
173 173 176 177 177 177 177 178 178 178 178 178 178 178 178 178 178 179 179 180 181 181 181 177 169 161 156 163 181 183 183 183 182 178 170 180 181 178 161 159 162 164 163 161 161 162 153 144 148 153 156 155 152 151 151 151 154 157 162 157 162 164 164 164 162 164 166 167 170 171 168 163 171 169 164 159 152 148 150 150 146 154 161 160 162 164 167 164 167 163 164 163 158
173 174 173 177 177 177 177 177 177 177 177 177 177 177 177 178 178 179 180 180 181 182 182 180 172 160 158 176 184 183 183 183 183 182 182 182 181 176 161 159 162 160 159 157 157 156 148 137 137 141 147 150 151 150 149 150 150 155 158 156 156 157 158 152 149 153 155 162 167 167 165 161 160 171 162 157 155 156 159 152 146 155 156 159 159 162 166 162 162 162 162 162 162
174 174 174 176 176 176 176 176 176 175 175 176 176 176 176 176 175 177 179 180 181 182 182 181 173 167 176 182 184 184 183 181 170 168 179 181 181 177 163 160 159 158 156 153 151 152 142 135 134 136 135 140 149 149 148 147 148 152 157 155 154 151 149 140 134 137 142 156 162 165 166 164 164 166 169 166 159 156 154 152 147 152 156 159 158 164 162 158 159 160 160 158 160
172 174 174 175 175 175 175 174 173 174 174 174 175 175 176 175 175 173 178 181 182 182 182 181 178 177 178 183 184 184 184 176 161 168 178 180 180 178 172 163 156 154 151 149 148 149 138 135 135 134 137 143 147 148 147 147 147 150 155 153 152 150 145 137 129 133 141 149 158 162 163 162 164 167 170 161 159 156 153 149 147 152 158 163 165 160 157 155 156 158 158 156 159
171 174 174 174 174 174 174 172 172 173 173 173 174 175 176 176 177 177 179 180 182 182 181 177 178 181 183 185 182 179 174 160 160 169 175 179 179 176 164 159 153 151 148 147 144 143 138 137 141 139 136 138 144 147 146 146 146 151 153 152 150 149 143 137 130 131 140 150 158 162 161 159 156 155 172 166 163 157 154 150 153 155 160 157 153 152 151 152 151 154 154 155 155
172 173 173 173 173 173 173 172 172 172 172 173 174 174 175 176 177 178 179 180 178 181 178 181 180 183 186 186 181 167 158 154 162 168 175 178 178 173 159 151 153 151 149 148 148 143 141 143 148 147 143 142 145 146 145 144 144 148 151 150 146 146 143 140 136 136 142 150 155 161 163 163 162 156 168 164 157 149 147 152 155 155 162 152 149 147 145 146 147 151 150 151 153
172 172 172 172 172 172 172 171 171 171 172 172 173 173 174 175 176 177 178 180 179 175 178 182 184 186 187 187 181 169 157 160 165 169 173 176 176 170 156 148 149 149 148 151 155 152 152 150 152 151 148 147 146 145 145 145 144 144 149 146 144 143 143 142 134 134 141 149 154 159 160 161 164 158 168 162 153 150 154 153 155 153 153 150 147 146 145 143 143 147 149 149 146
171 171 171 171 171 171 170 170 170 170 171 171 172 173 174 174 175 176 178 180 173 177 173 178 186 188 188 188 181 173 164 162 167 171 176 177 175 165 151 146 151 150 148 156 159 157 155 153 151 149 147 145 145 145 146 145 143 142 148 146 147 146 146 143 134 132 138 141 146 154 161 160 162 159 165 164 159 154 154 155 148 148 145 142 143 143 145 143 140 142 142 144 148
170 170 170 169 169 169 169 169 169 170 170 171 171 172 172 173 175 176 178 177 175 170 175 182 187 189 189 187 179 171 162 164 166 172 177 176 174 163 149 146 157 161 157 160 160 157 155 153 150 148 148 149 147 145 149 146 143 141 145 151 149 149 149 148 142 140 136 130 138 149 160 163 160 165 169 166 162 157 154 154 148 143 141 138 139 138 138 138 134 134 139 140 142
169 168 168 168 168 168 168 167 168 169 169 169 170 171 172 172 174 176 172 170 169 166 174 181 186 190 189 186 181 172 164 169 170 174 177 175 172 165 155 152 159 165 163 161 160 156 156 154 152 151 150 151 150 145 150 146 142 141 143 150 149 149 153 153 152 148 141 138 144 153 159 163 162 161 168 163 159 159 153 155 150 144 142 139 138 136 136 132 133 132 136 137 138
168 167 167 167 167 167 166 166 167 167 168 169 169 170 171 172 174 172 166 159 162 167 169 179 184 189 189 186 178 175 168 170 174 176 176 174 170 164 155 163 165 164 163 162 161 160 155 156 155 155 152 152 151 148 149 147 144 142 141 145 151 151 155 155 154 151 151 149 150 150 147 156 166 168 168 165 160 156 152 148 145 141 143 140 139 136 137 136 132 132 138 137 140
166 165 165 165 165 166 165 165 165 166 167 168 169 169 170 168 170 168 159 159 163 169 174 175 178 182 185 185 179 174 172 174 175 175 175 172 168 160 148 157 164 164 163 163 162 163 158 156 155 155 154 153 153 151 148 146 145 143 142 143 150 150 152 156 156 153 154 153 147 144 150 157 161 165 163 159 153 156 151 148 143 141 137 134 137 133 132 137 134 132 139 144 144
164 163 163 164 164 164 164 164 165 165 166 167 164 162 165 160 159 156 158 163 168 169 168 171 175 179 183 184 177 176 175 176 177 175 172 170 167 160 150 156 163 163 162 160 159 160 161 158 155 154 152 151 152 152 149 145 147 145 144 142 144 150 150 152 155 153 154 154 146 143 157 158 159 166 160 153 148 151 152 148 145 141 139 134 133 135 132 134 132 133 140 146 148
163 162 163 163 163 163 163 164 164 164 165 167 164 159 158 153 147 151 157 163 166 169 172 174 175 179 182 180 171 172 175 176 175 175 174 173 169 165 157 162 163 162 160 160 158 158 159 158 156 154 153 150 151 151 150 148 146 145 147 143 140 148 150 152 153 151 155 157 155 152 152 159 164 158 162 155 151 148 150 149 146 143 141 137 132 132 130 132 132 136 140 147 151
162 162 162 162 162 162 163 163 163 164 165 164 167 164 164 158 150 152 157 162 167 171 170 172 176 180 179 174 169 171 173 172 174 174 173 171 170 167 166 164 160 159 159 158 157 155 156 156 155 154 153 152 151 150 150 150 148 145 147 145 141 141 152 152 155 154 158 157 157 155 158 161 159 151 155 160 155 147 141 141 148 145 142 136 138 136 132 131 135 139 137 147 152
