data/bioclim/bclim12.asc
NCOLS 300 
NROWS 196 
XLLCORNER -121.25 
YLLCORNER 31.1666666666667 
CELLSIZE 0.0416666666666667 
NODATA_value -32768 
[rows 42 to 83 of 196, columns 0 to 93 of 300]
281 279 280 282 286 290 292 297 304 311 317 323 329 342 349 356 369 378 387 399 417 440 516 533 578 676 838 836 897 863 906 895 980 1012 957 1059 1057 1012 988 957 910 876 845 813 811 756 725 699 674 643 613 586 567 600 664 668 634 572 488 392 367 347 328 309 292 262 223 187 169 169 251 474 606 475 379 283 204 155 132 130 145 168 189 181 167 157 160 157 154 163 178 165 148 142
295 283 281 280 280 284 288 292 294 299 306 313 321 327 334 341 349 360 373 387 403 418 444 504 544 597 710 739 844 895 888 908 916 952 1002 1060 1069 1043 1014 993 946 901 858 831 811 778 755 733 702 668 633 599 589 579 565 640 701 691 587 592 508 453 340 305 278 246 220 184 166 157 212 330 523 481 380 338 270 195 150 131 132 157 162 169 188 196 226 249 202 189 178 152 141 140
334 293 282 278 278 281 283 286 289 293 298 305 310 313 322 327 333 342 359 378 407 432 435 471 530 548 574 644 789 770 793 830 829 847 912 965 972 1062 1051 1017 964 908 880 871 854 819 789 761 721 692 653 619 622 689 618 618 671 691 685 666 512 577 343 278 263 243 212 187 168 156 187 254 363 451 426 355 277 232 176 143 134 135 146 156 172 191 218 239 233 200 180 164 145 144
388 319 288 281 277 278 280 281 285 287 290 293 298 302 307 312 324 336 353 381 403 406 414 422 489 514 587 596 719 735 664 725 756 766 861 832 926 1049 1020 1025 1001 958 917 907 876 848 818 779 739 720 689 639 657 657 615 615 587 608 615 681 612 609 349 275 247 237 215 191 166 152 164 242 328 426 354 310 262 229 189 169 144 135 145 165 181 175 188 214 222 205 167 148 138 135
391 335 296 283 281 276 273 277 277 281 282 286 289 295 299 304 309 322 335 351 375 378 386 391 426 458 490 546 587 653 699 733 689 680 744 810 838 910 946 963 1018 981 931 923 889 852 811 770 782 741 712 677 632 594 569 553 606 663 726 743 739 528 360 294 258 234 206 183 163 150 158 225 275 420 362 282 242 176 151 182 147 144 159 190 214 211 196 215 239 191 153 140 138 135
377 342 301 285 278 275 272 271 272 275 277 279 281 285 289 293 302 313 323 335 346 357 366 374 389 414 448 473 518 588 645 658 599 601 576 758 752 771 823 904 971 993 978 941 911 841 781 797 797 766 717 709 675 636 586 582 592 672 758 768 627 496 578 345 313 270 223 192 168 154 148 208 279 329 294 226 182 149 158 138 118 121 145 151 166 186 197 193 172 155 143 142 150 151
387 330 297 283 274 272 269 267 266 267 267 270 271 277 280 286 297 309 317 323 333 340 349 359 369 388 408 437 481 527 530 548 557 551 607 710 812 890 812 861 922 938 976 972 935 870 811 844 797 745 710 685 671 647 618 608 705 666 744 746 686 698 559 366 346 316 285 252 186 160 152 181 258 277 244 190 150 144 178 128 115 113 114 128 196 179 150 146 141 139 155 166 165 172
397.000000000000000 354 302 283 271 270 265 262 260 258 260 261 264 268 275 281 291 300 308 315 321 329 335 343 353 363 382 414 443 479 482 464 493 562 646 615 746 816 892 920 924 866 938 984 956 876 817 852 793 774 742 698 692 674 623 612 656 693 690 618 697 766 615 391 373 410 368 329 232 168 160 169 264 268 250 199 150 181 191 128 117 111 112 114 160 217 134 118 115 117 134 144 153 176
390 355 315 286 270 265 259 257 256 252 254 255 257 262 266 275 281 289 296 302 310 317 326 332 339 345 354 371 408 415 415 462 507 574 599 560 674 740 751 753 826 831 838 940 942 846 819 887 884 836 768 711 685 683 642 617 604 565 601 736 718 747 653 486 469 575 465 424 271 179 166 157 197 240 263 247 239 260 205 172 127 114 112 111 121 163 139 109 107 110 122 150 171 210
413 378 332 298 267 259 253 249 249 246 246 248 249 252 258 262 271 277 286 291 298 306 313 319 325 332 340 346 359 382 409 425 450 509 514 559 607 714 685 630 731 721 752 830 866 797 853 863 880 846 769 726 702 680 663 654 661 662 651 617 659 790 701 648 559 647 539 490 337 235 173 161 159 185 234 282 288 271 235 210 150 115 114 110 116 137 147 125 103 103 114 139 168 190
432 396 340 289 266 253 247 244 241 241 240 238 240 244 246 253 259 268 274 280 289 294 301 305 312 320 327 333 339 351 376 395 406 435 515 524 548 592 570 690 659 587 635 679 715 850 920 924 914 861 795 747 731 686 660 635 613 643 691 680 718 745 779 766 638 731 595 431 340 266 192 166 158 188 230 257 282 247 245 200 150 115 116 111 108 111 129 155 103 102 104 123 149 163
429 391 312 300 259 247 242 239 236 234 234 232 232 236 240 244 248 253 262 268 274 281 289 293 298 305 312 319 321 329 341 358 365 421 476 507 519 514 511 648 587 658 657 867 854 885 946 919 923 898 868 773 735 707 679 649 621 616 683 730 775 777 743 590 695 777 654 545 392 308 248 181 163 212 283 291 293 281 230 196 155 144 122 116 108 107 108 156 117 100 102 116 135 146
403 349 291 273 256 245 239 235 230 230 228 224 226 230 233 236 239 245 249 256 264 269 274 281 286 291 298 301 307 313 321 331 344 373 391 412 418 480 476 505 533 629 659 825 891 911 933 864 856 915 874 849 766 725 698 699 654 633 631 666 719 714 717 582 581 603 709 744 496 326 240 188 167 186 321 355 321 329 251 219 178 184 147 151 112 108 113 164 130 105 97 101 115 117
395 371 316 288 289 266 243 233 225 221 220 218 218 221 225 227 230 234 239 245 251 255 261 267 274 278 282 287 294 299 306 314 326 342 354 375 380 415 441 516 541 559 646 709 739 817 798 820 794 878 881 862 842 785 772 711 665 664 651 663 693 634 559 579 556 668 730 742 602 351 240 190 171 179 287 363 347 420 295 229 185 176 167 179 139 123 138 167 164 111 98 97 96 103
452 492 349 289 264 258 242 229 222 215 210 211 210 211 216 218 221 226 228 235 240 245 251 255 261 266 271 277 281 286 294 301 313 326 335 357 352 381 427 446 463 486 522 605 685 710 705 758 729 798 800 826 838 827 796 716 675 661 620 616 623 617 534 500 551 654 700 645 677 426 263 190 173 183 296 380 447 420 298 193 154 153 164 169 178 146 147 213 202 121 102 106 94 95
512 431 377 315 282 243 236 224 222 217 204 202 205 205 207 211 213 217 221 225 229 237 240 244 250 256 261 267 271 278 283 291 302 312 322 331 334 359 422 427 449 455 559 626 661 625 656 701 696 784 733 803 859 786 815 735 688 668 669 615 574 562 554 564 675 653 634 710 724 489 307 198 175 165 238 315 401 424 307 179 131 129 136 160 187 126 143 249 195 125 123 134 103 88
536 535 450 343 348 292 237 227 230 233 213 200 199 199 201 203 205 212 213 217 222 223 230 237 241 247 249 256 263 267 273 281 290 298 307 310 329 339 361 376 393 425 484 596 646 654 678 566 654 706 683 695 715 756 775 729 739 700 658 607 639 655 630 643 676 574 636 632 635 607 411 212 179 166 189 260 333 332 211 141 130 127 122 135 140 113 155 249 248 145 202 214 122 94
478 431 537 377 359 373 288 265 253 238 223 199 195 196 195 198 200 204 206 209 213 216 221 226 231 237 242 248 253 259 265 272 278 285 293 304 313 327 338 356 371 394 432 523 592 546 551 591 671 738 714 667 680 682 672 659 651 623 646 657 646 617 648 649 615 523 583 603 682 670 410 248 182 169 165 193 278 328 213 143 140 135 127 120 118 115 146 184 208 159 210 221 157 108
426 417 472 472 375 466 490 402 311 243 220 202 194 193 194 194 197 198 200 201 207 207 215 218 222 229 234 238 242 251 255 262 270 277 286 291 300 312 326 339 354 374 404 440 472 532 532 642 645 720 752 750 709 773 826 835 687 668 621 636 614 590 593 565 520 564 660 716 709 679 418 281 198 169 161 158 212 377 328 181 145 135 128 123 119 142 162 132 148 150 216 250 194 118
386 425 425 480 461 495 506 445 282 219 218 213 203 193 190 193 192 195 197 197 201 202 207 211 215 220 224 230 236 239 247 253 258 264 274 280 290 298 311 326 340 355 381 391 437 479 567 642 657 706 731 768 781 762 874 861 785 789 743 702 670 629 569 561 559 558 571 618 696 682 466 311 229 180 167 162 176 361 370 240 144 135 129 123 121 120 142 122 132 140 206 225 176 106
396 411 415 465 492 517 583 479 274 246 298 297 231 199 189 191 192 191 192 194 195 196 199 202 207 211 216 222 227 233 239 242 248 257 262 272 280 291 301 313 328 340 350 384 453 442 540 654 643 710 704 705 723 781 883 880 856 772 748 713 683 653 627 599 621 700 746 664 729 748 550 364 272 203 177 167 162 291 445 328 189 137 130 122 116 114 119 128 126 152 164 202 144 107
364 354 455 458 490 538 561 537 322 271 358 355 278 207 192 190 190 189 189 189 189 192 192 196 200 204 208 214 218 225 230 236 240 246 253 262 271 281 292 303 313 322 334 363 377 390 418 534 578 609 690 726 719 722 744 814 831 808 747 710 694 664 656 644 615 703 824 766 834 819 636 483 315 236 190 175 165 208 387 398 263 153 132 122 118 112 113 127 124 148 149 180 153 114
367 434 388 454 481 443 467 391 287 288 346 379 306 226 192 191 190 188 184 184 186 186 188 190 192 198 201 206 210 216 223 227 232 239 247 254 263 272 284 293 303 312 322 336 344 358 371 409 490 639 671 683 696 704 692 731 765 795 793 730 706 724 735 706 720 700 849 726 743 793 830 583 381 284 231 206 171 166 248 440 344 266 152 131 121 116 114 121 135 161 161 144 155 113
426 397 482 500 614 576 424 354 291 247 248 250 238 215 227 205 195 190 183 181 182 183 185 184 186 191 194 200 204 209 214 221 226 232 238 247 253 263 273 283 293 300 311 319 327 344 353 376 483 620 639 630 690 692 686 668 662 742 776 759 724 710 742 726 750 778 764 721 679 732 810 761 472 331 266 216 181 170 191 328 377 365 307 183 187 161 121 123 162 215 195 163 136 109
507 429 400 425 549 634 510 540 484 369 330 284 273 249 271 252 220 197 188 182 183 183 183 184 184 186 189 191 198 203 207 213 218 225 231 237 247 254 263 272 282 288 297 305 315 328 334 347 374 463 526 591 677 648 678 672 642 635 694 734 703 667 668 658 717 829 790 707 618 726 816 823 666 438 303 235 193 176 168 186 253 301 378 269 229 238 216 161 180 252 250 195 148 120
491 434 400 382 405 502 560 587 508 402 403 447 444 344 378 374 340 255 210 192 188 183 182 182 181 181 184 187 192 195 200 206 211 219 224 232 236 243 252 261 268 276 285 292 302 310 319 330 390 449 430 541 645 587 660 655 633 646 607 585 618 649 655 676 767 753 831 789 612 719 788 785 789 658 450 287 213 180 170 166 165 196 281 350 284 238 221 241 220 214 223 181 136 133
470 463 385 402 405 421 459 528 629 590 479 384 376 337 392 486 494 361 255 207 191 184 180 180 179 177 179 183 186 191 193 199 204 210 218 224 231 236 242 250 260 265 271 281 287 296 308 317 329 344 390 424 543 556 655 626 608 611 608 658 705 722 704 696 767 726 668 649 600 685 694 720 758 667 598 447 259 186 175 168 161 160 192 280 288 233 204 196 199 133 118 126 143 174
425 502 381 382 358 441 423 488 567 564 615 536 458 448 458 495 397 328 280 230 193 187 180 179 175 175 177 179 182 183 190 194 199 203 207 217 223 229 235 241 249 255 263 269 277 285 295 307 319 333 386 371 453 466 592 590 556 611 636 607 653 681 717 702 773 766 711 626 609 732 711 641 670 642 616 449 280 192 180 171 163 155 167 271 310 226 201 189 168 123 103 97 110 193
348 339 329 335 340 385 406 415 489 562 527 613 668 749 719 594 433 342 308 249 204 191 184 175 173 175 173 177 179 182 184 190 195 198 202 208 214 221 228 233 239 246 251 259 267 276 286 296 308 325 338 347 365 398 501 538 582 600 678 702 748 737 739 789 803 786 751 651 600 643 644 620 607 600 619 504 322 197 184 174 166 164 172 218 283 219 187 177 160 125 98 96 94 114
290 308 336 358 375 396 399 398 568 609 609 553 659 772 841 837 674 611 457 349 288 215 191 177 172 172 175 173 176 178 182 185 189 193 197 202 207 212 221 225 230 236 242 250 258 266 276 286 300 312 323 335 352 433 565 560 611 610 612 637 698 746 735 752 718 709 781 671 575 614 612 599 574 563 601 543 384 202 186 177 173 182 188 187 195 197 198 190 157 121 101 95 93 97
292 280 304 334 352 368 352 342 390 554 688 683 610 661 753 748 729 659 621 628 490 314 217 184 173 172 172 172 176 176 179 183 184 186 192 197 203 206 211 216 222 227 233 244 250 256 264 276 286 300 313 344 367 421 510 565 602 669 674 727 741 750 757 751 695 655 686 685 579 662 676 683 586 558 562 566 345 203 190 185 198 247 251 211 195 214 212 206 152 128 128 99 93 91
325 285 276 297 298 309 306 302 367 388 483 592 616 622 515 474 482 454 466 509 412 342 240 194 176 174 175 173 175 175 177 179 180 180 186 192 195 200 204 209 215 221 228 234 242 248 255 267 278 287 299 329 371 408 401 475 552 669 609 584 653 743 740 738 693 628 649 668 565 621 624 633 632 572 608 626 368 213 193 200 228 311 340 279 235 227 229 188 157 156 180 111 97 90
411 304 275 273 282 306 333 367 314 355 470 491 582 569 601 514 424 351 308 298 272 258 235 200 179 175 174 173 174 174 174 176 177 177 183 185 189 194 197 202 207 213 220 227 233 241 248 256 265 276 286 295 342 375 459 500 525 568 526 542 629 709 659 709 681 616 602 595 576 516 546 588 594 543 562 589 367 241 198 207 235 321 370 334 346 281 229 184 158 185 223 130 99 92
419 370 281 261 255 272 304 328 344 335 365 477 556 516 554 596 600 533 403 277 223 215 211 206 183 178 175 173 171 171 172 173 175 176 178 180 185 187 190 196 199 206 211 218 225 232 241 247 256 266 277 287 300 328 373 436 488 529 484 522 594 596 634 718 705 660 599 561 549 512 620 625 594 548 527 547 505 299 210 200 222 256 336 351 381 332 253 214 172 193 258 131 101 92
415 344 302 266 246 247 264 289 313 316 365 380 477 604 548 434 501 514 435 304 232 204 196 191 190 181 176 171 168 169 169 169 170 171 176 178 179 184 186 189 193 198 206 212 217 224 231 242 251 258 269 280 287 300 325 367 410 453 452 482 551 612 603 626 666 643 566 529 500 530 613 614 591 573 555 534 507 317 217 208 260 260 290 295 327 316 266 237 189 213 319 177 107 90
532 385 332 296 252 229 236 255 279 284 355 366 380 473 573 538 394 383 378 297 255 242 209 199 194 196 190 174 167 164 166 168 167 166 170 175 176 179 182 184 187 193 198 204 212 219 224 233 243 253 263 273 280 300 353 338 339 356 390 524 656 693 673 694 699 666 597 553 572 544 570 600 585 586 546 492 549 365 212 207 259 245 236 239 235 261 272 257 235 254 342 201 113 92
443 417 423 396 288 250 238 217 247 301 307 329 382 439 462 575 584 418 328 335 284 245 265 249 211 217 234 209 180 170 163 162 164 166 168 170 175 175 176 181 185 188 194 199 206 211 220 228 236 245 258 266 276 282 304 326 348 359 440 502 519 597 608 688 721 622 536 562 664 641 591 615 564 533 479 510 549 370 214 182 188 209 218 184 178 229 253 268 277 259 309 237 117 95
367 347 369 462 414 357 290 228 223 262 321 361 394 461 416 466 551 627 562 408 367 327 295 259 247 219 226 247 239 198 171 162 164 166 167 168 171 174 175 177 181 186 190 196 201 207 215 220 228 241 247 258 269 277 292 305 350 366 410 443 533 536 617 713 646 558 510 594 702 674 638 622 572 515 447 449 484 457 249 182 172 177 196 165 164 195 227 240 272 261 247 208 136 93
318 308 310 321 365 437 388 324 220 242 286 328 378 435 371 418 496 533 525 597 590 565 460 379 293 253 230 214 226 233 196 169 164 165 166 168 170 173 174 176 178 181 186 190 195 200 207 214 222 231 240 250 258 268 281 301 311 365 460 511 617 673 696 686 614 543 495 550 621 694 612 550 492 447 439 450 450 484 336 187 171 191 213 149 126 148 188 210 266 276 241 206 137 104
353 311 268 274 282 371 418 347 317 236 287 332 373 363 416 464 511 472 448 436 550 657 670 546 448 377 295 224 204 216 202 181 170 168 167 168 169 171 172 175 176 180 183 185 188 194 199 207 214 222 233 242 252 262 272 309 351 358 377 469 509 575 659 672 648 568 487 585 631 707 678 608 530 462 438 518 512 494 404 256 173 199 192 128 113 114 123 143 230 272 251 212 167 110
315 327 321 272 253 260 304 293 264 259 274 298 331 340 403 421 455 525 447 378 407 468 536 554 413 346 293 254 213 200 210 196 175 171 171 168 169 170 170 173 174 176 179 182 184 189 194 203 207 217 226 237 245 256 268 285 311 347 402 423 448 498 542 641 686 575 452 520 647 648 656 580 553 458 470 517 516 448 390 254 162 151 140 124 112 107 112 123 195 244 255 191 134 103
397 302 309 362 307 267 257 322 305 247 242 257 302 321 350 370 422 455 504 425 353 358 371 429 455 355 265 239 226 201 198 191 181 175 171 169 170 170 170 170 171 173 176 178 179 182 189 194 204 210 218 229 239 250 257 270 299 331 377 455 454 483 564 644 694 645 501 412 584 673 635 581 501 448 436 497 472 423 348 245 159 135 126 116 112 105 101 107 144 163 191 198 121 92
