data/bioclim/bclim5.asc
NCOLS 300 
NROWS 196 
XLLCORNER -121.25 
YLLCORNER 31.1666666666667 
CELLSIZE 0.0416666666666667 
NODATA_value -32768 
[rows 41 to 81 of 196, columns 0 to 92 of 300]
345 346 347 347 348 349 350 351 352 353 353 354 355 355 356 356 357 358 358 359 359 359 357 358 354 344 350 350 350 344 345 332 317 316 331 317 307 279 247 221 210 195 194 191 180 183 187 202 224 195 191 219 213 190 194 205 210 236 243 261 262 253 249 255 264 279 315 335 341 317 244 178 144 195 249 287 324 338 342 326 298 285 286 313 336 342 344 341 338 324 313 294 302
345 346 347 348 349 349 350 351 352 353 354 354 355 356 356 357 357 357 358 358 359 360 358 358 357 352 339 339 331 336 331 332 318 311 319 280 273 293 272 245 222 211 211 208 182 197 213 223 236 237 230 239 209 187 167 164 168 180 199 238 245 251 256 263 266 288 316 338 346 337 261 181 153 179 202 236 279 315 337 338 323 300 285 289 302 311 309 313 315 307 296 305 323
346 347 348 348 350 351 351 352 353 354 354 355 355 355 356 356 357 357 358 359 359 360 360 359 358 356 349 348 338 332 333 330 329 322 310 291 263 285 292 269 241 226 213 211 209 206 228 238 243 281 237 226 215 201 196 171 156 156 174 171 187 201 258 281 294 310 321 341 350 350 295 220 170 178 201 213 239 285 320 338 336 313 307 300 286 281 263 254 278 287 295 319 332
347 347 348 349 350 351 352 353 354 354 354 355 355 355 355 356 356 357 358 358 359 359 360 360 358 358 358 354 344 346 344 339 340 337 328 316 314 270 274 265 240 213 211 231 245 240 238 241 282 267 225 201 190 168 180 177 162 157 155 157 185 170 265 316 316 319 332 342 349 352 317 258 208 185 190 208 236 260 299 327 337 334 325 314 300 287 268 257 261 281 296 308 328
347 348 349 350 351 352 353 353 354 354 355 355 355 355 355 355 356 356 357 358 358 359 360 361 359 359 356 356 348 348 354 349 346 345 334 337 322 292 294 271 260 242 228 242 269 269 256 270 285 263 249 221 183 178 184 179 184 176 170 155 166 165 269 327 334 329 333 342 352 356 338 270 218 191 209 223 245 263 291 305 327 335 326 305 293 298 289 273 268 280 307 324 335
346 348 349 350 352 353 354 354 355 355 355 355 355 355 355 355 355 356 357 358 359 359 361 361 361 361 361 359 357 353 350 348 351 352 346 338 336 324 316 306 272 247 223 242 284 290 295 301 251 231 248 243 217 215 217 207 181 165 150 145 144 190 263 317 330 335 344 350 355 358 347 290 246 193 209 239 261 305 324 298 327 330 315 289 272 274 284 273 262 290 321 332 337
346 347 349 350 352 353 354 354 355 355 355 355 355 355 355 355 355 356 357 358 359 359 361 361 362 362 362 362 360 357 353 353 357 357 359 344 344 342 336 322 301 274 263 234 267 305 319 294 265 234 222 244 247 238 222 197 185 163 145 141 166 196 173 272 296 313 335 347 355 358 355 306 245 221 235 275 306 330 321 338 361 357 329 323 310 292 285 289 303 319 328 330 326
344 347 348 350 352 354 354 354 355 355 355 355 355 355 355 355 355 355 356 358 359 360 361 362 362 363 363 363 361 360 360 359 359 360 356 348 337 326 337 329 316 305 275 246 261 292 308 250 221 199 207 205 221 230 235 197 160 165 149 146 156 152 178 245 268 286 293 308 347 358 360 330 264 247 266 306 333 335 307 352 372 373 365 348 288 300 323 329 333 335 319 311 312
343.000000000000000 346 347 349 351 353 353 354 355 355 355 355 355 355 355 355 355 356 356 357 359 360 361 362 362 363 364 363 363 362 362 364 363 359 352 355 344 336 325 319 316 326 295 261 260 298 305 221 206 204 208 198 184 183 217 204 176 162 160 172 154 140 167 217 230 212 219 244 316 358 360 344 266 256 267 302 335 309 301 351 371 378 375 367 321 276 340 358 364 359 343 333 324
342 344 346 347 349 351 352 353 354 355 355 355 355 356 356 356 356 356 357 358 359 360 361 362 363 363 364 364 364 364 365 363 361 357 355 359 349 343 342 342 334 333 328 291 278 312 309 243 234 227 215 204 194 183 191 210 199 203 184 150 152 144 161 193 195 170 192 204 293 353 360 358 319 284 260 271 275 258 293 315 358 382 382 381 357 315 338 373 378 373 355 328 309
341 343 345 346 346 348 350 352 353 354 355 355 355 356 356 356 356 356 358 358 359 360 361 362 363 363 364 365 365 365 365 365 364 361 361 358 355 345 347 352 343 344 340 326 314 327 300 285 244 222 208 193 191 188 187 183 176 172 173 176 164 138 153 161 177 158 177 187 246 319 356 361 351 325 288 250 245 255 274 289 335 380 385 387 367 341 329 355 385 382 366 339 313
339 342 343 343 344 346 348 350 352 353 354 355 355 355 356 356 357 357 358 359 359 360 361 362 363 364 364 365 366 367 366 366 366 365 361 360 358 355 357 346 349 356 351 346 342 312 277 260 236 221 211 199 183 199 204 195 197 178 164 164 154 147 139 140 162 144 168 204 246 302 343 359 361 328 295 272 253 272 272 298 334 374 376 386 388 375 352 326 384 390 378 354 331
338 340 340 343 341 344 346 349 351 353 354 355 355 355 356 356 357 358 358 359 360 361 361 362 363 364 365 365 366 367 367 367 368 366 363 361 360 361 362 349 355 348 348 318 319 303 270 271 253 228 235 207 191 192 209 201 208 193 168 155 145 142 147 176 153 136 158 181 224 281 312 351 362 318 263 254 250 256 285 305 333 341 362 366 387 389 384 326 367 392 390 365 343
337 338 336 338 339 342 345 348 350 352 353 354 355 356 356 356 357 358 358 360 360 361 362 362 363 364 365 365 366 366 367 368 368 368 368 368 368 363 364 362 359 350 347 323 310 296 280 298 290 254 257 229 209 201 208 226 200 192 185 170 157 157 154 181 181 172 149 142 194 273 320 347 360 338 244 225 240 237 275 293 317 310 336 334 379 385 371 320 351 383 398 390 368
335 338 338 339 343 344 345 347 349 351 352 353 354 355 356 357 357 358 358 359 360 361 362 362 363 364 365 365 366 366 367 368 368 369 370 370 370 368 366 360 358 356 348 341 337 325 323 316 318 276 264 250 232 223 236 220 191 182 181 174 164 177 203 190 191 159 146 143 170 261 325 350 360 343 270 226 230 207 255 288 314 320 324 314 344 363 343 320 323 375 397 401 402
334 334 339 338 340 344 345 347 348 350 351 352 354 355 355 357 357 358 359 359 361 361 362 362 363 364 364 365 366 366 367 368 368 370 370 370 371 370 366 365 364 362 360 352 344 341 342 334 337 310 301 279 223 233 252 211 196 191 212 194 186 184 235 239 193 164 154 163 156 227 316 353 362 347 271 222 200 209 256 314 338 338 328 323 316 339 335 292 299 364 392 385 405
331 336 339 340 342 342 345 347 349 350 350 352 353 354 355 356 357 358 359 359 361 361 362 363 363 364 364 366 366 366 367 367 369 369 369 370 371 370 365 365 364 364 355 349 347 351 348 343 343 318 333 295 248 275 250 214 203 214 234 233 251 232 222 195 163 167 168 152 147 205 294 352 362 360 310 259 221 211 256 328 365 364 352 331 311 361 345 274 305 359 363 351 390
328 329 337 341 344 346 346 348 351 353 352 352 353 354 355 356 357 358 359 360 361 361 362 363 363 364 364 365 365 367 366 368 368 368 369 370 369 369 368 367 367 365 361 352 348 347 345 357 348 339 346 341 323 297 276 266 230 217 259 262 192 177 181 175 165 193 171 170 167 173 238 345 362 364 342 296 253 251 313 361 383 388 384 359 347 383 339 276 277 341 305 295 363
331 335 330 342 344 346 349 350 352 353 354 352 353 354 355 356 357 358 359 360 361 361 362 363 363 364 364 365 365 366 366 367 367 368 368 368 368 368 368 367 367 366 364 357 352 357 357 354 347 333 337 349 347 341 334 326 316 313 278 220 206 216 185 176 186 224 189 181 159 161 248 328 358 364 359 335 285 255 316 370 395 400 396 387 393 392 344 314 300 329 302 292 331
330 335 335 338 345 341 340 346 352 354 354 353 353 354 355 356 357 358 359 360 361 361 362 363 363 364 365 365 366 366 367 366 367 367 367 367 367 367 367 367 366 366 364 362 361 357 358 349 349 341 327 324 337 298 273 260 298 300 303 276 279 275 235 231 250 207 169 155 155 161 247 315 350 362 365 361 323 236 256 339 402 408 407 409 397 354 333 355 341 338 298 279 310
328 335 338 337 339 338 339 344 352 352 354 354 354 354 355 356 357 358 359 360 361 361 362 363 363 364 364 365 365 365 366 366 367 366 367 367 366 366 366 366 366 365 364 364 362 360 354 348 347 342 335 317 303 301 260 250 269 235 255 238 232 246 258 253 228 218 202 181 160 162 230 303 337 356 364 366 349 249 242 304 392 412 415 415 409 379 352 368 355 348 303 294 324
327 335 338 338 337 336 331 342 353 354 355 356 357 355 355 356 357 358 359 360 360 361 361 362 363 363 364 364 365 365 366 366 366 366 366 366 366 366 366 366 365 365 365 364 359 361 355 346 349 342 343 343 329 296 262 240 243 221 226 221 197 210 232 233 197 166 154 172 154 149 200 282 320 347 361 365 362 285 215 262 336 406 415 416 417 409 392 366 364 339 330 307 345
324 331 335 338 337 334 333 336 352 355 354 354 357 356 356 356 357 358 359 360 360 361 361 362 363 363 364 365 365 365 365 366 366 366 366 365 366 365 365 365 364 365 365 363 363 363 362 355 354 352 344 335 331 320 303 273 249 230 215 200 195 208 198 195 204 170 139 150 135 136 177 226 302 334 353 362 365 333 242 234 293 371 414 416 417 415 408 370 367 346 343 322 340
324 333 339 338 337 343 342 348 353 354 354 353 357 358 356 357 357 358 359 360 360 361 361 362 363 364 364 364 365 365 365 366 365 366 366 365 365 364 364 364 364 364 364 364 364 363 363 362 358 350 347 345 342 331 327 300 278 259 237 216 201 180 171 177 171 173 136 160 155 143 135 192 274 316 334 345 364 362 309 222 258 293 372 396 404 409 408 383 360 336 335 349 340
328 332 334 334 322 328 345 350 353 354 355 356 357 357 359 358 359 359 359 360 360 361 362 362 363 363 364 364 364 365 365 366 365 365 366 365 365 364 364 364 364 364 363 363 362 362 363 362 358 350 350 352 341 340 332 330 323 280 251 243 229 195 172 174 164 155 157 166 173 158 140 150 234 296 320 341 362 364 345 271 245 249 275 334 331 351 384 381 339 306 317 335 355
326 334 340 340 329 320 337 335 341 350 352 356 357 358 360 360 360 360 360 360 360 361 362 363 362 363 363 364 364 365 365 366 365 365 366 365 365 364 364 364 363 363 362 362 362 362 362 363 362 359 358 355 346 352 337 329 346 327 291 264 254 255 240 222 179 145 151 172 197 161 140 138 172 249 307 333 355 363 365 347 306 280 245 290 307 299 314 345 330 289 289 317 347
327 335 340 343 343 335 331 329 339 349 350 348 349 357 356 357 360 362 362 361 361 362 362 363 363 363 363 364 365 365 365 366 365 365 365 365 365 364 364 363 362 362 362 362 362 362 362 362 361 359 362 358 351 359 346 347 353 321 340 331 301 274 258 215 164 168 145 153 204 165 148 147 145 176 245 312 344 363 366 366 358 334 289 256 283 303 309 298 307 311 305 327 357
327 332 339 342 343 342 340 335 325 331 343 352 354 357 355 349 349 360 363 363 362 362 362 363 363 363 364 364 365 365 366 366 365 366 366 365 365 364 364 362 362 362 362 362 361 361 361 362 363 363 363 363 359 360 346 354 358 358 342 298 264 222 217 204 168 175 192 194 214 177 171 164 153 174 190 244 325 362 365 366 366 361 335 289 284 307 319 323 322 368 380 374 355
324 324 334 340 342 339 343 338 332 334 329 339 347 349 351 349 357 361 364 364 363 363 363 363 363 363 364 364 365 365 366 366 365 366 366 365 365 364 363 363 362 362 362 361 361 361 361 361 362 363 362 364 363 364 358 358 365 349 322 320 291 265 213 206 169 167 183 211 216 166 170 186 176 182 187 247 316 361 364 365 366 366 352 296 276 313 324 328 340 376 402 410 392
307 314 321 331 338 342 342 344 339 333 339 330 324 314 319 337 354 361 363 365 365 364 364 364 364 364 364 365 365 366 366 366 367 366 366 365 365 364 363 363 362 362 362 361 361 361 360 360 361 362 364 364 366 366 363 362 359 351 303 282 239 228 198 170 163 164 172 203 225 196 192 196 197 197 189 227 299 359 363 364 365 361 349 322 290 318 331 338 346 375 411 414 413
289 302 318 330 336 339 340 342 330 326 328 337 325 310 300 302 328 337 353 362 366 366 366 365 365 364 364 365 366 367 368 368 367 367 366 366 365 364 363 363 363 362 362 361 361 360 360 360 361 362 363 364 365 365 359 361 348 342 331 308 275 220 205 187 199 198 166 202 241 211 207 207 213 213 198 216 274 355 362 363 359 349 342 339 332 329 328 331 351 382 405 413 415
285 291 306 321 331 336 337 340 341 331 316 319 331 326 312 315 319 331 336 336 352 366 368 367 366 366 366 367 368 368 369 369 368 368 367 366 365 365 363 363 363 362 362 361 361 360 360 360 361 362 363 364 364 364 362 358 347 312 302 269 251 223 199 192 216 234 204 197 243 196 187 183 212 218 214 210 294 357 360 357 343 317 313 329 334 323 322 324 353 372 375 406 414
289 289 295 309 317 326 331 335 342 344 339 331 329 330 345 350 350 354 353 350 360 365 370 369 368 368 369 370 370 370 370 370 370 369 368 367 366 365 365 365 364 364 363 363 362 362 361 361 362 363 364 364 364 365 367 366 355 311 330 333 294 235 220 203 224 256 229 208 253 216 210 203 199 216 201 195 286 351 357 348 330 292 277 300 316 317 316 334 352 352 337 387 407
301 290 291 299 311 322 331 336 338 342 340 341 333 336 333 345 355 361 364 366 368 370 371 371 371 371 372 372 372 372 372 371 371 370 369 368 367 367 366 365 365 365 364 364 363 363 363 363 363 364 365 365 365 366 364 362 360 348 360 349 304 262 274 229 236 263 259 252 251 270 249 223 215 232 220 208 288 336 352 343 327 289 267 279 273 297 317 337 351 336 315 370 402
298 299 290 294 301 313 324 332 336 340 343 340 335 343 340 335 336 344 358 366 369 371 372 373 373 374 374 374 375 374 374 373 372 371 370 369 369 368 368 367 366 366 365 364 364 363 363 363 364 364 365 366 367 368 368 366 362 356 365 352 317 310 285 228 223 240 262 271 267 274 218 211 218 233 236 224 238 313 347 348 334 317 282 274 261 278 307 324 344 333 302 369 399
294 293 294 294 298 306 316 325 332 337 341 344 341 330 339 352 347 347 356 366 370 371 372 374 375 376 377 377 377 376 375 374 374 372 371 371 370 369 369 368 368 367 366 366 365 365 365 365 365 365 366 367 368 369 370 370 369 365 365 359 333 304 299 280 250 252 279 287 289 269 224 219 222 225 228 233 238 307 344 345 320 316 302 297 283 285 304 315 336 323 278 342 393
292 294 296 298 298 301 309 318 327 332 339 343 346 342 335 340 356 358 360 366 369 371 373 375 376 378 379 380 379 377 376 375 374 373 372 371 370 370 370 369 369 368 367 366 366 365 365 366 366 366 366 367 368 369 369 371 373 374 372 345 295 270 270 246 233 241 266 278 259 264 246 226 228 222 234 251 226 291 347 348 321 324 325 323 322 309 302 308 316 307 271 330 384
287 292 298 302 301 302 307 310 320 331 335 340 343 344 345 335 335 354 363 364 369 372 372 375 377 378 378 380 381 379 377 375 374 373 373 372 371 370 370 370 370 369 368 367 367 366 366 366 366 367 367 368 369 370 371 372 372 373 364 349 340 308 298 252 221 266 294 274 219 223 240 223 239 246 262 246 228 291 348 362 353 340 334 348 348 324 312 303 300 305 284 314 380
281 286 293 300 304 308 310 309 314 325 334 339 341 341 347 346 338 330 339 357 362 367 371 374 376 378 378 378 378 380 378 376 375 373 373 372 372 371 371 370 370 369 368 368 367 367 367 367 367 367 368 369 370 371 372 373 372 372 367 361 334 328 293 239 263 294 304 261 206 212 222 223 238 254 275 271 253 260 334 363 364 357 344 358 357 340 323 316 303 306 310 327 367
274 280 286 292 299 306 311 314 311 320 330 336 340 341 348 348 344 341 343 335 336 341 355 364 373 376 378 380 379 378 378 376 375 374 373 372 372 371 370 370 369 369 368 368 368 367 367 368 368 368 369 369 370 371 373 373 375 371 356 342 305 280 258 254 280 301 310 281 243 207 233 253 270 282 281 271 267 252 302 359 364 351 337 370 381 364 344 332 306 301 314 329 364
274 277 279 286 292 301 307 312 316 316 327 334 338 343 344 343 341 347 352 354 341 326 325 344 357 365 373 378 378 378 377 376 374 373 373 372 371 371 370 370 369 369 368 369 368 368 368 368 368 369 369 370 371 372 373 373 371 371 370 350 337 312 278 261 263 290 312 266 240 204 211 232 257 277 281 248 248 250 278 330 363 347 348 384 391 387 379 365 322 304 311 328 348
