data/bioclim/bclim11.asc
NCOLS 300 
NROWS 196 
XLLCORNER -121.25 
YLLCORNER 31.1666666666667 
CELLSIZE 0.0416666666666667 
NODATA_value -32768 
[rows 100 to 149 of 196, columns 96 to 191 of 300]
69 73 76 75 71 71 70 69 77 80 83 90 87 85 86 84 86 91 96 102 107 109 109 104 100 106 104 110 113 113 111 107 95 87 85 81 77 78 82 86 86 82 72 55 54 56 61 65 68 73 76 78 80 80 90 98 100 99 94 90 93 101 112 118 118 111 104 95 83 75 84 88 89 88 85 81 76 69 62 50 44 38 51 57 62 66 68 64 62 54 45 43 34 38 38 34
83 79 82 78 71 68 67 67 82 91 96 98 97 94 84 81 83 86 94 98 99 105 106 110 108 106 112 114 113 114 112 110 104 87 88 77 75 85 91 93 90 83 67 53 57 58 67 71 74 77 78 79 82 84 92 99 102 103 98 96 103 110 119 120 116 111 104 97 88 70 82 90 91 89 87 83 74 68 62 45 24 30 48 56 62 69 72 67 58 55 47 41 36 39 42 38
89 88 85 80 71 62 63 69 83 92 97 100 100 99 94 91 92 92 95 101 101 99 101 110 111 112 113 114 114 114 113 110 107 101 90 87 84 91 97 96 90 80 66 63 68 68 76 76 72 79 82 82 87 85 92 97 101 104 103 98 106 116 122 121 117 111 103 95 89 77 79 91 92 91 89 85 80 68 59 45 21 34 51 60 65 72 74 65 55 49 46 47 42 43 42 39
90 89 87 83 78 75 77 79 76 78 86 97 100 100 100 98 97 98 102 103 100 103 104 108 111 113 113 114 113 109 109 111 110 106 99 97 97 100 101 96 88 75 70 66 78 82 83 82 82 84 88 90 90 90 93 92 99 105 107 99 101 119 123 122 119 114 107 98 92 78 85 92 93 93 91 88 84 74 58 53 33 42 56 62 69 75 74 60 52 53 57 57 51 47 38 37
88 89 89 87 81 80 83 86 80 74 81 94 98 101 100 101 102 102 102 93 90 97 102 105 109 112 110 108 104 104 100 106 110 109 107 105 104 104 102 95 77 65 85 81 87 88 90 90 90 90 92 94 95 96 98 100 102 106 109 106 112 121 124 123 121 116 111 105 95 79 80 91 95 95 92 90 85 73 51 35 39 48 58 66 71 77 76 71 70 63 55 56 50 43 34 27
88 89 89 88 87 87 86 92 94 92 85 94 99 100 101 102 100 99 97 89 86 89 93 99 105 110 101 97 90 99 99 97 103 110 108 106 101 101 98 91 72 69 90 92 92 93 94 96 97 96 97 98 98 100 101 103 106 109 112 113 118 122 124 124 123 119 115 110 102 88 82 85 91 97 94 92 87 77 61 48 42 48 61 70 76 81 83 80 67 53 46 51 50 39 26 23
85 88 89 90 90 90 93 92 95 97 98 99 100 101 101 102 101 97 95 88 82 80 84 96 102 107 96 93 93 97 94 102 108 109 106 103 98 97 94 88 71 80 92 97 98 98 99 100 102 102 101 102 98 98 104 105 103 105 111 115 118 121 124 124 124 121 117 114 107 98 95 90 83 97 97 93 89 80 69 64 42 43 46 60 71 79 86 84 71 55 41 48 50 45 40 35
83 88 88 88 83 82 88 90 93 95 98 99 100 101 102 102 103 97 99 95 86 77 85 100 107 111 107 103 95 94 94 100 106 107 103 97 90 86 89 82 67 87 96 100 102 103 104 105 106 106 105 103 99 99 105 105 99 101 109 112 112 119 123 125 125 124 119 116 112 107 103 94 88 94 100 95 91 87 82 67 55 36 52 62 73 79 88 85 74 61 41 45 53 55 50 43
85 86 85 84 83 82 78 79 79 81 85 88 87 91 101 103 103 102 102 100 98 94 92 97 105 111 111 108 102 95 97 101 103 103 99 78 64 58 76 83 86 94 100 104 105 107 108 109 110 109 106 102 98 102 106 107 105 105 106 106 101 116 122 124 126 125 122 119 115 112 109 104 102 103 102 97 93 88 83 75 59 44 54 62 75 83 88 90 81 70 56 44 55 59 54 50
84 81 80 78 78 80 78 73 71 68 67 63 63 80 92 97 98 99 101 101 100 98 93 91 99 108 111 108 99 97 93 93 98 96 92 89 74 72 82 87 94 99 102 101 95 100 111 112 112 109 104 97 94 102 108 110 109 108 106 106 109 116 120 123 126 126 123 121 119 116 114 111 109 107 103 99 95 90 86 79 62 40 51 66 76 83 89 92 85 77 64 47 49 55 61 62
79 75 72 71 75 77 77 73 68 65 61 64 67 71 73 74 79 87 94 99 99 100 99 100 103 107 108 107 102 102 101 98 98 97 95 92 92 93 92 95 100 104 99 94 96 106 112 114 113 109 98 90 93 104 109 112 110 108 106 106 106 112 117 120 123 125 125 122 120 118 116 114 111 108 105 102 97 93 88 82 76 60 55 71 79 86 91 94 90 83 77 63 56 55 60 65
72 71 68 64 61 67 69 62 61 60 43 58 62 57 57 59 68 72 79 87 94 103 103 98 97 99 101 101 105 108 107 105 104 104 98 99 102 103 99 98 104 108 107 106 109 113 116 114 111 106 99 94 99 106 110 113 109 105 106 108 108 107 112 115 113 112 122 121 113 113 113 112 109 106 101 103 100 96 92 87 81 76 68 70 71 77 87 94 94 86 74 71 65 63 63 71
70 71 69 65 61 71 70 60 51 59 59 48 65 62 53 55 67 70 72 77 85 103 103 99 92 92 104 109 111 113 113 111 110 110 111 106 105 110 111 106 107 112 114 116 117 119 117 112 107 101 96 98 100 107 113 113 108 107 109 111 112 110 109 106 104 114 121 123 116 112 111 108 105 102 101 102 101 99 95 91 87 84 80 76 70 68 78 91 97 91 78 71 69 67 78 76
75 74 70 69 56 62 76 71 69 68 64 70 70 65 70 73 73 80 84 77 87 93 94 93 92 93 104 115 118 119 120 119 120 121 121 121 115 112 118 120 117 116 118 120 122 121 116 108 99 94 94 99 104 109 114 114 110 108 113 115 115 113 110 104 107 115 120 125 123 119 110 98 93 94 97 100 101 100 97 93 90 87 84 81 80 76 78 93 96 93 86 83 80 83 86 80
74 77 71 73 68 60 73 81 79 76 73 76 71 70 75 79 84 88 90 87 82 79 76 79 88 96 102 109 115 119 123 125 126 126 125 126 126 126 124 125 127 126 122 123 123 121 116 103 84 81 91 99 106 111 115 117 114 113 116 117 117 116 113 108 99 105 116 124 126 122 115 104 86 79 85 94 100 101 99 96 93 90 85 84 85 88 91 96 98 95 90 90 89 88 83 70
77 78 78 69 64 64 78 84 83 82 80 76 74 76 83 84 81 87 88 86 88 83 83 77 80 87 93 103 109 114 119 124 127 127 126 128 128 128 128 128 128 128 126 125 118 119 116 110 98 90 86 97 109 114 118 118 117 117 118 119 119 118 116 113 110 115 120 125 127 125 119 111 100 87 90 94 98 102 101 99 96 94 90 86 91 93 97 102 98 89 89 92 87 84 80 74
78 78 78 74 66 78 82 84 84 83 77 79 82 79 83 89 87 85 89 93 95 93 91 89 86 85 86 92 101 106 108 111 124 127 128 128 129 129 129 129 129 129 128 125 112 122 120 114 102 89 100 98 113 118 120 119 118 116 117 119 120 120 119 118 118 120 123 125 127 127 123 118 111 105 104 102 100 101 104 101 100 98 94 89 94 97 101 102 94 85 81 87 86 83 80 81
79 76 73 74 76 81 80 82 83 83 82 82 83 86 87 90 89 90 85 87 98 98 81 91 94 94 89 92 97 105 110 113 119 124 125 125 128 129 130 129 129 130 130 129 127 126 123 118 108 101 104 112 119 122 122 119 115 112 114 117 119 121 121 121 122 123 124 124 126 126 126 123 118 115 109 103 104 107 104 101 102 100 96 91 94 95 96 102 94 88 81 78 75 79 81 85
78 57 58 54 48 62 68 71 73 74 74 75 79 83 86 89 89 91 89 91 96 99 95 91 94 101 102 93 99 95 106 108 109 117 110 111 125 130 130 126 127 131 131 131 130 129 127 123 115 104 112 118 121 124 121 118 113 108 102 111 118 120 121 121 121 121 121 121 121 122 124 126 125 122 115 104 104 109 107 106 105 101 97 95 92 91 89 97 103 96 90 85 80 79 80 84
73 56 47 35 27 20 32 40 42 49 44 61 70 74 80 84 84 82 86 91 95 96 98 97 101 104 107 96 94 91 92 98 91 101 101 107 120 127 129 127 126 130 131 132 132 130 127 127 122 107 118 124 126 126 122 115 108 101 103 109 116 119 120 119 118 117 115 115 111 109 113 121 123 126 123 116 110 111 114 111 109 106 103 100 95 96 93 99 103 104 97 92 89 91 89 91
48 50 51 33 24 14 9 6 5 9 22 37 33 50 51 59 64 68 79 86 90 92 96 97 100 105 108 104 95 99 99 105 106 97 97 99 114 122 127 127 124 127 130 132 132 131 127 129 128 123 127 129 129 128 123 114 102 94 103 106 113 117 119 117 115 112 110 102 93 102 108 112 117 121 126 123 120 114 116 115 113 110 107 104 98 98 102 103 105 106 104 102 101 101 98 95
38 36 40 34 23 14 7 10 9 11 14 18 20 28 40 41 51 59 71 82 87 90 94 95 97 101 104 107 104 105 109 112 114 109 94 101 110 116 122 124 121 122 128 131 132 132 130 130 132 131 131 131 130 129 126 118 111 102 100 109 109 118 120 120 117 114 115 111 109 106 109 116 120 123 126 118 118 120 119 118 117 112 111 107 104 100 103 106 108 106 105 103 101 98 94 91
42 42 33 24 13 18 10 9 8 7 8 7 8 17 33 39 52 62 70 80 84 86 90 95 97 100 103 108 110 108 111 114 117 118 111 109 108 96 112 117 116 109 120 128 132 133 132 128 126 131 132 132 132 130 127 122 116 107 101 112 116 118 121 122 121 121 120 120 118 118 120 123 126 126 121 114 111 113 116 114 114 112 114 113 112 107 105 106 105 104 103 102 100 96 94 92
87 81 60 43 35 42 33 30 27 16 3 -1 -1 7 22 38 55 66 69 76 81 86 92 98 100 100 103 107 110 112 113 115 117 120 121 122 120 113 106 114 113 105 108 122 129 133 132 128 115 124 130 131 132 131 129 125 121 114 110 116 119 121 122 123 123 123 123 123 123 123 124 126 126 122 117 113 113 112 109 105 107 110 110 110 110 111 103 97 94 98 101 101 99 97 95 93
112 102 89 78 79 59 32 10 -1 2 3 8 6 11 23 43 56 65 72 75 82 88 94 98 100 99 102 104 109 110 111 113 117 120 122 123 124 124 123 115 115 111 110 115 126 130 132 130 124 111 125 130 132 131 130 127 125 120 115 119 122 123 124 124 124 125 125 125 126 126 126 125 124 122 119 114 114 110 106 107 107 105 107 107 105 104 99 94 92 97 99 98 97 95 94 93
116 115 111 101 83 64 48 20 5 -18 -19 -1 13 37 43 56 72 81 79 79 80 77 84 85 83 83 91 85 91 102 100 108 114 119 121 120 121 122 120 118 114 112 110 116 122 127 130 130 122 119 128 131 131 130 129 128 127 125 123 123 124 124 122 123 124 125 126 127 127 127 126 124 123 120 118 116 114 112 111 109 107 106 103 101 100 100 103 102 100 97 95 94 90 87 85 87
117 114 111 104 93 85 58 27 14 8 9 29 50 62 68 81 92 93 83 73 66 65 66 77 74 73 71 63 74 92 87 90 106 106 113 115 111 107 112 111 114 115 114 113 108 119 128 130 126 123 126 127 128 128 126 125 127 127 127 126 125 122 116 120 122 122 126 126 126 126 125 123 121 117 116 114 113 112 111 110 108 106 103 102 103 105 104 103 100 97 94 85 76 73 82 88
110 112 107 105 100 91 72 60 55 45 36 41 53 81 89 99 102 102 84 87 72 61 58 60 65 71 69 69 71 80 82 89 97 98 106 109 112 110 116 111 112 121 122 111 98 105 122 129 126 119 117 121 125 126 123 122 126 128 128 127 125 123 119 120 121 118 126 126 126 125 124 122 120 118 116 115 113 112 111 110 109 108 107 107 107 106 104 103 99 91 82 78 89 92 92 92
102 102 106 104 103 98 90 83 80 84 79 73 69 79 100 111 119 122 111 103 91 83 71 63 62 67 66 69 71 80 86 93 99 100 97 107 115 119 123 124 126 127 127 125 119 106 121 129 130 126 119 106 110 124 124 124 126 127 127 126 126 124 122 123 124 125 126 126 126 124 120 119 119 118 116 115 113 112 111 111 109 109 109 108 107 106 104 101 95 82 89 95 96 95 95 94
109 108 108 107 104 102 100 99 98 103 105 106 111 113 112 120 126 129 128 122 115 99 97 74 75 62 63 76 79 81 91 103 111 114 107 112 120 121 122 124 126 128 128 128 128 114 123 131 133 131 127 121 117 124 122 121 124 126 126 125 124 123 121 120 125 127 126 126 125 123 119 118 117 116 115 113 112 112 111 111 110 110 110 108 107 105 98 90 95 97 99 99 98 98 97 96
111 109 109 113 111 105 101 102 97 87 98 102 99 112 118 127 133 134 134 127 124 125 118 110 103 89 74 71 81 83 86 95 108 112 114 114 116 117 115 113 113 106 117 129 131 123 125 132 134 133 131 128 122 123 124 118 117 124 125 120 120 117 114 120 123 126 126 126 124 121 119 118 117 116 114 112 112 112 112 112 112 111 110 108 105 102 94 95 101 101 101 101 100 98 96 94
111 110 110 113 114 112 105 99 84 72 67 61 34 65 63 97 130 138 138 133 134 131 131 126 118 103 88 78 71 78 79 90 88 88 100 107 110 110 111 108 103 111 126 132 133 130 119 132 135 134 132 129 121 119 127 127 124 119 123 124 121 116 116 120 124 126 126 125 122 120 118 118 118 116 115 112 112 113 113 114 113 112 111 108 97 98 102 103 104 104 103 101 99 94 86 86
111 111 112 110 105 114 113 98 94 82 69 41 27 -4 14 63 115 139 140 139 140 139 137 133 125 126 114 96 82 80 84 82 79 86 94 100 101 103 102 100 98 108 126 133 134 134 134 134 134 134 130 121 116 120 128 125 124 125 125 125 124 122 113 118 123 126 125 124 122 120 120 120 118 117 115 112 112 113 114 115 115 114 113 111 103 103 105 106 106 105 103 100 90 73 77 88
112 113 109 102 106 113 113 112 110 104 75 57 34 18 19 58 115 129 132 139 140 139 139 139 136 135 132 119 103 94 90 87 85 89 93 89 91 98 95 102 105 109 125 132 134 135 134 135 135 134 127 111 114 124 129 127 119 125 127 126 126 125 122 119 121 124 125 124 123 122 121 121 119 118 116 115 113 111 114 116 116 116 115 113 111 107 108 108 108 104 101 96 94 92 94 100
110 112 111 109 111 112 112 109 108 105 97 70 55 46 37 62 98 120 108 122 138 139 139 139 138 137 135 129 118 105 100 88 81 89 94 85 81 96 97 108 108 114 127 131 132 133 134 134 134 134 131 126 128 129 130 129 121 121 127 127 127 126 124 122 122 124 125 123 122 121 119 121 120 119 118 115 112 113 115 116 117 117 117 116 115 112 107 108 109 109 108 107 106 103 105 104
111 111 111 112 112 110 111 103 97 93 83 71 60 60 56 45 62 100 87 108 131 130 136 139 138 137 136 133 126 119 112 111 107 109 111 107 108 115 121 121 122 123 120 122 126 125 130 131 132 133 133 132 132 132 131 130 128 119 124 127 127 126 125 124 124 123 124 122 120 118 117 119 120 119 118 116 114 114 116 116 117 118 118 118 117 115 113 109 109 111 112 111 110 110 109 108
107 109 111 112 108 101 101 101 90 77 83 73 62 55 63 53 46 77 73 82 110 118 134 137 137 136 136 134 131 123 118 119 123 119 116 115 114 111 114 114 117 119 112 103 109 112 119 127 130 131 132 132 133 132 132 131 130 125 125 127 128 126 125 124 124 124 123 122 120 117 118 119 120 120 119 115 113 114 116 117 118 119 120 119 119 118 116 115 115 114 114 113 113 112 111 111
109 109 112 112 109 107 102 94 88 77 71 68 67 56 55 60 51 69 71 71 80 81 115 135 137 136 136 136 134 131 127 125 123 110 101 104 108 111 113 115 116 117 112 103 100 102 113 119 126 129 130 131 132 131 131 130 130 129 128 128 128 127 126 123 124 123 123 122 120 114 118 120 121 120 119 116 110 106 113 116 117 120 120 120 121 120 119 118 117 117 115 115 115 114 114 113
115 115 114 113 111 109 103 97 94 82 74 68 71 69 68 62 59 61 53 56 64 57 75 117 128 136 136 136 136 135 134 132 128 124 112 100 108 114 118 119 117 115 113 105 96 94 103 112 122 126 128 129 130 130 130 130 129 129 128 128 129 127 126 125 124 124 124 122 121 115 118 121 121 121 119 119 113 111 112 115 116 118 121 121 121 121 121 120 119 118 118 117 117 116 116 115
108 115 116 114 113 111 100 102 96 89 77 74 71 69 70 65 67 60 42 31 36 63 81 106 123 133 135 137 137 137 137 137 134 134 132 128 127 125 119 114 112 112 111 110 107 104 104 111 118 122 125 127 128 128 128 128 128 127 125 128 129 128 127 126 126 125 123 123 120 119 119 120 122 121 121 120 119 118 117 118 119 120 121 122 122 122 122 122 120 119 118 116 117 117 117 117
114 110 115 117 114 108 109 109 104 92 80 71 65 63 67 71 77 77 63 62 67 63 64 85 100 124 135 137 138 138 137 137 137 136 136 135 133 126 110 104 105 107 109 109 107 105 106 108 113 114 120 123 123 124 125 127 127 126 127 129 129 128 128 126 125 124 124 122 121 120 122 122 123 123 121 120 120 119 118 119 120 120 123 123 123 123 123 123 121 120 118 114 113 117 118 118
117 117 110 110 109 90 85 92 95 94 81 70 64 62 61 66 74 92 86 85 87 85 76 67 65 105 129 135 137 138 138 138 137 137 136 136 136 132 119 117 110 114 114 113 113 109 108 110 112 114 116 120 122 125 125 126 127 127 128 129 129 128 128 127 125 125 124 123 121 121 123 123 123 123 122 121 118 117 113 114 118 120 123 125 124 124 124 124 123 121 120 118 116 115 116 119
122 118 116 113 114 91 72 70 74 73 79 80 72 65 60 56 64 74 104 103 105 118 126 117 75 81 114 128 131 138 139 138 137 138 137 136 136 136 133 130 126 125 124 119 119 114 112 112 114 117 120 121 122 123 125 126 125 126 127 129 129 129 128 127 126 124 123 123 123 123 123 124 124 124 123 118 108 106 106 111 115 117 122 122 121 124 124 123 123 123 122 121 120 118 114 119
123 124 125 123 122 117 91 65 60 59 61 70 72 69 65 59 58 66 95 104 126 120 124 134 116 79 97 123 133 137 138 138 137 138 138 138 137 137 136 135 133 130 129 127 123 115 116 114 116 118 121 122 123 124 125 126 126 124 125 127 130 130 128 127 125 124 124 123 124 124 123 124 124 125 124 117 103 103 108 114 117 121 124 125 125 125 118 121 124 125 125 123 123 122 120 119
127 128 123 120 115 117 117 93 70 61 63 71 74 78 73 63 49 57 68 92 132 135 128 134 132 120 110 124 133 136 137 138 138 137 138 138 137 137 137 136 135 133 131 130 128 123 116 117 118 119 121 122 123 124 125 126 126 127 126 127 130 130 129 127 123 123 123 124 124 124 123 124 125 125 124 125 122 116 115 118 121 123 127 128 128 128 127 126 128 128 127 126 125 124 122 121
128 126 123 119 115 108 111 113 91 81 74 72 80 79 76 68 58 56 61 94 135 137 136 133 129 130 131 132 134 135 136 137 138 138 137 137 137 136 137 136 135 134 133 131 129 127 121 120 119 119 120 121 122 123 124 125 126 127 128 129 130 131 130 126 122 122 120 124 124 122 121 124 125 124 126 127 128 129 130 127 120 127 130 130 130 130 130 130 130 130 129 128 126 125 124 121
126 120 118 113 112 112 110 99 82 72 73 72 79 77 73 72 65 60 65 93 132 137 137 136 135 135 134 135 136 137 137 138 137 138 138 137 137 136 137 136 135 135 133 132 131 129 126 121 117 117 117 118 121 122 122 123 125 126 126 127 129 131 130 127 126 124 124 125 125 123 124 125 123 125 127 129 131 132 132 133 131 131 131 131 131 131 131 131 131 131 130 130 129 127 127 125
126 121 118 116 111 111 105 101 95 94 79 71 70 70 63 66 69 69 68 71 102 129 133 135 134 134 136 136 136 136 136 135 136 137 138 137 136 136 136 135 135 134 134 133 131 130 128 126 121 118 117 115 117 119 120 122 124 124 124 127 128 130 130 128 126 127 127 127 128 128 128 128 121 122 127 130 131 133 133 134 134 134 132 132 132 132 132 132 132 132 132 131 131 130 129 129
126 123 121 121 120 119 107 106 104 116 87 81 73 73 63 56 74 80 85 96 103 114 124 128 131 134 136 136 137 137 136 136 136 138 138 137 136 136 136 135 134 134 133 133 132 131 130 129 127 125 124 122 117 115 116 120 123 124 124 126 127 131 130 127 127 128 129 129 130 130 130 129 127 123 126 130 132 133 134 135 135 135 134 135 134 132 133 133 134 133 133 132 132 132 131 131
126 120 119 120 121 125 121 117 116 115 97 92 84 78 68 62 71 92 88 94 91 107 111 99 105 119 135 137 137 138 137 137 137 137 137 137 136 136 135 135 134 133 133 133 132 131 130 129 129 128 127 126 125 123 120 121 123 122 122 125 129 131 130 129 129 131 130 131 131 131 130 130 129 127 121 128 131 133 134 136 137 137 137 136 136 135 135 135 135 135 134 134 134 133 133 133
