data/bioclim/bclim4.asc
NCOLS 300 
NROWS 196 
XLLCORNER -121.25 
YLLCORNER 31.1666666666667 
CELLSIZE 0.0416666666666667 
NODATA_value -32768 
[rows 37 to 73 of 196, columns 84 to 167 of 300]
7614 7936 8601 8800 8805 8786 8638 8347 8249 8012 8066 8185 8273 8212 8056 8065 8177 8235 8180 7992 7816 7816 7978 8057 8101 8097 8061 8010 7967 7918 7886 7817 7688 7416 7361 7639 7756 7804 7866 7884 7915 7923 7824 7700 7779 7907 7998 8024 8037 8013 7959 7760 7651 7589 7660 7703 7830 7904 7951 7890 7944 8027 8106 8165 8117 8016 7926 7849 8035 8182 8260 8264 8236 8124 8112 8058 8030 8175 8312 8354 8354 8302 8206 8131
8021 8495 8753 8822 8807 8676 8365 8174 7961 7546 7726 8045 8174 8082 7977 8004 8150 8313 8263 8047 7791 7698 7861 7998 8058 8105 8083 8041 8002 7977 7956 7887 7772 7500 7449 7608 7730 7820 7848 7767 7844 7788 7713 7780 7881 7937 8037 8008 8031 7984 7890 7778 7661 7564 7625 7606 7711 7784 7847 7839 7973 7968 8165 8153 8098 8001 7912 7842 8034 8137 8216 8242 8176 8012 8033 7972 7835 8079 8286 8357 8304 8239 8152 8066
8315 8669 8776 8832 8748 8558 8109 8013 7595 7384 7729 7926 8011 8100 8160 8211 8265 8400 8411 8297 8173 7963 7864 7821 7980 8090 8098 8066 7994 7943 7997 7954 7859 7552 7447 7573 7744 7823 7809 7673 7738 7783 7705 7801 7943 8012 8025 8027 8021 7969 7819 7737 7663 7548 7551 7548 7494 7596 7776 7862 8053 8111 8025 8012 7996 7898 7800 7766 7991 8115 8203 8205 8120 7954 7959 7984 7906 8029 8312 8318 8243 8160 8086 8004
8499 8692 8775 8759 8644 8477 8223 7925 7782 7963 8074 8103 8137 8282 8318 8375 8426 8469 8469 8446 8364 8214 7980 7669 7817 8038 8069 8047 7998 8005 8023 8008 7911 7644 7616 7707 7802 7872 7826 7706 7767 7822 7832 7881 7954 7993 7993 8014 7967 7883 7644 7571 7489 7424 7543 7556 7331 7524 7788 7968 8121 8054 7983 8085 8073 8018 7949 7942 8021 8093 8128 8126 8021 7852 7925 8012 8118 8220 8243 8258 8194 8051 7930 7856
8345 8477 8542 8518 8469 8245 8064 7727 7881 8207 8248 8170 8204 8347 8422 8473 8477 8480 8468 8428 8352 8230 8042 7770 7771 7973 8040 8037 7967 7975 8043 8040 7951 7736 7636 7790 7852 7889 7803 7644 7679 7791 7858 7913 7932 7964 7931 7899 7852 7815 7617 7642 7604 7627 7722 7607 7576 7796 7971 8076 8170 8058 8077 8098 8036 7976 8005 8031 8042 8090 8045 7960 7867 7801 7880 8029 8183 8269 8184 8239 8228 8081 7950 7903
7785 7954 7921 8022 8081 7934 7750 7905 8236 8380 8331 8260 8336 8388 8482 8467 8364 8292 8258 8268 8239 8214 8098 7974 7899 7973 8011 7967 7945 8040 8068 8063 8015 7842 7761 7856 7896 7894 7776 7542 7535 7751 7843 7873 7864 7825 7743 7573 7676 7737 7804 7841 7794 7758 7794 7584 7550 7783 8018 8121 8169 8062 8098 8018 7917 7824 7983 8011 8026 8038 7947 7829 7685 7750 7890 8035 8258 8084 8010 8032 8098 8085 7970 7957
7503 7415 7161 7031 7425 7585 7739 8177 8401 8401 8362 8298 8280 8508 8494 8108 7635 7736 8034 8168 8151 8203 8127 7993 7888 7945 8010 8002 8004 8077 8105 8092 8074 7937 7679 7893 7929 7902 7769 7554 7332 7633 7791 7736 7733 7763 7629 7384 7596 7774 7874 7916 7903 7903 7884 7625 7710 7852 7981 8086 8160 8025 8025 7938 7670 7676 7920 7980 8038 8028 7929 7737 7550 7679 7885 8158 8106 7875 7832 7913 7937 7969 7988 8031
7724 7515 7221 7075 7148 7477 7739 7958 8305 8315 8298 8337 8476 8543 8470 8180 7783 7735 8092 8195 8183 8121 8061 7958 7946 8015 8056 8060 8080 8102 8089 8060 8053 7944 7751 7891 7939 7913 7798 7533 7423 7661 7791 7864 7850 7765 7624 7429 7392 7680 7852 7941 7972 7967 7903 7711 7768 7890 7935 8039 8116 8131 8013 7859 7554 7568 7829 7951 8053 8039 7936 7767 7588 7685 7848 8038 8208 7805 7688 7776 7875 7914 7943 7922
7603 7693 7582 7327 7252 7428 7928 8229 8409 8481 8492 8511 8535 8541 8544 8494 8409 8247 8280 8263 8183 8120 8081 8028 8073 8109 8109 8096 8081 8103 8078 8065 8011 7789 7715 7873 7898 7901 7694 7398 7447 7708 7824 7915 7898 7838 7660 7508 7213 7574 7715 7912 7965 7966 7968 7884 7768 7749 7759 7925 8105 8153 8087 7863 7807 7690 7866 8006 8038 8030 7955 7786 7756 7664 7825 7930 8208 7896 7753 7800 7900 7839 7854 7886
7253 7302 7482 7305 7147 7616 8158 8355 8411 8451 8431 8379 8368 8439 8496 8470 8559 8368 8201 8180 8192 8149 8127 8032 8072 8096 8095 8015 8038 8048 8032 8005 7862 7675 7577 7833 7891 7818 7440 7420 7631 7767 7906 7959 7953 7885 7746 7572 7401 7626 7727 7862 7933 7977 7992 7952 7841 7633 7631 7850 8035 8130 8110 7944 7936 7887 7911 8005 8041 8041 7955 7764 7634 7692 7869 7991 8206 8089 7908 7906 8059 7884 7752 7773
7870 7577 7485 7559 7806 8087 8264 8290 8237 8214 8049 7983 8062 8295 8511 8583 8593 8505 8141 8155 8111 8131 8091 8038 8058 8001 7955 7892 7981 8001 7944 7872 7716 7567 7512 7694 7829 7658 7427 7656 7784 7870 7944 7968 7987 7956 7806 7652 7544 7707 7789 7842 7926 7961 7997 7965 7771 7439 7466 7738 7960 8092 8104 7977 7988 7982 7945 7985 8017 7978 7885 7767 7508 7662 7846 8064 8297 8294 8028 8089 8140 7976 7826 7644
7482 7708 8080 8207 8271 8311 8100 7953 7981 7923 7767 7684 7963 8287 8492 8608 8633 8594 8344 8179 8205 8156 8059 7988 7960 7868 7858 7858 7903 7861 7715 7688 7632 7520 7493 7587 7657 7515 7487 7654 7850 7940 7973 7981 7991 7986 7949 7907 7871 7827 7769 7838 7882 7925 7970 8002 7856 7589 7583 7706 7782 8011 8105 8051 8042 8010 7946 7973 7964 7911 7846 7609 7645 7762 7945 8134 8174 8188 8322 8300 8204 8061 7851 7916
7944 7302 8308 8560 8624 8597 8395 8276 8165 7860 7541 7631 8085 8295 8479 8625 8662 8638 8562 8364 8344 8225 7870 7845 7749 7904 7777 7831 7821 7759 7729 7641 7569 7510 7433 7437 7490 7428 7555 7543 7642 7896 7956 7999 7984 8000 7987 7964 7920 7856 7767 7758 7793 7870 7949 7992 7976 7843 7695 7771 7773 7960 8074 8135 8045 7962 7889 7914 7783 7818 7763 7632 7913 8033 8164 8184 8042 8182 8456 8373 8208 7962 7921 8086
8406 7904 8247 8660 8729 8704 8549 8176 7892 7520 7632 8050 8385 8523 8572 8659 8662 8626 8565 8450 8440 8375 8239 8109 7938 8001 8065 7981 7870 7733 7699 7657 7553 7469 7410 7378 7403 7456 7666 7625 7798 7868 7939 7978 7978 7898 7949 7954 7903 7838 7756 7700 7666 7891 7959 7992 8002 7846 7772 7788 7829 7880 8025 8152 8145 8043 8008 7831 7783 7805 7757 7944 8155 8250 8250 8066 8188 8325 8543 8420 8278 8064 8060 8218
8477 8255 8119 8443 8756 8759 8629 8316 7967 7726 7912 8220 8456 8565 8614 8570 8630 8607 8608 8559 8529 8479 8415 8308 8098 8136 8140 8118 8013 7891 7822 7812 7726 7562 7513 7627 7426 7587 7871 7957 8028 8004 7929 7876 7940 7767 7880 7924 7875 7846 7746 7724 7678 7855 7969 8024 8011 7849 7880 7861 7890 7938 7966 8089 8185 8174 8043 7685 7782 7865 7864 8127 8302 8344 8143 8207 8298 8414 8611 8468 8298 8247 8290 8351
8634 8565 8347 8047 8733 8806 8720 8487 8197 8036 8007 8101 8345 8602 8476 8331 8541 8584 8592 8565 8528 8499 8482 8385 8278 8183 8177 8236 8093 7960 7876 7885 7863 7824 7827 7772 7615 7597 7907 8045 8084 8013 7872 7743 7839 7851 7830 7853 7852 7811 7800 7745 7611 7740 7912 8005 8019 7935 7923 7856 7886 7948 7967 7989 7950 8255 8174 7791 7789 7938 8042 8273 8370 8218 8253 8317 8407 8471 8636 8517 8412 8456 8473 8456
8594 8676 8661 8029 8544 8799 8799 8585 8330 8210 8354 8409 8518 8453 8115 8101 8411 8502 8543 8547 8510 8469 8462 8432 8374 8367 8308 8195 8073 7849 7655 7697 7877 7903 7949 7849 7741 7790 7967 8057 8080 8025 7904 7808 7822 7911 7872 7849 7784 7747 7679 7532 7544 7581 7749 7965 7981 8014 8014 7905 7941 7956 7790 7972 8056 8287 8300 7928 8025 8071 8267 8375 8244 8048 8319 8347 8503 8558 8607 8499 8435 8525 8532 8514
8522 8610 8522 7925 8359 8717 8828 8783 8604 8575 8559 8515 8356 8015 7768 8042 8261 8405 8477 8504 8468 8473 8396 8456 8414 8402 8315 8183 8023 7832 7646 7608 7803 7940 8002 7916 7817 7916 7986 8073 8073 8057 7969 7863 7851 7892 7865 7802 7696 7645 7663 7541 7581 7769 7782 7879 7939 7924 8113 8114 8116 8038 7669 7873 8148 8295 8367 8136 8160 8258 8333 8191 8150 8308 8422 8483 8617 8552 8395 8262 8283 8472 8588 8493
8153 8397 8194 7905 7960 8615 8810 8850 8859 8770 8595 8481 8137 7631 7401 7774 8059 8292 8380 8421 8444 8433 8337 8420 8475 8398 8270 8187 8133 8036 7788 7724 7801 7939 8014 7906 7681 7826 7990 8059 8089 8086 7999 7923 7878 7841 7791 7756 7683 7671 7736 7710 7623 7871 7954 7826 7864 7975 8111 8154 8151 8145 7704 7698 8134 8336 8438 8395 8368 8357 8080 8107 8326 8451 8565 8623 8446 8218 7975 7883 8105 8272 8570 8619
7759 8105 8076 7451 7579 8473 8759 8715 8871 8870 8792 8542 7924 7518 7257 7619 7945 8183 8261 8338 8410 8297 8197 8410 8498 8439 8331 8241 8035 8047 7999 7939 7866 7974 7786 7760 7710 7906 7903 8018 8090 8085 8028 7996 7921 7865 7746 7699 7724 7812 7945 7817 7699 7895 8029 7965 7788 8019 8130 8156 8168 8139 7704 7585 8103 8386 8470 8465 8443 8241 7958 8178 8433 8562 8670 8563 8272 7824 7621 7765 8181 8359 8512 8651
7674 8338 8133 7146 7647 8395 8429 8297 8736 8927 8944 8768 8383 7790 7416 7407 7650 7989 8101 8151 8280 8177 8345 8450 8518 8438 8311 8277 8154 7963 7824 7852 8057 8023 7651 7631 7613 7868 7986 7900 7997 8043 7998 7932 8014 7908 7764 7690 7761 7933 8030 7975 7670 7871 8043 8088 7869 7805 8082 8124 8162 8162 7776 7579 8065 8319 8494 8507 8510 8235 8116 8244 8468 8627 8755 8581 8325 7941 7648 7674 8011 8316 8317 8620
8106 8508 8028 7185 7217 8143 7631 7500 8442 8844 8983 8966 8798 8381 7890 7855 7668 7888 8245 8349 8432 8458 8523 8560 8427 8244 8223 8374 8311 8138 7984 8136 8172 8002 7895 7923 7796 7878 7980 7992 8078 8120 8014 8020 8099 7986 7688 7659 7727 7900 8076 8059 7717 7872 8023 8053 7918 7780 7868 7807 7935 8040 7847 7516 7969 8236 8411 8560 8539 8196 8201 8259 8436 8700 8763 8595 8442 8239 8051 7980 8225 8357 8345 8636
8527 8564 8105 7728 7538 7967 7576 7451 8033 8647 8992 9074 9073 8933 8533 8349 8290 7853 8208 8432 8517 8594 8620 8665 8388 8031 8203 8426 8406 8281 8094 8237 8312 8178 8087 8088 8027 7860 7899 7992 8123 8148 8169 8191 8159 8066 7845 7807 7696 7750 8075 8120 7658 7845 8015 8043 7888 7669 7671 7715 7767 7932 7781 7424 7884 8165 8407 8530 8585 8371 8270 8351 8473 8697 8764 8668 8571 8431 8192 8183 8470 8550 8637 8749
8544 8172 7931 8243 8095 8072 7521 7256 7699 8499 8946 9074 9141 9143 8906 8469 8198 8188 8061 8328 8498 8591 8634 8687 8656 8481 8221 8534 8480 8409 8224 8273 8360 8328 8258 8201 8123 8004 7942 7995 8045 8147 8217 8216 8169 8061 7967 7833 7674 7761 8111 8163 7727 7859 8014 8048 7954 7717 7781 7568 7660 7748 7599 7353 7833 8119 8361 8546 8607 8538 8512 8465 8565 8734 8858 8771 8703 8616 8531 8645 8675 8708 8743 8792
8588 8420 8149 8374 8249 8195 7554 7429 7892 8666 8931 9079 9133 9186 9170 8901 8747 8398 8364 8345 8393 8528 8612 8680 8691 8679 8518 8595 8551 8488 8376 8349 8400 8389 8328 8246 8123 7851 7866 7938 8051 8158 8172 8156 8033 7873 7845 7827 7787 7916 8143 8156 7957 7855 7974 8023 7972 7886 7871 7680 7595 7570 7424 7442 7851 8101 8319 8524 8578 8668 8672 8622 8711 8776 8858 8872 8768 8721 8717 8816 8833 8841 8835 8844
8607 8591 8524 8289 8333 8029 7918 7630 8149 8588 8931 9078 9123 9153 9208 9174 9071 8839 8807 8652 8331 8398 8509 8623 8702 8709 8691 8623 8621 8520 8519 8475 8453 8423 8214 8144 8112 8018 8053 8030 8068 8090 8061 8014 7908 7845 7834 7766 7895 8090 8148 8153 7755 7851 8029 7990 7895 7782 7841 7696 7472 7327 7249 7491 7815 8007 8267 8524 8435 8499 8658 8669 8805 8871 8902 8961 8855 8785 8805 8853 8866 8889 8960 8969
8599 8628 8627 8327 8333 8100 8086 7808 8082 8509 8873 9055 9122 9158 9190 9200 9182 9121 9080 8995 8517 8174 8343 8578 8714 8689 8701 8699 8662 8593 8567 8530 8503 8442 8328 8241 8213 8144 8099 8069 8027 7934 7918 7878 7779 7792 7874 7914 8029 8137 8144 8076 7764 8012 8069 7971 7781 7782 7803 7586 7233 6901 7169 7457 7685 7906 8193 8494 8261 8256 8437 8585 8765 8880 8915 8935 8968 8909 8886 8868 8883 8955 9002 9035
8507 8590 8583 8430 8212 7955 7952 8138 8040 8524 8878 9017 9098 9132 9160 9228 9253 9222 9200 9212 9095 8730 8469 8520 8652 8689 8656 8693 8692 8657 8619 8584 8538 8442 8357 8274 8170 8062 8030 8071 8068 8047 7944 7760 7748 7763 7841 7967 8086 8122 8145 8021 7937 8096 8130 8059 7747 7781 7670 7441 7022 6868 7138 7353 7635 7949 8251 8322 8183 8217 8459 8642 8789 8877 8925 8935 8966 8964 8999 8949 8933 8931 9063 8932
7729 7989 8401 8384 7945 7509 7677 7957 8227 8544 8778 8946 9083 9127 9165 9177 9222 9278 9293 9305 9268 9135 8838 8588 8556 8622 8625 8692 8679 8659 8638 8606 8572 8479 8447 8426 8313 8149 8046 8063 8126 8097 7979 7958 7942 7951 7941 7989 8096 8117 8104 8073 8071 8130 8137 8047 7867 7793 7597 7181 6955 7110 7261 7350 7540 7911 8238 8371 8186 8302 8572 8712 8809 8863 8898 8831 8842 8965 9037 8989 8947 8952 9063 8851
7414 7344 7541 7965 7801 7259 7269 7663 8067 8407 8634 8890 9022 9035 8844 8684 9029 9236 9277 9326 9334 9273 9080 8687 8327 8327 8469 8692 8701 8679 8648 8637 8590 8544 8502 8476 8470 8386 8326 8267 8095 7980 7911 7932 7951 7980 8013 8027 8043 8038 8048 8079 8101 8162 8135 8036 7971 7807 7513 7032 7094 7374 7413 7427 7473 7726 8270 8457 8372 8480 8618 8731 8791 8864 8826 8695 8791 8890 9016 9069 8945 9001 8976 8754
7048 7349 7461 7313 7461 7544 7455 7778 8206 8252 8374 8786 8881 8723 8049 7948 8601 9101 9280 9322 9353 9293 9014 8569 8339 8096 8116 8627 8716 8679 8645 8642 8623 8559 8535 8519 8515 8476 8404 8317 8025 7831 7719 7759 7839 7858 7891 7895 7871 7821 7890 7974 8061 8111 8133 8089 8044 7926 7651 7195 7333 7566 7517 7430 7504 7875 8279 8371 8597 8669 8675 8731 8792 8819 8760 8615 8794 8891 8977 9060 9003 9001 8945 8923
7048 7396 7578 7654 7646 8263 8420 8360 8150 7859 7964 8445 8662 8498 7954 7848 8416 8903 9237 9309 9335 9292 9068 8649 8312 8065 7944 8338 8701 8693 8653 8645 8619 8604 8552 8526 8528 8489 8426 8289 8029 7747 7394 7550 7601 7688 7710 7722 7707 7735 7759 7789 7883 7963 8068 8120 8134 8064 7859 7540 7658 7678 7508 7408 7695 8043 8318 8464 8690 8727 8712 8757 8757 8754 8675 8633 8783 8907 8946 9003 9041 9048 9000 8925
6928 7439 7611 7705 7893 8320 8585 8689 8546 7697 7436 8036 8176 8203 7791 7847 8518 8974 9141 9273 9315 9322 9175 8978 8591 8249 8218 8154 8594 8661 8665 8655 8619 8621 8550 8486 8449 8470 8365 8205 8052 7877 7517 7211 7208 7367 7246 7498 7546 7563 7577 7512 7688 7803 7918 8091 8173 8160 8043 7953 7842 7711 7659 7576 7822 8073 8304 8500 8690 8706 8620 8699 8687 8689 8572 8502 8697 8814 8912 8955 9012 9056 9018 8908
7080 7512 7692 7804 7946 8278 8648 8704 8727 8425 7928 7758 7375 7767 7891 7821 8292 8721 9070 9256 9256 9286 9059 9000 8871 8617 8249 7943 8242 8487 8607 8648 8649 8636 8593 8530 8311 8289 8234 8034 8125 8015 7839 7478 7111 7199 7115 7049 7229 7290 7324 7403 7547 7665 7851 8017 8160 8225 8198 8130 7927 7602 7701 7907 7900 8022 8342 8549 8650 8550 8548 8566 8558 8493 8200 8311 8468 8602 8681 8939 9003 9021 8989 8785
7637 7647 7622 7693 7968 8369 8596 8680 8709 8650 8407 7865 7370 7453 7812 7742 7713 8227 8866 9178 9227 9243 9157 8721 8710 8667 8426 8392 8225 8323 8424 8637 8656 8635 8584 8527 8461 8272 8240 8146 8169 8187 8000 7773 7346 7158 7273 6955 6725 6863 7014 7181 7264 7508 7682 7941 8074 8180 8272 8339 8330 8249 8192 8240 8220 8223 8356 8491 8519 8402 8490 8477 8312 8333 8382 8579 8685 8552 8810 8999 9006 8977 8854 8488
7657 7519 7514 7583 7995 8223 8271 8615 8682 8702 8532 8022 7630 7812 7710 7381 7865 8207 8776 9101 9184 9204 9204 8859 8213 8482 8225 8343 8515 8504 8568 8649 8664 8637 8530 8439 8416 8339 8228 8075 8246 8282 8176 7976 7658 7329 7384 7031 6715 6683 6616 6942 7028 7407 7703 7852 7982 8115 8243 8402 8443 8497 8518 8488 8502 8537 8521 8528 8497 8423 8382 8318 8097 8117 8488 8621 8724 8773 8905 8969 8990 8923 8730 8418
7380 7447 7432 7705 7955 7961 7794 8424 8624 8706 8657 8377 8085 8002 7745 7153 7090 7715 8608 9046 9149 9155 9178 9042 8171 8298 8288 8212 8423 8527 8587 8641 8654 8630 8500 8172 8228 8404 8259 8314 8335 8313 8241 8062 7861 7675 7502 7176 6762 6412 6823 7002 7298 7524 7670 7742 7802 8081 8283 8421 8479 8540 8586 8619 8627 8656 8634 8591 8592 8519 8520 8424 8254 8226 8518 8679 8761 8805 8816 8738 8973 8882 8630 8383
