data/bioclim/bclim13.asc
NCOLS 300 
NROWS 196 
XLLCORNER -121.25 
YLLCORNER 31.1666666666667 
CELLSIZE 0.0416666666666667 
NODATA_value -32768 
[rows 51 to 101 of 196, columns 96 to 191 of 300]
17 16 16 16 16 16 16 16 17 17 17 19 21 20 20 21 22 23 24 25 26 29 29 28 31 29 24 22 22 21 23 23 22 25 23 22 22 23 25 25 27 22 20 19 20 23 23 23 23 23 22 20 19 20 23 34 32 30 31 25 22 22 27 27 25 24 21 24 28 30 29 29 30 31 31 29 29 28 31 37 46 46 38 33 32 36 35 40 40 38 40 38 35 36 39 41
18 16 17 18 16 16 16 16 16 17 17 18 19 20 20 20 21 23 24 24 24 24 25 25 28 28 23 21 21 22 23 26 24 23 24 22 23 23 24 25 29 25 21 19 20 21 22 23 23 22 22 22 23 18 20 30 31 28 26 22 21 25 25 24 23 23 21 23 26 26 26 27 28 30 31 29 27 26 31 39 49 48 40 35 33 29 29 32 34 31 33 32 33 37 40 45
17 17 21 21 18 17 17 17 17 17 17 17 18 18 19 20 21 24 27 26 24 23 23 25 26 25 23 21 20 21 23 25 24 22 22 23 24 25 27 30 30 28 24 20 20 20 20 22 22 22 27 22 21 18 18 27 25 24 21 20 24 28 24 24 22 21 21 24 25 24 25 26 28 29 31 28 26 25 29 37 44 44 45 41 35 31 28 28 28 28 30 33 36 37 41 46
18 22 24 21 19 18 17 17 17 17 18 17 18 18 19 21 22 24 28 28 25 23 23 23 25 24 22 21 21 21 22 23 23 22 23 24 26 27 27 30 29 23 23 22 21 21 18 18 18 20 30 25 20 18 17 21 22 21 20 24 25 23 22 21 20 21 25 28 28 25 24 26 27 27 27 26 25 24 27 30 34 40 48 43 35 29 28 26 27 28 30 36 42 40 41 47
20 26 29 25 21 19 18 18 18 18 19 18 17 18 19 20 21 22 26 27 25 23 22 24 27 25 23 21 21 20 21 22 23 23 24 24 26 27 25 26 27 21 20 23 22 20 18 18 18 19 29 30 20 17 16 17 18 19 25 25 22 20 19 19 22 27 34 36 32 29 24 24 25 25 25 24 23 23 23 25 28 36 43 41 37 29 26 27 28 29 30 33 35 37 38 45
23 28 33 27 23 20 19 19 18 19 20 18 17 18 19 20 22 22 23 24 25 23 26 26 27 24 24 22 21 21 21 21 23 23 25 26 25 23 20 23 25 21 18 19 24 19 17 17 17 19 29 33 21 17 16 16 17 21 27 24 20 19 17 20 25 36 41 39 30 27 25 23 22 22 23 23 22 22 22 22 23 29 30 30 29 30 28 28 29 30 31 32 35 35 40 43
18 25 30 31 27 23 21 21 19 21 19 18 17 18 19 19 21 23 25 25 22 23 28 28 28 24 22 24 22 21 21 22 21 22 24 26 24 21 18 19 26 21 18 18 22 24 18 18 18 18 26 33 21 17 16 16 16 21 24 22 19 17 16 19 24 33 41 40 33 28 28 23 22 21 21 22 22 22 21 21 21 27 26 30 38 35 32 33 31 33 36 38 38 38 44 43
15 19 24 24 27 24 20 19 18 18 17 17 18 20 20 19 19 21 23 21 21 23 24 24 26 24 23 23 21 20 21 21 20 21 26 27 25 21 18 17 25 21 18 18 21 24 23 24 22 20 24 34 23 18 16 15 16 22 22 22 20 16 16 19 22 26 31 33 29 27 28 23 21 20 20 21 21 21 21 20 21 31 35 42 44 37 41 42 37 42 41 40 42 42 44 43
13 14 18 19 20 25 20 18 17 17 16 16 18 23 21 18 18 20 22 20 19 21 22 22 22 25 24 22 21 20 19 19 19 20 23 23 26 24 17 17 26 21 18 18 21 27 27 27 25 23 26 37 25 20 17 15 15 19 21 20 19 16 16 18 20 23 28 29 24 23 23 21 20 19 20 19 19 20 20 20 25 41 42 47 49 43 42 45 42 46 44 42 41 39 44 43
12 12 14 18 21 21 22 19 17 17 16 16 16 18 20 17 18 18 21 20 19 19 20 20 21 23 23 22 22 20 19 18 18 20 21 22 26 24 17 16 24 21 18 18 20 25 25 30 28 26 30 39 26 20 17 15 15 16 17 18 17 16 14 16 18 20 22 21 21 21 21 20 19 18 19 18 18 18 19 23 32 49 46 52 50 43 46 49 46 48 45 41 40 39 41 43
12 12 11 14 16 19 19 19 19 17 16 16 16 16 17 17 17 18 19 19 18 18 19 20 22 25 24 23 22 20 19 19 21 23 23 23 23 20 16 16 19 21 19 18 20 22 22 27 30 31 36 36 26 21 18 15 15 15 15 16 16 15 14 15 17 18 19 18 18 18 19 19 18 17 17 18 19 19 21 28 43 51 53 47 49 44 46 48 45 44 43 41 40 39 39 43
12 12 11 12 13 15 15 16 19 19 18 17 16 16 16 16 16 17 17 17 18 18 20 21 22 23 22 22 22 21 21 21 22 23 23 24 21 17 16 15 24 21 18 19 21 24 23 27 33 38 41 34 27 23 19 15 18 17 15 16 14 14 14 14 16 17 18 17 18 17 17 17 16 18 19 21 22 22 25 33 43 45 43 40 42 43 44 43 43 44 43 42 40 38 38 41
12 12 11 11 12 12 13 14 18 21 19 17 16 16 16 15 16 17 16 17 17 18 19 20 20 21 22 22 22 23 23 23 25 24 22 21 18 16 16 17 23 18 17 19 24 25 24 30 40 53 44 35 29 25 20 16 20 21 18 17 15 14 14 14 14 16 17 17 17 17 16 16 19 22 24 27 29 28 35 37 38 40 39 38 38 42 43 43 43 43 43 42 40 39 38 38
13 12 11 11 11 12 12 11 12 16 18 17 16 16 16 15 15 16 16 16 17 18 19 20 21 22 23 22 22 22 23 25 25 25 23 20 18 16 16 17 19 16 16 18 25 24 27 34 48 54 45 38 31 24 19 18 21 21 18 16 15 14 14 14 14 15 15 16 17 17 15 18 21 26 31 41 43 39 37 33 36 37 39 35 38 40 42 43 43 43 43 42 41 39 38 37
13 12 12 11 11 11 10 10 11 12 14 17 17 16 16 15 15 16 16 16 16 17 17 18 19 21 22 22 21 22 22 22 21 21 21 20 17 16 16 16 16 15 16 17 22 24 30 42 50 45 40 38 33 25 19 18 21 20 16 15 15 14 15 16 16 15 14 15 17 16 15 19 22 26 37 49 45 35 33 31 34 36 35 36 40 40 43 43 44 43 43 42 41 40 39 40
14 13 15 17 13 11 10 10 10 11 12 16 20 20 18 15 15 15 15 16 16 16 17 17 17 17 18 19 21 23 23 22 21 21 20 19 18 18 17 16 15 15 16 18 20 24 32 47 45 36 36 36 35 29 19 16 18 17 16 15 15 15 16 18 17 16 14 14 16 16 16 20 20 23 32 39 42 32 31 31 30 32 32 32 41 42 44 44 44 44 43 41 41 41 43 48
15 16 24 25 17 12 10 10 10 11 13 17 19 22 22 16 15 15 15 15 15 16 16 16 16 16 17 18 22 25 26 25 23 23 21 21 21 21 20 18 17 16 16 16 18 21 28 41 37 32 33 36 34 26 18 17 15 15 15 15 15 15 17 19 17 16 15 14 15 15 16 17 20 22 25 29 35 30 29 28 28 28 28 32 34 39 43 45 44 44 43 42 42 41 47 49
17 18 25 26 19 14 11 10 10 10 12 16 20 23 25 20 15 15 15 15 15 15 15 16 16 16 16 18 22 26 34 30 28 26 26 24 25 24 24 23 21 19 17 16 16 18 23 32 29 29 33 36 29 22 18 16 13 14 15 15 15 16 18 19 18 17 16 15 14 14 15 16 19 21 22 25 30 27 26 25 25 25 26 34 43 42 43 45 45 44 44 44 42 42 47 49
22 22 27 27 18 14 12 10 10 10 11 13 17 21 21 22 16 15 15 15 15 15 16 16 17 16 17 19 21 24 30 38 39 33 37 30 29 28 28 30 26 23 20 17 15 16 19 21 24 28 30 32 26 22 18 15 13 14 15 16 16 17 19 20 19 18 17 15 15 14 15 16 19 20 20 22 22 23 24 23 23 24 27 35 45 47 46 45 46 46 45 44 43 43 45 50
35 28 26 27 21 16 12 10 10 10 12 13 14 16 20 25 20 17 15 15 15 14 15 15 18 18 19 22 20 21 24 31 42 39 41 44 37 36 35 33 30 27 23 18 15 15 16 18 22 31 29 24 25 23 17 15 14 16 17 17 18 19 24 23 21 20 19 15 14 14 15 18 21 23 24 21 20 20 22 21 21 24 29 36 44 49 48 46 47 50 49 45 44 44 45 52
36 34 27 29 29 21 14 11 10 9 11 15 15 15 18 19 20 19 18 14 14 14 15 15 16 18 19 20 19 19 21 25 34 40 37 47 55 50 44 39 37 31 27 21 18 16 15 14 15 17 18 18 19 19 17 16 16 18 18 18 21 21 21 19 19 20 17 14 14 15 17 22 24 29 25 23 22 20 19 20 21 23 31 36 40 49 48 47 46 45 45 44 45 44 44 50
31 28 29 36 27 22 15 12 10 9 10 13 21 17 20 19 17 16 16 14 14 14 15 16 16 17 18 20 18 16 18 21 27 36 33 43 55 57 61 48 43 34 26 23 20 18 15 14 13 13 13 13 14 14 14 15 16 18 19 21 25 25 20 18 18 17 15 14 14 15 19 23 25 29 27 27 21 18 18 19 21 23 34 35 38 44 47 46 47 46 46 45 43 45 44 42
23 25 29 41 43 30 16 12 10 9 9 11 21 19 20 20 17 16 15 14 14 14 15 20 19 16 18 17 16 16 17 19 22 26 30 40 54 70 52 45 36 31 28 26 26 18 15 13 13 12 12 12 12 12 12 14 14 16 17 19 22 23 19 17 16 16 17 18 14 15 20 23 27 30 33 30 21 17 17 19 20 24 33 37 40 46 46 47 47 47 48 47 46 43 41 42
20 29 35 47 47 30 18 12 10 9 9 10 23 22 20 21 19 18 16 15 14 14 15 18 20 16 16 16 16 16 16 18 21 26 28 33 45 58 60 49 38 34 34 33 27 20 15 13 13 12 12 11 11 12 14 14 13 13 15 17 17 17 17 18 18 20 19 16 14 16 19 23 28 33 31 26 20 16 18 19 20 25 33 36 45 49 48 48 48 50 49 43 43 46 38 43
16 23 37 58 45 25 18 12 10 9 9 10 18 24 24 22 20 21 17 16 14 14 14 17 21 18 15 16 15 16 16 17 17 21 24 28 35 35 45 38 40 38 34 30 24 19 16 14 13 12 12 11 11 13 16 12 12 12 14 14 14 15 18 17 17 17 16 14 14 16 19 24 27 31 25 21 17 17 17 18 22 31 40 43 45 50 49 49 51 51 50 43 34 36 34 38
14 20 38 55 52 29 19 13 10 9 9 9 13 20 29 25 22 22 20 17 16 15 13 15 19 19 17 15 15 15 15 16 16 18 20 24 26 30 34 37 35 35 26 23 20 18 16 15 13 13 12 12 11 12 14 13 11 11 12 13 12 13 14 14 17 13 14 14 14 14 18 27 27 24 20 16 17 19 15 18 27 34 37 46 49 50 49 49 51 52 53 51 38 32 34 37
14 19 31 46 51 30 19 14 11 9 9 9 11 21 28 27 22 22 20 18 21 16 13 14 17 17 22 17 15 15 15 15 16 17 18 20 21 26 32 31 32 37 27 23 24 18 16 15 14 13 13 12 12 12 12 12 12 12 12 12 12 12 17 18 19 14 14 14 14 14 14 17 20 19 16 15 21 18 17 19 30 38 37 40 45 47 48 49 51 52 52 54 45 35 33 30
14 16 28 42 53 31 21 15 11 9 9 8 10 17 22 25 20 18 17 18 19 17 13 14 18 14 16 21 17 15 15 15 16 16 17 18 19 22 26 27 30 34 31 22 23 19 17 15 15 14 13 13 13 12 12 14 17 16 12 12 12 18 22 22 19 16 14 14 15 15 14 15 16 20 17 17 23 21 23 32 33 34 36 37 37 40 44 47 43 50 49 52 46 34 36 39
14 18 32 40 44 34 24 17 12 10 9 8 14 25 23 23 21 18 16 16 17 16 13 12 16 13 14 20 23 16 14 15 15 16 16 17 18 21 23 25 29 32 33 23 21 19 18 16 15 14 14 14 14 15 15 15 19 20 14 13 13 17 23 27 20 17 15 15 16 15 15 15 15 18 16 19 24 22 30 37 37 36 36 36 37 36 39 46 38 44 48 48 36 28 35 50
14 18 33 39 32 24 21 18 14 11 9 8 9 14 19 20 18 20 18 16 15 14 13 12 13 14 13 17 24 17 15 14 15 15 16 17 18 20 22 24 33 38 36 28 23 20 20 17 16 15 15 17 19 20 18 18 19 19 18 17 13 16 21 27 21 17 15 17 17 17 18 18 20 19 18 24 25 25 37 41 39 39 38 28 31 37 43 37 35 41 49 49 37 30 26 44
14 15 29 30 22 20 17 16 14 12 10 9 8 9 12 13 13 14 16 18 15 13 13 11 11 12 13 15 21 17 15 16 15 15 16 17 17 19 21 24 29 37 38 29 26 22 22 21 19 17 17 19 24 21 18 17 15 16 17 17 13 15 17 23 20 17 16 19 19 20 20 21 23 20 22 28 27 29 41 42 42 41 33 29 29 37 40 35 40 50 53 46 45 36 29 36
14 14 24 29 23 24 19 19 15 13 11 10 9 8 8 9 11 12 14 18 17 12 11 11 10 11 12 13 16 15 16 17 17 16 17 17 17 18 21 24 27 34 31 27 30 26 24 22 20 21 21 21 26 20 15 14 15 15 17 18 16 13 14 20 19 17 17 20 21 23 24 24 23 21 25 30 30 32 39 39 43 42 41 40 35 38 38 36 40 38 44 52 47 35 27 38
20 14 16 20 22 21 18 19 15 12 11 12 14 11 9 8 8 11 14 16 18 13 11 10 10 11 12 15 16 14 16 19 20 20 20 18 16 16 17 20 24 30 28 25 29 27 23 21 21 22 22 24 23 17 14 14 16 17 18 20 14 12 13 17 18 17 18 20 23 26 29 28 26 22 23 28 33 40 38 42 44 43 42 35 40 38 37 37 36 38 43 53 41 34 27 41
23 17 14 18 20 17 15 14 13 13 14 17 17 14 11 8 8 8 11 12 16 13 12 12 11 11 12 14 14 15 18 26 24 24 22 20 17 16 17 17 21 25 29 25 22 22 20 19 20 21 23 24 18 15 14 16 18 20 20 20 15 14 16 17 19 18 19 21 23 26 30 33 30 24 23 25 36 44 47 45 43 43 43 42 41 34 29 40 35 39 41 44 38 31 28 46
17 23 15 15 15 14 13 13 14 15 15 17 16 13 12 10 8 7 8 9 10 11 11 11 10 10 13 15 14 16 24 30 29 25 21 19 18 17 17 17 18 22 28 26 21 20 21 20 20 23 23 19 16 15 16 18 22 23 22 17 14 14 17 19 21 20 19 20 23 26 30 33 30 25 23 23 26 32 38 46 44 43 43 42 36 36 29 42 41 31 30 31 32 25 39 47
16 26 17 13 15 14 14 14 19 16 14 14 13 12 13 11 8 8 8 8 8 10 9 9 9 9 11 13 14 16 22 31 33 27 22 22 23 21 17 17 17 21 29 26 20 19 20 22 22 24 24 19 18 17 17 20 25 26 23 17 13 12 16 19 23 21 19 20 22 25 28 31 29 25 23 22 22 24 26 34 39 43 43 40 43 43 37 36 40 41 42 36 35 34 37 42
15 19 19 14 16 22 17 17 18 15 15 14 12 14 15 12 8 8 7 7 7 8 8 8 8 9 10 11 12 15 17 23 23 22 22 23 25 26 23 18 18 19 25 28 20 19 21 24 26 30 30 23 22 20 19 22 29 29 22 17 13 12 15 18 20 22 20 20 22 26 28 31 28 24 23 22 22 22 23 25 30 42 46 45 44 42 36 41 43 43 43 41 38 45 47 47
17 26 24 16 14 16 21 22 24 20 17 16 15 14 13 10 9 9 8 8 7 7 7 8 8 8 9 11 11 13 15 16 18 18 21 21 22 25 28 22 22 23 26 25 20 19 21 29 31 37 34 28 27 24 22 22 25 29 24 18 14 12 13 16 20 23 22 20 21 25 28 27 26 27 25 21 21 22 22 23 30 42 49 47 44 41 44 45 44 45 46 38 43 48 51 52
24 27 20 15 13 15 17 20 22 21 21 16 14 12 12 13 12 11 11 10 9 9 9 8 8 8 9 10 11 13 14 17 20 20 21 21 21 23 26 29 31 29 23 20 19 21 24 32 34 42 39 32 31 28 24 23 24 28 27 18 15 12 13 16 20 27 26 22 21 22 24 25 31 34 26 22 21 22 22 23 25 30 43 46 45 46 47 46 45 45 42 40 46 52 53 54
16 16 15 14 13 13 14 15 18 19 17 15 13 12 12 13 15 16 15 16 20 18 15 11 9 8 9 10 12 14 16 18 22 21 23 23 22 24 29 34 36 28 23 20 19 21 24 29 33 42 39 34 33 31 28 25 25 27 24 18 15 13 13 16 21 31 29 23 21 22 23 25 31 38 27 22 21 21 22 22 23 25 32 39 47 52 51 47 46 44 44 46 50 52 52 54
15 14 14 14 15 15 14 19 25 23 21 20 19 16 16 19 21 21 21 24 28 29 29 17 11 8 8 11 14 17 18 20 23 24 23 23 23 25 31 41 39 30 24 21 20 20 22 26 30 38 38 34 32 30 29 27 27 27 21 18 14 12 13 15 19 26 27 23 22 22 23 25 32 46 31 23 22 21 21 22 23 24 26 30 45 52 49 44 43 44 46 49 51 52 53 54
16 18 15 16 19 17 16 17 20 21 19 17 19 22 21 20 21 21 18 20 21 24 27 20 12 9 9 10 12 17 20 23 25 27 26 24 24 26 29 32 35 34 29 24 21 20 22 24 27 32 36 37 32 29 28 27 28 25 20 17 14 12 12 14 17 24 26 24 23 22 23 27 34 43 35 27 23 21 21 22 23 24 25 28 42 45 43 42 42 44 47 52 52 53 54 56
19 23 23 22 23 19 18 17 18 18 17 16 17 17 18 25 23 20 18 17 17 18 18 16 12 9 9 11 13 16 20 25 25 27 28 27 26 26 28 30 37 37 36 29 22 21 22 24 27 32 36 36 32 29 27 26 26 26 21 17 15 13 12 13 16 21 26 25 23 23 24 27 31 37 44 39 28 22 21 22 22 24 26 27 35 43 40 41 43 45 47 51 54 56 55 56
28 24 21 24 28 23 21 18 17 19 19 18 17 16 17 18 17 17 15 16 16 15 15 13 11 9 10 11 13 17 21 22 21 25 28 28 28 28 29 31 34 38 36 28 23 22 23 25 30 34 38 35 32 29 26 25 24 24 22 19 16 14 12 13 15 18 21 25 25 25 24 25 26 30 43 39 30 24 22 23 22 24 32 32 32 41 40 45 46 48 49 53 58 58 58 57
27 25 19 18 19 19 21 19 16 18 23 24 18 16 15 14 13 13 13 13 13 13 14 13 10 9 10 10 11 13 16 17 20 23 26 30 30 30 31 33 35 39 33 27 24 25 27 30 35 38 38 35 33 28 25 24 23 22 23 23 19 16 14 13 14 17 20 25 28 29 27 25 24 26 33 41 29 24 22 21 21 25 34 41 34 33 39 47 50 52 54 58 58 57 57 56
24 26 19 17 17 17 18 18 17 21 19 18 16 16 14 13 15 15 13 13 13 13 13 12 13 11 11 10 10 12 14 15 18 21 26 31 31 32 34 37 38 37 31 28 27 29 31 34 37 37 36 37 35 30 24 23 22 22 24 26 24 20 18 13 14 17 19 24 31 27 24 23 23 24 30 37 27 23 20 20 22 26 34 46 39 35 38 46 54 57 56 56 56 56 58 56
21 25 18 17 17 16 16 17 19 21 21 17 16 14 13 14 18 13 11 11 12 12 13 14 17 17 14 11 10 11 13 14 16 20 24 29 30 32 35 39 39 36 32 32 35 39 44 41 38 36 35 35 33 31 24 22 22 23 25 29 31 24 19 14 14 16 19 25 32 25 23 22 22 22 26 36 28 22 20 20 22 27 33 44 40 37 36 40 45 56 55 54 56 58 59 59
19 18 17 17 16 16 18 18 19 24 23 19 17 14 13 13 12 11 10 10 11 14 14 16 17 14 13 11 10 11 12 14 16 18 23 27 30 33 35 36 36 34 34 37 41 43 44 41 37 35 34 33 32 34 24 21 21 23 25 30 29 23 19 15 14 16 19 23 29 25 22 22 22 22 23 30 26 22 22 23 27 29 32 39 37 38 36 38 44 54 51 51 55 56 58 59
17 18 19 17 19 18 20 22 18 19 20 16 17 15 13 12 12 11 11 11 10 11 13 17 16 12 12 10 10 11 12 13 17 19 22 26 29 33 33 32 30 31 34 39 43 42 41 39 37 35 33 32 31 32 25 21 21 22 24 26 24 21 17 15 14 16 18 21 26 26 23 22 21 21 22 26 24 25 28 32 35 35 36 36 34 34 35 36 46 50 50 51 54 55 56 61
21 19 17 17 19 19 20 21 17 16 15 13 14 14 14 15 14 13 12 11 10 10 10 12 13 12 13 11 11 11 12 13 18 22 24 26 29 29 28 26 26 29 35 41 42 41 40 38 37 34 33 32 30 30 26 22 21 21 23 25 23 20 16 14 14 16 18 21 25 28 24 22 21 21 22 22 24 28 33 43 47 52 43 38 35 33 33 36 38 45 51 52 58 56 56 59
15 16 15 16 20 22 23 22 15 13 12 12 12 13 15 16 16 15 13 12 12 11 11 10 12 12 11 11 11 11 12 13 15 23 23 29 31 26 23 23 25 30 38 42 41 41 38 37 35 34 33 32 30 29 25 22 21 20 22 23 20 17 14 13 15 17 19 20 23 32 25 22 21 22 22 23 26 30 34 47 62 58 46 40 36 33 32 35 42 44 50 54 58 56 54 57
