data/bioclim/bclim9.asc
NCOLS 300 
NROWS 196 
XLLCORNER -121.25 
YLLCORNER 31.1666666666667 
CELLSIZE 0.0416666666666667 
NODATA_value -32768 
[rows 0 to 40 of 196, columns 93 to 185 of 300]
177 187 188 187 168 135 125 149 188 195 196 197 195 189 179 177 182 180 175 161 149 110 146 25 -8 32 33 -7 28 -15 63 -14 184 -18 184 186 181 177 178 169 172 -25 -26 170 162 153 151 165 154 -25 -31 -31 -24 -30 149 154 -34 -33 -28 -21 -17 -16 -31 147 147 119 112 115 -19 -4 -12 -4 -5 -14 141 131 131 -28 -22 -15 -3 -11 -11 -11 -12 -13 -16 -20 -20 -18 -15 -13 -13
166 184 186 175 135 135 119 171 195 197 198 197 192 182 162 173 181 180 176 166 150 65 104 22 -7 -5 -5 -10 -10 -11 -16 -9 -15 -16 -16 -17 -19 -28 171 21 25 -24 -28 151 140 145 145 158 150 -35 -30 -31 -23 -31 153 -35 -35 -33 -31 -29 -20 -20 -31 132 134 117 144 128 -21 -4 -3 -13 -6 -15 -30 129 73 90 152 -8 -11 -10 -11 -11 -12 -15 -17 -22 -15 -22 -18 -14 -13
169 181 178 165 133 139 148 187 195 198 197 195 182 170 158 166 178 179 29 65 66 111 62 -11 -7 -6 -10 -19 -14 -13 -15 -8 -6 -6 -16 -17 -20 24 21 24 25 -27 20 145 96 52 138 148 56 -25 -22 -31 -33 -31 -35 -31 -33 -34 -34 -29 -23 -21 -27 143 144 121 -31 -20 -9 -13 -3 -5 -12 -23 145 105 89 111 -18 -14 -10 -10 -10 -11 -13 -17 -9 -19 -19 -24 -19 -15 -13
175 174 166 146 116 128 172 191 195 197 197 186 163 153 152 168 31 33 29 69 20 61 20 -14 -7 -8 15 58 -19 -14 -14 -8 -7 -7 -7 -9 -21 25 -24 -12 -24 -31 -14 -21 59 62 56 139 58 -26 -23 -22 -24 -29 -30 -27 -30 -33 145 -33 -26 -21 -24 -27 -29 142 135 -16 -7 -13 -12 -5 -11 -28 -23 -23 114 -29 -13 -3 -10 -9 -10 -12 -14 -10 -21 -15 -26 -22 -18 -15 -12
173 167 152 134 117 143 185 196 198 198 195 179 143 107 154 26 30 32 30 27 22 55 61 17 -11 -14 52 54 -19 -13 -10 -8 -7 -7 -9 -11 -14 -13 -11 -10 -13 -14 -20 -15 14 66 61 54 59 62 -26 -25 -24 -23 -24 -23 -27 -35 126 150 -28 -22 -21 -25 -33 -31 137 -16 -6 -4 -3 -10 -14 -14 -9 -6 -6 -5 -11 -9 -8 -9 -9 -13 -16 -18 -18 -19 -23 -24 -23 -16 -11
167 155 137 89 141 189 43 44 198 196 39 165 105 105 112 69 28 31 30 -9 -14 61 54 58 -15 -19 46 10 -16 -12 -9 -8 -8 -12 -18 -17 -17 -13 -10 -10 -10 -18 -19 -15 70 13 50 50 56 56 9 -27 -24 -21 -18 -21 -25 -30 131 137 -29 -22 -20 -22 -29 -29 -19 -12 -7 -13 -4 -13 -19 -9 -4 -3 -2 -1 -9 -8 -8 -8 -9 -12 -15 -18 -16 -17 -20 -25 -26 -20 -13
-24 144 135 136 34 42 44 44 43 40 35 27 104 90 96 66 27 30 28 -11 21 13 49 53 12 -21 52 -21 -14 -11 -9 -8 -9 -15 12 14 -17 -13 -7 -7 -8 -7 -9 -22 20 14 56 55 59 57 -28 -26 -23 -24 -16 -18 -18 -23 142 102 -28 -22 -20 -21 -24 -29 -21 -10 -6 -13 -5 -19 112 -25 -16 -4 -11 0 -8 -8 -8 -8 -8 -10 -12 -14 -13 -14 -18 -23 -26 -27 -22
152 104 89 154 40 44 44 45 43 38 31 70 100 92 97 21 28 28 26 22 17 56 55 -19 12 -19 12 -22 -14 -11 -9 -8 -9 -15 12 13 -16 -9 -6 -4 -8 -8 -15 -19 -18 11 55 59 62 10 -23 -21 -22 -18 -14 -22 -23 -19 151 145 -27 -22 -21 -21 -24 -27 -17 -10 -7 -5 -5 -9 121 83 112 -10 -2 0 -7 -7 -7 -8 -8 -9 -9 -10 -12 -13 -16 -17 -31 -22 -24
105 84 94 27 42 44 44 45 42 34 21 16 55 51 16 26 28 26 25 18 11 49 15 -12 -16 -15 12 13 -13 -12 -10 -9 -9 -13 -16 15 20 -10 -5 -2 -5 -7 -3 -7 -14 14 45 53 60 12 -21 -16 -17 -15 -13 -19 -20 -15 -29 116 -29 -23 -21 -23 -28 -28 -18 -11 -8 -5 -5 -7 126 64 95 -21 -7 -1 -8 -7 -7 -8 -9 -10 -10 -11 -11 -12 -15 -20 -25 -22 -28
92 79 105 -4 41 43 44 43 39 30 21 58 54 57 22 28 28 25 21 17 53 11 -15 -10 -10 -13 11 -18 -15 -18 -11 -9 -10 -11 -12 -15 -15 -13 -5 -9 -3 -5 -9 -13 -12 67 92 55 64 -23 -20 -16 -14 -22 -18 -17 -17 -20 -26 102 6 -23 -24 -28 -29 121 -23 -11 -8 -5 -4 -5 -20 81 97 113 125 -8 -1 -8 -8 -11 -14 -8 -13 -13 -13 -13 -14 -17 -20 -25 -22
78 92 55 33 40 43 44 42 37 29 21 63 13 18 26 29 28 22 13 54 56 21 -11 -8 -10 -16 -18 -14 16 9 -14 -9 -10 -12 -9 -9 26 24 -5 0 1 1 2 -3 -12 65 91 107 59 13 -18 -15 -15 -15 -16 -14 -14 -19 -27 117 -30 -23 -27 119 -29 110 -22 -12 -7 -5 -4 -4 -14 91 99 122 -13 -6 -3 -1 -9 -11 -7 -10 -16 -16 -15 -14 -13 -15 -18 -21 -25
68 87 98 17 41 43 44 41 32 20 58 53 16 26 29 29 27 12 46 44 54 -12 -9 -8 -12 10 18 -13 9 -17 -14 -8 -8 -8 -6 -7 -10 22 -7 -3 0 -4 -4 -8 -8 64 46 54 17 15 -17 -15 -14 -11 -13 -12 -13 -12 -28 121 -26 -24 -25 127 128 -28 -17 -11 -8 -6 -5 -5 -10 102 88 110 -18 -6 -13 -11 -9 -10 -4 -19 -22 -12 -20 -17 -15 -15 -19 -22 -22
80 83 77 100 40 43 43 38 25 96 65 88 17 26 29 28 22 53 76 45 13 -11 -8 -7 -13 9 21 -10 -13 -12 -13 -8 -8 -6 34 -5 -8 23 29 28 36 -4 6 -3 0 -7 27 24 22 19 -19 -19 -12 -19 -11 -11 -12 -13 126 125 -24 -25 -25 -26 -26 -22 -16 -11 -8 -6 -5 -5 -10 108 115 118 123 -7 -3 -10 -9 -9 -12 -9 -14 -15 -12 -20 -16 -17 -23 -23 -21
92 76 84 53 38 42 41 36 22 46 63 80 9 24 28 26 13 51 78 46 17 28 -6 -8 23 13 -11 -6 -7 24 -13 -11 -6 -4 36 -5 26 19 23 28 -1 6 7 7 -2 1 -3 -16 136 18 23 -20 -14 -11 -10 -10 -12 -21 119 132 -23 -23 128 129 -22 -17 -14 -11 -8 -7 -6 -5 -8 133 -20 -18 118 -7 -10 -9 -9 -10 -12 -17 -8 -10 -17 -24 -18 -20 -24 -21 -19
52 49 10 15 36 41 39 33 24 11 86 46 53 17 27 28 16 48 81 45 20 30 32 26 18 16 23 31 -4 24 23 -8 -4 -2 36 31 67 22 31 32 0 8 9 8 -1 5 -9 -7 24 21 -9 -12 -9 -8 -9 -10 -16 -20 130 -23 -20 -22 120 126 -18 -15 -13 -12 -12 -8 -6 -6 -7 -11 -14 -11 137 -6 -9 -10 -2 -11 -12 -14 -15 -18 -15 -12 -16 -18 -25 -20 -18
14 11 10 23 38 41 36 26 13 43 50 9 10 21 26 27 13 54 44 11 23 32 32 23 11 54 15 31 -2 32 26 33 38 -1 35 28 19 26 35 41 6 10 10 10 1 6 35 -4 -9 24 -15 -9 -8 -8 -8 -10 145 122 126 -21 -18 -19 124 100 -20 -15 -12 -12 -14 -11 -8 -6 -6 -7 -8 -7 -6 -3 -1 -10 -5 -7 -7 -15 -15 -16 -16 -15 -13 -16 -20 -24 -21
18 21 13 26 40 39 33 24 56 44 50 8 19 25 27 26 17 12 8 16 26 34 31 21 53 56 54 33 41 35 29 36 40 37 34 26 28 34 42 47 10 11 11 11 10 -2 27 150 -8 148 -7 -9 -7 -7 -7 -10 -16 122 129 -19 -16 -15 -20 108 -19 -13 -11 -11 -12 -14 -10 -7 -6 -6 -6 -5 -4 -3 -10 -12 -8 -17 -12 -8 -8 -17 -12 -11 -11 -13 -22 -27 -22
25 29 23 27 42 38 29 19 12 16 20 19 22 26 26 24 16 11 21 21 28 34 24 21 22 19 14 40 43 40 39 41 40 31 29 29 28 38 48 51 53 54 12 12 11 171 144 142 151 152 -7 -5 -9 -6 -6 -8 -14 144 136 146 -15 -13 -16 128 -15 -11 -10 -10 -11 -15 -12 -7 -6 -5 -5 -3 -3 -2 -2 -4 -9 -20 -13 -10 -17 -15 -12 -11 -11 -12 -23 131 -30
25 29 36 40 41 36 27 15 15 21 28 25 23 25 24 18 10 25 30 26 24 33 30 24 31 35 42 45 45 42 42 42 41 36 31 32 33 45 53 14 55 54 13 13 9 138 135 142 143 145 151 -10 -8 -5 -5 -6 -10 -9 146 142 143 -12 -13 137 -13 -10 -9 -9 -10 -12 -13 -7 -6 -6 -7 -3 -2 -3 -3 -5 -9 140 -15 -11 -9 -15 -13 -11 -12 -13 -19 -22 -23
38 39 43 42 38 30 23 19 20 27 32 29 25 23 17 9 16 30 36 33 31 34 30 30 42 46 47 47 44 35 42 43 43 38 34 35 44 51 56 56 55 55 14 13 7 95 86 82 145 150 160 -6 -5 -4 -4 -5 0 -6 135 83 -14 -9 -11 141 -11 -9 -8 -8 -8 -12 -15 -8 -7 -7 -8 -5 -3 -3 -3 -6 -10 134 140 -14 -12 -16 -13 -12 -12 -13 -19 -26 -25
45 46 45 40 32 23 14 24 29 33 33 29 22 23 14 22 27 35 38 31 29 26 21 23 44 49 49 48 44 39 42 43 44 40 40 37 47 54 57 56 56 55 56 54 182 154 79 86 98 162 169 175 4 -3 -3 -3 -5 -5 132 108 -7 -7 -12 98 -10 -8 -7 -6 -6 -7 -9 -9 -10 -9 -10 -10 -4 -4 -4 -7 -11 138 86 -15 -12 -16 -14 -13 -14 -14 -19 -23 -25
9 47 44 40 33 26 28 31 35 36 29 20 18 19 16 15 29 38 40 32 31 24 23 27 44 50 51 49 45 37 42 43 43 43 43 43 54 57 57 194 194 56 55 188 172 151 94 83 99 167 174 177 5 -2 -2 -2 3 106 154 -6 -5 -6 107 110 96 -9 -5 -5 -5 -5 -7 102 101 102 -10 -8 -5 -4 -4 -7 -9 -14 96 -16 -12 -8 -16 -14 -15 -15 -21 140 -24
10 45 41 39 38 35 35 38 39 37 28 17 11 14 11 13 31 39 41 39 35 21 24 29 44 50 52 51 42 36 42 43 44 43 46 52 57 58 195 194 57 56 191 127 102 88 91 101 116 172 178 180 181 182 -1 5 -7 105 108 120 -4 115 116 117 107 -6 -4 -4 -4 -5 -7 105 96 86 98 -9 -6 -5 -4 -5 -8 -11 -15 -15 -12 -19 -17 -16 -16 -19 -17 135 -23
10 43 34 29 31 38 40 40 41 39 33 24 16 9 8 17 30 41 42 41 35 21 20 26 44 51 53 53 51 43 37 40 44 118 124 56 58 57 58 195 194 146 180 105 71 69 97 111 122 175 180 182 136 137 183 -2 125 100 110 120 120 111 122 119 98 110 -3 -3 -3 -4 -5 112 94 86 82 103 -7 -6 -5 -5 -7 -13 97 -15 -13 -11 -19 -17 -19 -16 82 89 -24
52 46 30 14 25 37 42 43 43 41 37 31 28 25 23 30 32 43 43 43 39 22 23 29 43 53 54 54 54 48 33 44 48 127 49 147 149 149 195 195 193 187 127 99 56 70 105 118 127 132 177 137 138 183 133 127 124 116 116 121 111 113 126 123 112 108 118 123 123 118 110 106 90 89 100 98 101 107 -8 -7 -7 -10 98 91 96 -14 -21 -19 -21 89 78 94 -17
55 49 39 23 30 36 40 45 43 40 34 29 31 32 35 39 40 46 44 46 41 32 30 37 46 54 55 56 55 51 43 121 47 52 54 146 148 149 195 194 142 132 122 93 57 90 116 127 133 131 134 138 139 135 127 124 127 123 120 115 115 127 129 124 117 110 118 123 123 118 106 85 88 98 105 101 107 103 92 105 -8 -9 104 86 89 -15 -13 -12 -21 -18 89 89 -21
15 51 42 32 33 35 40 46 42 35 28 24 30 35 33 42 44 47 47 48 44 37 32 44 51 54 55 56 56 50 122 123 51 144 147 148 148 148 146 139 112 103 102 82 84 110 127 135 135 122 129 137 139 138 131 128 130 125 120 113 125 133 130 125 115 110 118 125 125 120 110 86 84 100 109 112 114 108 89 86 112 -9 107 93 86 101 -14 -13 -22 -24 -19 94 -18
56 52 45 36 36 41 46 47 40 33 26 33 30 40 37 39 46 47 49 49 47 42 35 43 54 55 55 54 53 55 54 57 147 147 147 145 144 141 128 110 83 84 87 87 108 124 134 137 133 134 134 136 136 137 138 129 134 127 115 117 131 136 131 124 114 118 123 128 127 124 117 108 94 104 111 116 119 114 103 95 111 114 108 94 75 95 105 -14 -13 -14 -16 104 -26
56 52 47 38 33 44 49 49 44 39 34 35 42 43 35 37 45 49 50 50 48 44 37 39 52 55 54 50 122 133 143 148 148 147 145 139 134 116 92 90 68 92 103 106 122 132 138 138 129 138 140 129 125 130 138 140 138 133 127 129 137 138 134 129 126 125 127 130 130 127 124 117 98 90 108 116 122 121 109 96 107 114 111 101 82 88 103 108 -14 -13 -15 -17 104
54 52 47 41 38 47 51 52 51 49 44 41 46 48 40 40 45 50 51 49 46 40 31 37 49 53 134 120 115 126 55 148 149 148 140 126 122 105 83 66 84 104 107 122 132 136 139 138 131 141 142 136 124 119 128 136 141 139 134 134 140 142 141 137 135 124 118 131 132 130 129 124 116 105 104 117 124 123 111 96 104 111 113 108 101 93 97 105 112 -13 110 -24 -24
53 51 47 41 42 49 53 53 54 54 51 44 48 50 42 41 47 52 51 48 42 37 32 106 48 52 128 114 114 126 141 60 150 148 140 125 112 95 78 82 107 118 123 132 137 139 141 137 141 144 144 141 134 123 105 121 135 143 138 134 140 144 144 142 133 125 100 125 133 134 132 129 124 118 111 113 123 121 109 92 100 109 112 111 107 99 97 101 113 -11 114 -21 -23
51 52 48 44 43 50 54 55 56 56 56 53 53 53 51 50 52 53 50 44 33 81 83 112 129 133 129 118 106 121 140 151 151 150 140 120 103 102 86 100 114 122 130 134 137 140 141 140 139 145 145 142 136 124 104 107 127 142 141 134 140 146 147 146 140 128 94 117 132 135 135 132 129 125 121 117 121 116 107 94 96 108 111 112 107 105 110 111 113 -12 -10 -19 -9
51 54 52 44 43 51 56 56 57 57 57 51 54 55 55 54 55 52 45 39 103 83 80 110 126 130 126 118 104 115 140 152 153 149 138 118 102 113 114 122 123 127 130 136 138 139 136 135 145 145 145 142 134 123 104 105 130 144 138 128 141 148 148 148 142 133 108 112 129 134 136 135 133 130 127 129 123 115 100 87 96 106 110 107 98 106 118 121 120 123 -17 -16 -15
55 58 57 54 51 54 57 58 58 58 58 53 54 57 56 56 55 51 44 110 89 89 78 101 118 126 126 121 111 108 135 150 151 148 135 111 113 126 134 136 135 127 110 134 138 133 125 128 146 147 146 142 133 124 125 119 132 146 138 137 143 150 150 150 139 128 107 105 125 126 132 137 136 132 131 132 124 118 107 97 90 104 110 109 115 121 126 127 128 130 -16 131 133
60 60 60 57 53 56 58 58 59 59 59 58 58 58 57 57 56 53 48 42 114 111 98 92 110 121 125 126 118 101 126 148 149 145 132 120 129 138 142 144 141 127 97 131 135 127 111 126 147 148 147 144 127 122 133 136 140 144 132 139 147 151 152 151 143 133 107 91 125 134 132 133 136 139 137 130 126 116 112 108 104 108 114 119 126 128 130 130 130 131 131 132 133
60 60 59 59 57 56 58 59 59 59 59 58 58 58 58 58 57 55 52 49 127 122 116 98 101 117 125 129 123 101 121 145 147 140 128 134 139 145 148 148 146 136 108 130 130 119 104 133 147 147 147 146 130 129 140 147 149 142 131 141 149 152 153 151 145 137 121 110 134 140 141 139 138 139 135 128 123 116 114 118 116 109 119 125 129 130 131 130 131 130 131 132 133
56 57 57 58 57 53 54 58 57 57 55 52 52 56 57 58 58 57 55 53 51 129 124 113 95 108 124 129 132 124 134 144 145 141 133 133 142 148 151 151 151 147 115 126 119 120 122 138 144 147 144 145 146 136 148 155 147 139 132 142 150 154 153 150 147 139 132 132 140 145 146 148 141 138 133 124 115 110 111 121 122 121 126 129 129 130 131 130 130 130 131 132 133
45 48 52 56 54 50 51 55 58 58 51 44 44 52 55 58 59 58 56 55 137 52 130 122 104 99 120 129 134 138 140 142 143 137 126 134 143 151 153 154 153 147 132 122 116 123 125 136 141 144 138 142 148 154 158 153 144 136 129 141 150 154 153 150 143 141 137 134 141 147 149 149 144 138 131 123 112 112 118 123 126 127 125 129 130 130 130 130 130 129 130 132 133
31 37 48 53 50 47 49 55 61 60 54 44 41 48 53 57 59 59 58 57 140 139 136 129 111 106 118 128 134 137 132 138 135 128 134 142 147 155 156 155 151 144 135 123 114 120 119 128 133 138 136 147 146 160 158 152 144 136 130 142 150 153 154 148 136 137 133 122 137 148 151 147 143 137 129 120 118 121 124 127 127 126 127 129 131 131 129 128 130 130 131 132 133
27 38 44 49 52 54 56 59 65 66 63 59 52 49 48 55 60 60 59 57 141 143 141 135 115 106 117 130 136 135 127 132 134 129 138 148 154 157 156 155 151 141 133 126 115 115 115 111 118 133 141 155 160 150 149 147 138 130 125 142 149 153 152 146 135 133 135 129 136 150 150 145 139 133 128 123 122 124 125 124 122 118 120 123 127 126 126 128 131 131 132 131 130
45 49 51 52 57 60 62 65 69 69 69 67 62 53 119 48 58 61 146 58 144 147 146 140 123 120 127 135 141 138 129 133 139 140 146 151 154 155 156 154 146 125 119 111 108 117 117 98 115 137 150 162 155 151 156 154 148 142 141 145 149 151 149 141 129 132 137 143 147 148 148 144 135 125 119 122 123 123 124 120 120 121 118 117 117 123 126 129 132 132 132 127 127
