data/bioclim/bclim11.asc
NCOLS 300 
NROWS 196 
XLLCORNER -121.25 
YLLCORNER 31.1666666666667 
CELLSIZE 0.0416666666666667 
NODATA_value -32768 
[rows 0 to 49 of 196, columns 192 to 287 of 300]
-24 -22 -21 -21 -21 -20 -19 -19 -19 -19 -20 -20 -21 -22 -22 -21 -19 -17 -16 -14 -14 -20 -32 -41 -53 -47 -27 -25 -27 -35 -31 -24 -23 -34 -48 -50 -43 -28 -27 -31 -46 -61 -76 -80 -77 -72 -62 -56 -69 -63 -68 -56 -47 -42 -40 -39 -39 -39 -39 -38 -38 -38 -37 -38 -37 -35 -34 -33 -32 -32 -35 -36 -37 -36 -35 -34 -31 -35 -43 -46 -50 -53 -56 -61 -56 -52 -49 -51 -53 -54 -47 -41 -39 -37 -36 -35
-23 -21 -20 -20 -20 -19 -19 -19 -19 -19 -20 -20 -21 -21 -22 -21 -19 -17 -16 -15 -15 -18 -25 -41 -44 -39 -25 -25 -32 -44 -39 -28 -21 -26 -38 -38 -39 -26 -28 -38 -58 -66 -78 -81 -79 -74 -62 -54 -58 -54 -44 -42 -41 -40 -39 -38 -38 -38 -38 -39 -39 -40 -40 -39 -36 -34 -33 -32 -31 -30 -32 -34 -34 -35 -35 -33 -31 -33 -35 -38 -47 -57 -58 -58 -56 -54 -52 -54 -52 -46 -44 -44 -39 -35 -33 -29
-21 -20 -20 -22 -20 -19 -18 -18 -18 -19 -19 -20 -21 -20 -20 -19 -19 -17 -16 -15 -15 -16 -20 -25 -30 -32 -26 -26 -33 -43 -34 -28 -22 -22 -29 -32 -28 -26 -35 -54 -65 -72 -80 -78 -76 -70 -70 -58 -70 -65 -56 -41 -39 -39 -38 -37 -37 -38 -37 -39 -42 -43 -43 -44 -41 -35 -32 -32 -31 -30 -30 -33 -30 -31 -34 -33 -28 -31 -33 -35 -39 -45 -56 -60 -53 -57 -54 -55 -50 -43 -38 -37 -36 -33 -30 -26
-20 -19 -19 -20 -20 -18 -18 -18 -18 -18 -19 -20 -20 -19 -19 -18 -17 -16 -15 -14 -14 -15 -17 -23 -26 -28 -38 -34 -33 -41 -32 -30 -21 -22 -26 -26 -26 -30 -46 -63 -69 -75 -81 -75 -64 -58 -60 -55 -61 -56 -46 -39 -38 -37 -36 -36 -36 -36 -36 -35 -36 -40 -44 -44 -36 -34 -32 -32 -31 -29 -32 -35 -33 -33 -28 -28 -29 -31 -32 -34 -37 -41 -49 -58 -51 -55 -54 -49 -40 -36 -32 -31 -30 -28 -25 -23
-19 -17 -17 -17 -17 -17 -17 -17 -18 -18 -18 -18 -18 -18 -18 -17 -17 -16 -15 -14 -14 -14 -15 -18 -22 -29 -41 -50 -31 -38 -36 -30 -21 -21 -22 -23 -25 -32 -50 -64 -66 -75 -80 -75 -71 -69 -59 -47 -60 -54 -39 -37 -37 -36 -36 -34 -34 -35 -35 -35 -35 -36 -36 -36 -35 -33 -31 -30 -30 -28 -28 -33 -33 -32 -30 -25 -30 -32 -33 -35 -35 -37 -43 -47 -49 -47 -42 -45 -43 -37 -31 -27 -24 -22 -21 -20
-18 -16 -15 -15 -16 -16 -16 -17 -18 -18 -17 -17 -17 -17 -17 -16 -17 -16 -14 -13 -13 -14 -15 -18 -23 -33 -53 -50 -30 -36 -37 -29 -23 -21 -21 -24 -26 -32 -40 -47 -58 -71 -79 -80 -74 -76 -68 -52 -44 -39 -37 -36 -35 -35 -35 -34 -34 -33 -34 -35 -34 -34 -35 -37 -36 -34 -32 -29 -28 -26 -25 -28 -32 -27 -23 -24 -27 -26 -28 -31 -34 -38 -37 -41 -41 -41 -36 -33 -31 -32 -29 -25 -21 -20 -19 -18
-15 -14 -15 -15 -15 -15 -16 -20 -22 -21 -17 -17 -16 -16 -16 -15 -15 -16 -14 -13 -13 -13 -16 -19 -26 -38 -59 -47 -30 -39 -45 -31 -24 -20 -21 -25 -28 -40 -58 -61 -71 -79 -76 -65 -60 -63 -71 -65 -53 -39 -35 -34 -34 -36 -34 -34 -33 -33 -35 -35 -33 -31 -30 -32 -34 -35 -31 -28 -26 -25 -24 -24 -27 -23 -21 -21 -24 -25 -28 -31 -33 -36 -32 -36 -34 -36 -36 -27 -22 -21 -19 -18 -17 -17 -16 -15
-15 -14 -14 -14 -15 -16 -19 -27 -22 -20 -17 -16 -16 -15 -14 -14 -14 -13 -13 -12 -13 -14 -17 -21 -31 -49 -66 -52 -31 -33 -38 -29 -22 -19 -22 -25 -31 -42 -52 -66 -69 -77 -77 -71 -63 -58 -56 -54 -52 -41 -36 -35 -35 -34 -33 -32 -33 -34 -34 -36 -32 -32 -31 -29 -29 -29 -27 -27 -24 -23 -22 -22 -21 -20 -19 -20 -20 -21 -25 -25 -27 -26 -27 -29 -29 -28 -28 -24 -19 -18 -16 -15 -14 -14 -13 -13
-13 -13 -13 -13 -15 -17 -25 -28 -21 -19 -16 -15 -15 -14 -14 -13 -13 -12 -12 -11 -12 -13 -16 -23 -38 -56 -65 -58 -41 -31 -28 -24 -19 -19 -27 -32 -43 -51 -57 -60 -57 -64 -70 -65 -59 -60 -60 -48 -38 -36 -35 -35 -35 -33 -32 -32 -33 -34 -34 -34 -33 -33 -32 -32 -31 -29 -25 -25 -22 -22 -21 -20 -19 -19 -18 -18 -18 -18 -19 -21 -21 -22 -21 -22 -20 -20 -18 -17 -15 -15 -14 -13 -12 -11 -11 -10
-14 -13 -13 -13 -15 -22 -26 -26 -21 -19 -16 -15 -14 -14 -13 -13 -12 -11 -10 -10 -11 -13 -19 -26 -39 -58 -63 -56 -50 -35 -30 -20 -18 -21 -27 -34 -35 -43 -52 -51 -52 -52 -57 -60 -59 -52 -43 -41 -34 -33 -34 -34 -32 -32 -32 -33 -35 -33 -34 -35 -33 -33 -33 -34 -33 -31 -27 -24 -20 -20 -20 -19 -18 -17 -17 -17 -17 -17 -17 -18 -17 -18 -17 -16 -16 -16 -15 -14 -13 -12 -11 -10 -10 -9 -8 -9
-13 -13 -13 -13 -16 -27 -27 -26 -23 -19 -16 -15 -14 -14 -13 -13 -11 -10 -9 -9 -10 -18 -33 -50 -55 -53 -55 -52 -44 -35 -22 -18 -19 -24 -30 -33 -29 -37 -40 -48 -43 -49 -56 -56 -49 -39 -34 -32 -32 -34 -37 -32 -31 -31 -32 -34 -37 -34 -37 -37 -36 -35 -35 -35 -35 -33 -29 -22 -20 -19 -19 -18 -17 -16 -16 -17 -16 -15 -15 -15 -15 -15 -14 -14 -14 -13 -13 -12 -11 -10 -9 -8 -7 -7 -7 -7
-12 -12 -13 -14 -20 -27 -28 -27 -23 -18 -15 -15 -14 -13 -12 -12 -10 -9 -9 -9 -11 -26 -48 -61 -67 -57 -48 -44 -38 -22 -18 -20 -26 -28 -36 -40 -38 -53 -49 -52 -43 -49 -57 -56 -49 -39 -31 -29 -32 -30 -32 -28 -27 -29 -33 -37 -37 -38 -39 -38 -37 -35 -35 -33 -33 -32 -26 -19 -18 -18 -18 -18 -17 -16 -14 -15 -15 -14 -15 -14 -13 -13 -12 -14 -14 -13 -11 -10 -9 -10 -11 -9 -8 -7 -6 -5
-12 -12 -12 -15 -19 -25 -26 -20 -18 -16 -16 -15 -14 -13 -13 -12 -9 -8 -9 -8 -12 -35 -53 -64 -56 -50 -40 -33 -21 -16 -17 -23 -33 -31 -40 -48 -46 -55 -61 -58 -51 -50 -55 -52 -36 -32 -29 -30 -28 -26 -26 -25 -26 -30 -35 -39 -39 -40 -38 -38 -36 -35 -34 -33 -31 -30 -22 -18 -17 -16 -17 -18 -16 -14 -13 -12 -13 -12 -14 -13 -11 -11 -11 -11 -12 -13 -13 -11 -7 -8 -10 -13 -10 -8 -5 -4
-12 -12 -12 -15 -21 -21 -21 -17 -17 -17 -18 -16 -16 -15 -14 -12 -10 -12 -13 -14 -19 -31 -51 -51 -51 -41 -31 -20 -15 -15 -19 -29 -40 -40 -38 -47 -56 -69 -70 -68 -66 -58 -51 -49 -37 -35 -33 -31 -28 -25 -23 -22 -26 -31 -36 -34 -32 -34 -35 -35 -34 -32 -31 -29 -27 -23 -18 -18 -17 -15 -15 -16 -15 -14 -12 -11 -10 -11 -12 -11 -12 -11 -10 -9 -8 -10 -10 -10 -9 -6 -9 -12 -15 -11 -7 -10
-11 -12 -13 -17 -20 -17 -17 -17 -18 -21 -19 -19 -21 -17 -17 -15 -13 -21 -30 -39 -34 -29 -40 -47 -48 -38 -24 -15 -14 -20 -26 -40 -42 -43 -44 -57 -66 -74 -81 -79 -72 -64 -55 -55 -43 -37 -31 -28 -24 -22 -21 -22 -26 -30 -27 -27 -31 -34 -34 -33 -33 -30 -28 -25 -23 -20 -19 -18 -17 -15 -15 -13 -13 -13 -12 -10 -10 -11 -11 -11 -13 -14 -11 -8 -6 -6 -7 -8 -6 -4 -7 -12 -9 0 -6 -21
-15 -15 -17 -20 -17 -16 -16 -17 -17 -18 -18 -22 -25 -22 -23 -22 -24 -33 -41 -40 -45 -49 -54 -53 -41 -28 -17 -14 -21 -36 -51 -55 -50 -44 -44 -64 -77 -74 -79 -72 -74 -72 -64 -57 -48 -42 -30 -24 -23 -21 -21 -22 -22 -24 -21 -26 -31 -32 -31 -29 -28 -26 -25 -24 -21 -19 -19 -17 -16 -16 -15 -14 -14 -14 -13 -11 -10 -11 -12 -13 -15 -15 -11 -11 -9 -4 -3 -5 -7 -7 -6 -4 -1 -2 -15 -16
-21 -22 -24 -18 -16 -16 -16 -16 -16 -18 -19 -20 -22 -22 -23 -24 -27 -40 -46 -39 -45 -55 -56 -43 -21 -14 -13 -17 -43 -69 -73 -67 -52 -46 -43 -64 -76 -77 -74 -66 -73 -75 -62 -52 -47 -31 -23 -23 -23 -20 -22 -24 -26 -25 -20 -24 -28 -27 -26 -23 -24 -23 -22 -21 -20 -19 -18 -18 -17 -16 -16 -16 -16 -14 -14 -12 -9 -11 -12 -13 -13 -13 -13 -12 -8 -7 -4 0 -1 -6 -5 -10 -4 -10 -17 -31
-31 -25 -21 -19 -17 -16 -16 -16 -16 -20 -25 -20 -20 -22 -23 -22 -27 -36 -41 -38 -40 -40 -35 -24 -16 -17 -14 -25 -46 -73 -77 -73 -53 -43 -45 -68 -86 -71 -66 -65 -65 -68 -64 -49 -37 -26 -22 -21 -19 -18 -21 -23 -23 -22 -18 -20 -23 -22 -21 -21 -20 -20 -20 -20 -20 -20 -19 -18 -17 -16 -17 -17 -15 -14 -13 -12 -10 -9 -10 -11 -14 -15 -16 -12 -10 -6 -4 -1 3 0 -6 -15 -18 -14 -23 -35
-33 -25 -22 -21 -17 -16 -16 -16 -17 -22 -31 -22 -21 -23 -28 -25 -34 -53 -40 -34 -35 -27 -32 -26 -26 -20 -25 -51 -64 -68 -71 -64 -49 -38 -54 -76 -75 -66 -70 -61 -59 -59 -60 -46 -33 -27 -22 -20 -21 -19 -16 -19 -24 -26 -20 -18 -17 -17 -18 -18 -18 -18 -18 -19 -20 -20 -20 -19 -18 -17 -17 -16 -15 -14 -14 -14 -9 -9 -9 -12 -13 -16 -18 -19 -15 -6 2 -1 1 1 -4 -10 -22 -36 -36 -59
-30 -26 -27 -24 -18 -17 -16 -17 -19 -24 -36 -33 -26 -25 -27 -26 -42 -63 -53 -45 -46 -51 -55 -29 -32 -33 -44 -64 -77 -73 -66 -54 -41 -38 -55 -68 -66 -67 -61 -56 -52 -55 -68 -55 -40 -27 -21 -19 -20 -18 -15 -17 -20 -23 -19 -14 -13 -14 -15 -16 -17 -16 -17 -18 -19 -20 -20 -19 -19 -19 -18 -16 -15 -15 -14 -13 -11 -6 -8 -11 -13 -15 -19 -18 -18 -3 3 1 -3 -8 -2 -9 -23 -38 -50 -64
-29 -25 -24 -21 -19 -17 -16 -17 -20 -25 -37 -42 -38 -37 -36 -32 -48 -64 -60 -56 -71 -64 -52 -38 -21 -30 -50 -73 -72 -67 -60 -47 -36 -43 -58 -60 -60 -57 -53 -47 -48 -58 -71 -61 -43 -27 -24 -22 -17 -13 -13 -12 -12 -12 -13 -12 -13 -13 -14 -15 -15 -15 -17 -17 -18 -19 -19 -19 -19 -19 -18 -17 -16 -14 -15 -14 -11 -6 -6 -8 -8 -12 -15 -3 -7 1 2 1 -4 -8 -12 -6 -15 -31 -44 -64
-26 -23 -22 -20 -19 -17 -16 -18 -20 -28 -44 -43 -35 -36 -30 -32 -45 -53 -61 -68 -77 -73 -53 -30 -20 -25 -41 -58 -70 -66 -54 -39 -34 -52 -56 -53 -52 -47 -42 -42 -47 -67 -82 -66 -45 -31 -21 -18 -18 -13 -11 -10 -12 -12 -12 -12 -12 -13 -13 -14 -14 -15 -15 -16 -16 -16 -17 -17 -18 -19 -19 -17 -15 -15 -17 -13 -9 -3 -7 -10 -9 -16 -12 -2 2 3 0 -10 -6 -10 -12 -11 -16 -26 -41 -69
-24 -25 -25 -21 -17 -16 -15 -17 -22 -31 -46 -39 -27 -28 -25 -28 -41 -54 -64 -75 -82 -77 -70 -42 -22 -20 -29 -52 -65 -70 -54 -36 -40 -58 -56 -54 -51 -45 -39 -39 -47 -65 -74 -62 -46 -35 -27 -19 -11 -11 -10 -9 -9 -10 -13 -13 -11 -12 -13 -13 -14 -13 -13 -14 -14 -14 -15 -15 -15 -18 -18 -16 -14 -16 -19 -14 -5 -1 -2 -4 -14 -14 -5 0 2 -8 -12 -13 -10 -7 -9 -13 -20 -30 -44 -68
-26 -26 -26 -19 -15 -14 -15 -18 -25 -36 -46 -27 -21 -21 -22 -27 -34 -46 -59 -70 -77 -83 -69 -54 -29 -20 -24 -38 -63 -61 -43 -35 -53 -62 -57 -56 -52 -49 -42 -38 -39 -47 -51 -47 -39 -36 -31 -26 -15 -7 -6 -8 -7 -7 -8 -8 -9 -10 -11 -12 -13 -13 -13 -12 -11 -12 -12 -14 -15 -17 -19 -18 -15 -15 -18 -8 -5 -2 -1 0 -7 -12 -1 4 3 1 -9 -16 -15 -9 -12 -13 -17 -23 -32 -44
-24 -21 -19 -14 -13 -14 -14 -22 -40 -41 -30 -19 -18 -20 -21 -24 -33 -54 -68 -65 -68 -76 -65 -48 -28 -24 -31 -43 -63 -51 -35 -35 -63 -66 -62 -57 -53 -51 -46 -42 -35 -35 -35 -31 -26 -21 -20 -15 -12 -10 -5 -5 -6 -7 -11 -9 -9 -10 -11 -11 -12 -12 -12 -12 -12 -10 -12 -13 -16 -18 -19 -18 -16 -16 -17 -8 -12 -6 -3 -3 -6 -10 -3 1 1 0 0 -18 -19 -17 -13 -16 -20 -23 -27 -31
-20 -17 -14 -13 -13 -13 -13 -17 -26 -32 -20 -16 -16 -17 -17 -22 -33 -45 -55 -65 -70 -73 -54 -40 -21 -25 -49 -56 -63 -45 -29 -35 -64 -67 -62 -57 -56 -54 -49 -43 -42 -47 -41 -32 -28 -26 -24 -16 -8 -10 -5 -4 -4 -6 -8 -7 -8 -9 -10 -10 -11 -11 -11 -11 -11 -10 -9 -12 -14 -17 -19 -20 -19 -20 -16 -14 -14 -7 -5 -1 -3 -5 1 1 0 -11 -17 -18 -20 -17 -14 -15 -19 -23 -26 -29
-15 -13 -12 -12 -12 -12 -12 -13 -17 -20 -15 -16 -16 -17 -18 -23 -35 -48 -61 -69 -74 -68 -43 -29 -21 -19 -36 -49 -58 -39 -26 -41 -65 -66 -61 -57 -56 -56 -54 -50 -59 -71 -62 -51 -37 -32 -36 -32 -16 -15 -5 -4 -4 -8 -6 -6 -8 -9 -11 -11 -11 -11 -10 -10 -11 -12 -8 -9 -10 -13 -17 -20 -18 -18 -21 -14 -8 -8 -5 -3 0 -2 1 -2 -1 -2 -8 -13 -15 -19 -16 -14 -15 -18 -23 -30
-12 -11 -11 -11 -11 -11 -12 -14 -21 -26 -26 -25 -23 -28 -26 -31 -35 -44 -58 -71 -73 -53 -32 -18 -18 -27 -32 -35 -33 -30 -28 -47 -64 -65 -61 -61 -60 -60 -59 -57 -67 -81 -78 -72 -58 -45 -38 -33 -25 -12 -11 -5 -4 -6 -8 -8 -9 -15 -18 -15 -14 -11 -9 -10 -10 -12 -12 -5 -10 -13 -14 -13 -10 -15 -20 -12 -11 -8 -8 -5 0 -3 -3 -3 -3 -3 -2 -11 -15 -15 -18 -19 -16 -16 -20 -26
-11 -12 -14 -14 -15 -15 -15 -21 -27 -33 -40 -38 -35 -35 -32 -28 -33 -42 -56 -63 -55 -43 -28 -21 -24 -44 -59 -61 -43 -27 -30 -44 -62 -64 -63 -63 -63 -66 -66 -62 -74 -83 -83 -79 -78 -67 -41 -27 -22 -20 -17 -7 -3 -6 -8 -12 -15 -31 -47 -37 -26 -12 -10 -8 -8 -8 -8 -7 -5 -6 -10 -12 -13 -13 -19 -13 -10 -7 -7 -2 -3 -7 -6 -5 -5 -7 -4 -6 -21 -17 -17 -20 -19 -18 -18 -22
-11 -16 -21 -20 -22 -28 -26 -27 -32 -37 -43 -47 -35 -25 -22 -31 -38 -43 -51 -52 -52 -40 -39 -33 -38 -54 -68 -62 -48 -33 -29 -36 -48 -60 -66 -66 -68 -70 -69 -66 -79 -82 -81 -81 -74 -61 -44 -31 -24 -20 -15 -8 -4 -6 -8 -11 -18 -39 -65 -47 -25 -15 -10 -8 -7 -8 -7 -4 -2 -8 -8 -10 -12 -15 -18 -13 -7 -3 -1 -4 -8 -9 -8 -7 -6 -9 -7 -7 -15 -22 -19 -20 -22 -20 -18 -23
-11 -18 -19 -19 -24 -26 -25 -25 -26 -33 -35 -31 -19 -17 -27 -38 -42 -52 -51 -47 -45 -34 -47 -51 -56 -70 -69 -61 -52 -41 -31 -39 -59 -64 -69 -70 -72 -71 -73 -73 -79 -79 -71 -71 -76 -69 -53 -32 -24 -19 -15 -5 -4 -6 -9 -10 -19 -37 -58 -53 -25 -13 -8 -6 -7 -8 -9 -10 1 -3 -4 -8 -10 -14 -10 -9 -5 -7 -10 -12 -12 -12 -13 -9 -11 -10 -11 -12 -10 -22 -21 -21 -23 -20 -28 -30
-9 -11 -13 -18 -24 -21 -20 -19 -25 -28 -21 -15 -13 -18 -42 -41 -49 -44 -48 -45 -36 -30 -48 -64 -71 -74 -67 -61 -52 -44 -37 -46 -64 -71 -68 -69 -70 -69 -66 -72 -74 -68 -56 -56 -61 -59 -48 -31 -26 -24 -21 -8 -4 -7 -13 -12 -17 -24 -36 -34 -21 -11 -8 -4 -4 -3 -4 -7 1 -2 -7 -13 -15 -10 -8 -7 -2 -10 -13 -16 -18 -17 -17 -13 -15 -14 -13 -14 -18 -21 -25 -22 -29 -27 -33 -34
-8 -9 -12 -16 -16 -15 -15 -16 -24 -24 -13 -11 -12 -25 -40 -50 -47 -43 -41 -37 -29 -33 -49 -62 -71 -69 -65 -60 -54 -48 -41 -52 -67 -74 -72 -70 -70 -64 -55 -57 -55 -55 -43 -37 -40 -35 -28 -22 -15 -13 -14 -15 -5 -10 -13 -16 -16 -19 -41 -40 -19 -10 -7 -4 -3 -3 -1 -5 2 -2 -8 -11 -8 -8 -6 -8 -8 -11 -15 -15 -18 -20 -22 -17 -16 -17 -22 -18 -26 -24 -25 -31 -34 -32 -33 -33
-7 -9 -8 -10 -11 -10 -10 -15 -17 -11 -9 -10 -18 -34 -51 -48 -53 -49 -38 -32 -30 -35 -49 -58 -66 -67 -63 -59 -49 -43 -42 -58 -72 -76 -69 -68 -70 -55 -44 -42 -39 -32 -32 -26 -19 -20 -17 -15 -11 -10 -14 -17 -7 -8 -8 -9 -9 -14 -38 -44 -24 -18 -12 -5 -1 -2 -1 -2 2 1 -2 -6 -5 -5 -11 -11 -15 -18 -18 -18 -17 -20 -25 -24 -25 -24 -19 -27 -49 -34 -35 -38 -34 -32 -32 -32
-7 -8 -7 -6 -6 -6 -10 -12 -7 -8 -8 -11 -31 -41 -47 -55 -51 -43 -37 -31 -32 -37 -51 -60 -66 -65 -63 -57 -47 -43 -45 -59 -72 -75 -60 -51 -55 -41 -32 -32 -25 -21 -20 -16 -14 -11 -11 -13 -6 -8 -13 -16 -9 -2 -3 -4 -4 -6 -14 -18 -28 -48 -22 -8 0 3 0 4 7 5 2 -2 -4 -4 -10 -14 -18 -23 -23 -26 -25 -26 -36 -38 -30 -29 -26 -29 -41 -45 -50 -43 -37 -34 -32 -32
-7 -9 -7 -5 -4 -6 -14 -9 -7 -8 -12 -27 -45 -52 -55 -59 -52 -44 -38 -33 -34 -39 -48 -59 -64 -61 -60 -54 -47 -44 -49 -56 -65 -67 -56 -39 -36 -32 -25 -33 -18 -17 -14 -12 -11 -7 -7 -11 -2 -7 -13 -16 -10 -1 -2 -3 0 1 -1 -5 -14 -22 -9 -2 2 4 4 3 8 4 1 1 -3 -2 -7 -13 -16 -21 -23 -28 -29 -39 -39 -41 -34 -33 -33 -38 -51 -54 -66 -53 -38 -33 -31 -31
-8 -9 -6 -4 -3 -4 -7 -9 -13 -26 -29 -43 -55 -64 -61 -57 -56 -46 -40 -35 -35 -39 -51 -55 -61 -59 -55 -50 -46 -47 -52 -56 -65 -51 -40 -33 -27 -22 -17 -17 -19 -13 -10 -7 -7 -4 -3 -6 -3 -4 -8 -12 -15 -5 2 1 4 4 2 -1 -1 -3 -2 -3 -6 2 9 10 10 7 3 0 -3 -6 -9 -15 -13 -17 -21 -26 -27 -29 -39 -41 -29 -31 -29 -32 -50 -51 -54 -50 -37 -32 -30 -27
-5 -10 -5 -3 -2 -4 -15 -29 -35 -44 -41 -49 -61 -64 -60 -54 -49 -49 -47 -42 -38 -38 -49 -55 -57 -55 -53 -52 -47 -49 -53 -60 -71 -59 -41 -32 -25 -17 -14 -10 -14 -12 -8 -4 -3 -1 1 0 -3 -5 -5 -8 -11 -8 2 2 3 6 6 3 4 3 -3 -7 -2 4 7 10 8 4 0 2 -2 -5 -10 -14 -21 -28 -23 -34 -35 -26 -32 -39 -26 -20 -20 -21 -29 -34 -37 -37 -32 -29 -28 -23
-7 -3 -2 -2 -3 -16 -43 -50 -47 -56 -59 -64 -63 -58 -53 -52 -55 -52 -49 -44 -38 -37 -49 -53 -54 -53 -52 -50 -50 -51 -53 -58 -68 -58 -39 -31 -25 -22 -18 -12 -7 -8 -8 -6 -5 -4 1 3 -1 -5 -1 -4 -4 -7 -3 4 3 5 7 5 5 5 -3 -6 6 7 7 13 7 2 -2 0 0 -4 -7 -11 -15 -25 -31 -25 -33 -30 -36 -36 -24 -14 -11 -16 -23 -26 -25 -26 -28 -27 -24 -20
-8 -1 -1 -2 -5 -20 -41 -54 -57 -65 -73 -69 -63 -56 -53 -50 -47 -46 -45 -40 -35 -41 -54 -55 -52 -52 -51 -43 -35 -32 -43 -49 -59 -46 -35 -32 -33 -22 -17 -15 -6 -2 -2 -3 -3 -4 0 3 4 1 -1 -2 1 -4 -10 2 5 7 7 5 8 9 7 5 5 9 13 9 10 5 2 -1 0 0 -4 -7 -11 -19 -29 -32 -37 -35 -35 -27 -21 -11 -8 -13 -15 -20 -17 -16 -20 -19 -20 -18
-1 1 1 -5 -18 -34 -29 -40 -45 -56 -69 -67 -62 -56 -49 -45 -48 -47 -40 -34 -36 -48 -55 -53 -52 -53 -48 -30 -15 -17 -26 -38 -35 -35 -45 -41 -34 -25 -17 -20 -12 -6 -1 1 1 4 4 4 4 6 3 0 3 1 -6 -6 9 9 11 11 13 12 11 10 11 13 11 5 7 10 6 0 -7 -7 -1 -4 -8 -17 -15 -20 -32 -37 -28 -21 -25 -11 -6 -6 -10 -13 -13 -12 -14 -15 -13 -15
0 3 -3 -9 -32 -52 -51 -46 -51 -63 -68 -64 -62 -55 -49 -44 -41 -40 -36 -35 -43 -54 -57 -54 -54 -52 -42 -20 -9 -16 -15 -21 -28 -36 -49 -44 -34 -25 -23 -23 -23 -19 -8 0 1 4 3 -1 1 7 7 6 5 2 -4 -7 7 13 16 16 15 15 14 14 14 11 10 4 2 9 6 2 -7 -10 -6 -3 -7 -7 -11 -15 -22 -30 -26 -15 -15 -8 -5 -4 -7 -8 -8 -8 -11 -12 -12 -10
-4 4 -9 -35 -50 -54 -48 -53 -50 -58 -63 -61 -58 -55 -49 -45 -41 -36 -33 -37 -49 -58 -55 -53 -51 -37 -25 -15 -7 -5 -10 -17 -27 -34 -33 -28 -29 -27 -19 -20 -16 -13 -6 1 4 5 6 6 7 8 8 8 7 4 1 -3 3 16 18 19 17 17 17 17 13 9 7 4 2 0 7 3 3 2 -3 -9 -13 -7 -10 -13 -14 -17 -19 -13 -7 -3 -4 -3 -3 -5 -6 -6 -8 -9 -11 -8
2 2 -24 -40 -53 -49 -47 -41 -38 -45 -55 -56 -55 -52 -48 -43 -39 -37 -35 -43 -54 -57 -52 -53 -41 -31 -22 -11 -3 -2 -5 -7 -14 -21 -22 -15 -21 -26 -19 -15 -13 -11 -12 -7 -6 2 5 4 4 6 7 9 10 9 5 4 1 13 19 20 19 18 18 15 12 11 8 6 5 4 1 0 3 0 0 -4 -4 -5 -9 -10 -12 -12 -9 -9 -6 -3 -1 -3 -3 -4 -4 -4 -6 -7 -9 -8
12 -6 -29 -24 -40 -48 -39 -37 -31 -40 -38 -38 -49 -50 -45 -41 -37 -34 -39 -43 -49 -56 -53 -53 -47 -30 -16 -8 -5 0 -1 -5 -11 -14 -13 -8 -15 -18 -14 -13 -16 -10 -9 -12 -13 -12 1 8 10 11 10 10 10 13 11 9 6 5 14 20 21 20 18 17 14 12 10 8 3 0 -2 -4 -2 4 3 1 -1 -4 -7 -9 -10 -9 -7 -5 -4 -1 1 -3 -2 -2 -3 -3 -4 -5 -5 -6
12 -1 -15 -17 -36 -32 -33 -15 -23 -34 -25 -25 -39 -45 -41 -34 -31 -27 -26 -34 -51 -54 -53 -48 -34 -26 -19 -14 -6 -4 -9 -7 -11 -9 -5 -3 -4 -9 -7 -7 -9 -10 -9 -9 -6 -8 -12 -4 9 13 15 14 14 14 16 12 11 10 11 19 20 20 19 17 15 12 9 6 3 2 0 2 5 7 5 3 0 -3 -7 -9 -10 -7 -4 -1 0 1 1 -1 -2 0 -2 -1 -2 -4 -4 -4
12 11 -1 -24 -36 -24 -13 -6 -17 -12 -15 -24 -29 -33 -31 -21 -23 -27 -20 -26 -43 -40 -38 -31 -25 -16 -20 -22 -9 3 -10 -3 -9 -5 1 0 -2 -3 -4 -2 0 -2 -3 -6 -5 -1 -7 -14 -7 10 13 15 15 15 17 18 15 14 10 17 20 17 18 17 14 12 9 7 4 2 5 11 11 8 5 3 -1 -3 -7 -10 -8 -6 -3 -1 2 3 2 1 1 1 0 1 -1 -2 -3 -2
13 15 1 -10 -22 -19 -10 -4 -4 -6 -18 -25 -19 -19 -19 -12 -18 -22 -18 -20 -22 -20 -21 -21 -15 -13 -12 -13 -6 4 0 1 -3 -1 0 2 -3 -5 -6 -5 2 8 4 1 -6 -6 2 -10 -18 -12 3 14 18 18 20 21 18 20 14 18 20 17 16 16 14 11 9 7 7 9 13 14 12 10 6 4 2 -2 -6 -7 -6 -3 -2 1 2 3 2 2 2 1 2 1 0 -2 -2 0
24 10 20 5 -2 -3 -12 5 -4 -14 -27 -21 -14 -6 -9 -4 -11 -11 -11 -17 -13 -10 -10 -11 -8 -15 -9 -9 2 2 5 4 5 -3 -3 5 -3 -5 -4 -2 3 7 10 7 2 1 6 -2 -7 -14 -19 1 16 20 20 22 22 21 20 20 18 16 15 11 12 12 11 14 16 18 16 15 13 11 10 6 2 -2 -3 -5 -2 3 2 2 2 3 3 2 2 2 2 2 3 0 2 1
31 14 33 29 17 4 -1 -2 -9 -11 -14 -6 -1 4 4 -11 -10 -8 -10 -10 -5 -4 -7 -13 -13 -3 0 -2 -4 1 10 8 8 4 2 11 5 -2 2 9 10 5 7 15 7 10 17 9 16 8 -11 -18 -4 13 20 20 20 22 17 16 16 20 18 12 8 16 20 21 21 18 16 15 13 10 8 9 6 3 -1 0 5 6 5 4 2 4 4 3 3 2 3 3 4 4 4 2
