data/bioclim/bclim5.asc
NCOLS 300 
NROWS 196 
XLLCORNER -121.25 
YLLCORNER 31.1666666666667 
CELLSIZE 0.0416666666666667 
NODATA_value -32768 
[rows 82 to 122 of 196, columns 93 to 185 of 300]
389 396 389 416 416 360 341 359 356 378 377 395 410 425 434 436 441 441 432 420 408 396 377 380 405 412 416 417 413 406 397 379 387 383 376 379 382 381 382 380 379 367 354 344 318 333 347 336 352 359 368 374 373 371 372 355 376 396 402 401 398 395 388 399 415 409 384 387 399 397 387 382 376 372 370 376 386 372 354 356 351 330 333 322 327 331 337 354 346 349 354 345 352
399 403 390 380 416 398 375 362 366 378 377 399 417 420 414 403 423 435 441 439 416 396 383 374 402 414 415 416 414 406 384 383 391 383 372 366 368 367 378 384 385 381 372 358 335 345 356 343 351 366 374 370 369 370 363 366 391 402 402 397 393 388 381 408 417 414 399 392 396 393 384 375 364 354 358 365 380 376 359 345 327 335 325 321 325 330 351 339 345 351 353 358 353
406 408 395 363 394 413 382 372 384 395 401 411 410 402 380 384 399 418 435 442 436 417 408 386 402 404 404 415 412 403 394 393 390 375 343 349 354 361 369 384 386 387 384 371 354 341 358 367 370 375 380 378 375 367 365 386 400 402 398 387 383 383 380 404 409 400 397 387 392 390 382 372 361 348 341 352 370 377 368 337 317 311 316 323 326 328 330 335 358 377 346 362 352
408 409 405 387 364 402 397 398 400 406 409 403 392 393 380 389 406 408 423 438 440 433 426 420 414 412 411 415 414 399 389 393 383 349 324 331 351 365 374 380 386 388 388 383 369 346 354 374 379 376 379 379 368 370 383 396 399 398 389 375 372 376 394 409 411 396 389 380 385 389 383 373 361 349 339 349 365 374 375 365 348 334 315 320 325 327 332 350 352 376 340 343 374
408 408 409 396 353 388 407 400 400 401 397 375 387 397 396 403 411 405 413 432 438 438 435 430 417 424 424 424 419 409 400 397 387 358 323 312 344 364 365 363 373 385 388 388 375 346 357 377 383 378 372 373 365 366 383 388 392 393 384 363 360 372 397 415 419 401 385 373 380 387 384 377 363 355 344 352 363 371 377 377 373 365 346 334 326 327 337 331 333 350 358 347 346
407 408 408 403 377 378 404 391 364 381 385 379 390 393 399 405 398 392 409 431 436 437 437 435 432 433 430 428 424 419 413 405 394 385 359 360 365 368 363 356 354 367 386 387 384 362 351 380 385 378 365 360 348 348 369 376 384 386 375 351 350 374 396 413 422 406 394 383 376 384 382 375 361 355 346 354 366 369 378 379 378 377 371 358 328 320 324 328 336 356 343 339 341
407 407 407 388 355 359 390 402 386 367 364 356 371 383 387 390 395 401 415 425 428 428 432 435 434 434 430 430 427 423 414 412 404 398 389 385 382 374 372 368 360 347 370 374 371 360 363 381 385 377 350 344 323 336 356 359 370 377 375 364 352 369 390 412 422 415 402 384 370 376 382 378 364 353 355 359 355 363 377 378 378 378 374 357 328 313 319 329 339 333 332 335 336
404 404 399 360 354 372 393 400 393 382 370 362 366 367 385 395 405 403 401 405 410 412 413 419 420 423 426 430 428 424 420 414 406 399 387 377 378 374 374 374 367 359 349 340 350 369 382 385 380 369 340 335 307 318 343 346 355 368 372 369 357 360 395 408 420 420 405 384 356 361 375 378 373 367 360 344 338 359 374 377 377 376 375 370 355 327 321 327 324 324 330 333 335
398 395 397 390 387 393 400 402 400 395 389 377 375 379 388 399 402 402 396 386 382 386 383 368 377 392 412 424 429 426 420 411 403 394 383 369 372 367 370 373 368 350 330 322 355 374 383 385 381 370 352 340 309 320 337 341 347 358 366 367 361 369 393 409 420 419 403 380 346 352 370 376 374 369 361 343 328 354 371 375 376 375 374 373 368 352 340 321 311 315 326 332 339
393 392 394 396 397 395 395 391 390 392 376 354 361 365 369 372 386 384 373 363 365 362 354 340 335 336 383 415 427 428 415 401 389 385 376 367 365 367 370 371 365 341 302 312 349 369 381 386 385 379 363 351 324 326 338 346 352 354 360 360 362 383 395 412 422 421 408 390 361 356 367 372 372 367 361 340 310 344 364 371 374 374 373 372 370 367 359 327 310 320 335 339 339
388 391 390 386 380 390 387 376 380 383 380 371 367 374 380 371 364 364 367 366 366 374 366 363 352 341 366 407 424 426 420 410 392 377 364 358 354 359 366 367 363 352 340 332 336 355 373 383 385 382 374 363 345 333 331 347 356 360 361 359 368 385 400 412 421 423 414 398 368 358 365 370 370 365 353 336 316 335 353 364 370 372 372 371 369 367 362 333 328 337 341 342 340
387 380 378 374 365 364 367 362 375 377 379 375 376 378 381 380 380 373 352 360 370 375 377 380 377 378 389 409 425 426 418 408 396 380 360 362 356 352 359 362 362 358 350 325 325 333 357 381 385 382 375 364 349 333 333 348 358 364 367 366 366 385 399 412 422 424 420 406 381 359 362 367 367 364 354 343 330 316 325 349 364 368 368 370 367 362 362 349 333 343 342 340 337
380 373 367 352 361 369 361 350 363 368 376 380 373 373 376 378 382 380 376 380 380 385 384 386 392 394 405 417 425 423 420 409 393 378 374 377 365 354 354 358 357 355 350 339 325 333 363 378 381 378 371 356 343 331 338 350 359 367 372 373 374 381 390 405 416 423 422 410 396 378 362 360 359 361 360 354 346 317 326 343 356 363 361 368 363 348 352 355 337 343 334 332 330
370 360 367 354 359 373 376 374 372 368 373 381 377 361 360 375 382 388 392 395 398 398 398 399 401 400 406 421 425 423 424 420 409 398 394 385 373 362 348 352 351 349 345 336 324 347 367 375 374 368 358 339 329 331 341 346 363 371 376 378 380 378 379 393 405 416 423 414 404 387 364 352 348 353 359 360 354 339 324 347 354 361 366 365 358 343 333 349 353 344 329 323 322
369 360 363 361 357 374 379 379 378 375 376 379 368 374 375 382 385 392 395 387 387 396 400 400 405 405 408 408 416 417 423 422 417 410 404 395 381 363 348 350 347 341 331 327 331 354 364 367 363 355 344 334 335 337 336 343 358 375 381 382 382 375 366 372 389 399 422 416 404 388 367 346 355 363 365 364 360 345 330 349 357 361 364 362 355 343 322 338 348 346 331 314 309
374 364 366 367 360 376 380 380 381 380 378 372 369 367 381 384 391 395 390 376 399 409 411 407 407 405 402 390 390 405 420 423 420 415 409 402 389 373 358 354 349 337 324 326 339 352 353 345 328 310 322 334 340 344 344 348 354 377 385 386 381 371 357 350 372 393 417 418 406 390 366 342 361 369 370 368 365 354 334 347 359 362 361 358 354 344 326 337 345 349 343 335 312
373 369 371 374 375 378 380 380 380 377 375 372 361 363 373 381 391 397 397 399 409 413 414 413 401 399 394 389 404 408 421 423 421 417 412 405 394 378 366 357 345 340 338 340 347 348 337 322 316 311 325 338 344 348 351 354 348 378 388 388 382 371 357 359 379 397 416 420 409 392 372 352 364 371 373 373 371 363 346 352 359 358 356 352 349 346 336 342 343 351 349 339 318
378 374 374 377 374 373 377 373 377 371 366 375 374 372 382 381 387 398 399 402 406 410 411 417 417 405 390 394 413 416 422 424 421 419 414 402 393 382 372 360 347 349 355 359 360 350 331 317 322 327 332 340 347 352 355 357 353 378 390 391 386 377 370 377 388 405 418 423 411 398 382 362 362 372 376 377 376 369 354 359 356 350 343 339 340 341 343 349 351 353 353 335 328
387 384 381 367 373 379 377 371 372 370 368 381 385 389 397 393 391 392 390 393 398 404 411 417 420 420 413 408 415 413 419 424 423 420 415 397 384 379 370 363 362 368 375 374 365 349 326 324 327 332 338 343 349 354 358 360 360 376 389 392 390 383 376 381 393 413 422 423 412 401 387 368 356 370 377 380 378 375 369 362 352 342 326 318 310 329 339 348 356 360 354 352 341
390 390 390 386 382 385 381 370 366 365 366 387 398 403 406 404 401 389 385 387 391 401 406 407 414 415 420 417 414 422 423 424 423 420 417 408 381 381 361 357 373 384 386 379 365 339 321 326 327 338 345 349 353 356 357 363 365 378 389 394 395 389 384 395 409 424 426 419 410 400 389 376 348 367 379 382 380 377 372 358 350 341 318 288 299 325 337 347 358 365 358 345 342
391 392 392 393 391 389 381 369 357 359 367 387 397 403 406 407 406 401 396 398 398 401 408 409 406 407 419 420 421 422 423 423 422 421 416 412 402 383 378 371 382 392 390 377 357 335 332 338 338 350 351 344 355 360 360 368 365 377 385 392 397 395 387 401 418 426 427 419 411 398 384 377 357 362 381 384 383 380 375 368 348 336 317 283 302 329 342 351 362 367 353 339 331
389 391 391 392 392 389 386 379 375 377 380 377 379 389 403 406 406 406 404 403 405 409 409 407 409 411 416 419 421 420 422 420 416 415 417 415 409 398 393 393 397 398 388 372 346 339 334 350 357 359 357 359 361 368 372 373 373 378 376 387 397 400 388 392 421 427 426 422 415 403 389 379 359 369 381 385 385 382 378 372 357 334 328 300 313 334 344 355 367 367 345 334 336
386 388 389 388 390 390 388 382 380 385 388 381 372 382 399 403 405 406 407 408 408 408 398 393 402 408 411 416 419 417 414 408 408 402 409 415 413 409 405 404 402 397 383 351 332 361 353 365 367 370 371 371 371 374 378 379 381 384 387 392 398 404 397 409 423 428 427 424 417 408 399 383 358 361 380 386 387 384 381 374 355 324 301 309 321 336 349 357 368 369 361 360 349
384 385 386 387 388 389 389 387 387 387 393 396 393 386 398 402 404 405 406 405 404 401 391 386 390 396 403 411 416 404 399 386 401 399 396 403 412 410 406 397 396 390 375 341 336 369 373 374 375 377 379 381 380 381 383 384 386 390 393 397 402 407 408 418 425 428 427 427 420 414 406 394 373 363 369 380 389 387 383 376 361 337 319 311 320 339 354 365 375 379 375 353 334
381 382 382 383 386 388 389 389 390 393 392 396 399 400 402 403 404 405 405 404 401 398 389 380 377 383 398 406 412 396 392 391 396 391 403 410 410 406 399 391 388 382 367 338 350 374 381 382 384 386 387 389 389 388 388 383 383 392 394 393 395 405 411 416 421 426 428 428 423 418 412 402 388 384 376 366 389 390 385 378 365 347 341 310 312 317 339 355 371 385 381 359 335
375 379 378 379 384 385 385 381 380 386 389 392 395 398 400 402 403 404 405 406 401 402 396 384 371 383 403 411 416 412 406 394 390 390 398 407 408 400 388 374 366 369 354 332 362 380 387 390 391 394 395 395 395 394 389 382 383 394 394 384 388 401 407 406 418 425 428 428 426 420 415 409 401 396 382 374 384 393 387 382 376 368 345 328 301 324 340 357 369 387 382 363 343
372 376 379 380 381 380 379 379 378 373 374 375 377 382 387 385 389 402 404 405 405 405 403 400 395 392 398 409 415 415 411 403 392 394 399 401 400 393 354 332 324 347 354 360 376 387 393 395 396 399 400 401 398 394 388 381 388 395 396 393 393 395 395 388 412 421 425 428 428 423 418 413 409 404 397 394 397 397 390 384 377 370 358 333 312 327 339 360 375 388 391 375 354
373 376 377 377 375 375 373 371 375 373 366 363 359 357 352 353 376 391 397 398 400 403 403 402 400 392 389 401 412 415 410 398 394 387 385 392 388 380 372 347 343 354 361 374 384 389 387 376 384 401 404 403 399 389 378 373 387 397 401 399 397 394 395 399 411 418 423 427 428 424 421 418 414 411 406 405 403 398 392 386 380 374 364 336 305 322 344 360 376 389 396 382 366
372 371 368 371 367 363 361 366 370 369 365 359 354 348 352 357 362 364 365 373 384 393 400 400 401 401 401 405 409 410 409 401 401 398 393 391 388 385 378 377 377 373 377 385 391 383 373 377 393 405 407 404 397 379 366 372 389 398 402 400 397 393 395 395 403 412 418 422 425 426 422 419 416 414 411 407 404 400 395 390 384 377 368 357 333 327 352 366 379 391 399 390 377
370 366 357 361 359 356 351 346 355 358 348 348 346 321 342 349 341 341 343 356 362 371 384 392 405 404 398 396 399 401 401 406 409 407 403 400 401 389 390 393 394 387 383 393 398 396 394 399 405 410 406 400 391 379 372 381 392 399 403 398 392 394 397 397 396 403 408 405 404 420 418 407 408 409 407 403 400 394 397 393 388 382 375 366 357 345 348 350 362 382 398 397 381
367 360 349 358 359 356 351 346 359 358 344 332 344 343 327 351 347 333 336 354 358 362 368 379 403 404 399 389 389 404 411 413 415 414 411 408 409 409 400 397 405 405 396 396 405 407 409 411 412 409 401 393 383 375 377 382 393 402 403 396 393 397 401 401 399 399 393 391 407 418 422 410 405 404 400 397 394 393 395 395 392 387 381 375 370 365 359 348 346 363 390 402 391
364 356 357 361 361 356 355 337 345 364 358 355 354 348 357 357 350 357 363 362 371 378 367 382 391 392 391 388 389 405 416 420 421 421 420 421 421 420 420 411 407 414 416 411 410 412 415 416 415 408 394 378 371 370 380 387 396 404 404 397 395 401 405 406 403 399 389 395 407 416 424 421 414 401 384 377 381 386 391 394 393 390 385 380 376 370 367 364 358 363 392 400 394
360 363 361 359 362 354 358 352 340 359 369 367 364 360 364 357 357 364 369 377 382 385 381 374 368 364 368 383 394 402 411 416 421 424 425 426 426 425 426 425 424 421 423 424 423 417 419 417 414 406 385 356 351 365 378 390 399 405 407 403 401 407 409 409 407 403 396 383 392 408 422 424 419 409 394 367 355 365 382 391 394 392 388 384 380 372 371 374 379 388 398 403 396
356 359 362 360 361 362 350 344 344 363 370 370 369 367 363 360 363 373 375 371 380 380 379 381 374 374 365 368 379 388 402 410 415 420 424 426 426 425 426 427 427 426 426 425 424 422 420 409 410 406 396 377 363 358 375 393 403 408 408 407 407 409 411 412 410 406 403 399 406 414 421 424 422 413 402 387 368 373 381 388 395 396 393 390 387 380 374 383 390 397 406 401 382
351 355 358 359 359 359 355 345 360 366 368 369 369 362 365 370 366 371 379 379 374 382 388 392 388 386 383 378 374 376 385 399 404 407 409 423 426 426 426 426 426 426 426 425 424 423 419 399 415 410 402 383 362 378 375 400 408 412 410 407 406 408 410 412 412 411 409 410 413 417 421 424 423 418 412 403 396 395 392 391 393 399 396 395 393 387 378 390 396 404 405 393 373
345 350 354 357 355 351 353 357 361 362 364 365 366 366 367 370 374 376 379 379 381 375 378 395 395 370 385 389 390 381 385 393 403 409 411 417 422 423 422 425 426 426 425 425 425 425 424 421 419 415 408 391 380 385 397 409 414 413 409 404 400 402 407 411 413 414 414 415 416 418 419 421 422 422 418 413 408 402 394 398 402 399 395 399 396 390 382 389 392 394 404 390 379
340 345 350 354 329 331 326 319 337 345 349 353 354 355 356 362 368 373 378 378 382 379 382 391 395 390 384 389 399 401 387 395 387 403 405 405 413 403 404 421 425 425 420 421 425 425 425 425 422 419 413 402 385 397 407 412 416 413 406 400 391 383 398 408 411 413 413 413 413 413 413 414 415 418 421 419 416 410 396 397 405 404 402 403 397 390 389 384 382 379 395 407 395
336 341 346 345 325 314 298 287 276 294 306 309 320 313 336 349 356 364 369 370 368 374 382 388 391 393 394 399 405 408 391 387 380 381 389 377 391 391 398 414 421 423 421 419 424 425 425 426 423 419 418 412 389 405 414 417 418 412 403 392 381 384 393 405 409 411 410 409 407 405 404 399 398 404 414 417 422 418 412 404 408 412 410 408 405 401 397 390 392 387 398 406 409
335 343 338 311 316 317 294 281 268 259 254 251 259 281 302 296 320 322 334 341 347 362 375 380 383 390 393 399 406 408 402 388 394 391 399 399 385 385 385 406 415 419 420 416 419 422 425 426 424 417 421 420 413 417 421 421 420 414 400 381 370 383 389 401 406 410 408 403 400 397 385 372 386 396 402 410 415 421 420 418 411 416 416 414 411 408 403 393 394 402 405 408 411
316 318 314 296 296 301 293 279 264 254 260 260 262 269 274 277 289 305 307 321 332 350 367 376 379 385 389 393 399 404 406 401 401 405 408 409 401 378 389 400 407 412 414 410 411 418 422 425 425 420 420 424 423 424 424 423 421 417 405 394 380 379 393 394 408 411 410 407 404 405 400 396 392 399 407 414 416 422 414 416 420 420 421 420 414 413 407 403 398 403 410 414 411
332 321 314 299 301 290 277 261 270 257 257 257 252 255 253 255 270 295 302 321 336 348 363 368 373 380 387 390 395 400 406 408 405 407 409 412 412 401 398 396 379 400 406 403 393 407 416 422 424 422 417 415 423 424 425 424 423 417 411 403 389 380 397 403 407 412 413 413 412 411 411 410 409 412 416 419 420 416 409 406 411 416 415 415 413 417 418 417 410 406 409 408 408
